8.946882663356419130e+01
9.388683106264990386e+01
8.057610608639117800e+01
1.545535613710241307e+02
1.307410403155496113e+02
9.328925548208979990e+01
1.611799294159086173e+02
1.645663366677041211e+02
7.520258456268189207e+01
6.683514619783775856e+01
1.228590957238061918e+02
1.006866035329753117e+02
7.271790183098985949e+01
1.266780503548132657e+02
1.256693409441595861e+02
1.557550634395110194e+02
6.643398483166555479e+01
1.151929135591674225e+02
1.195845760044442017e+02
1.784222961397166500e+02
6.315238763493946550e+01
1.086363589177093729e+02
8.537871877890019334e+01
6.284519222628998136e+01
1.098565903017070440e+02
1.067757290314663692e+02
1.157417626583443422e+02
1.587778033001690119e+02
1.045955197007549060e+02
1.141450861372051548e+02
1.578014099367950962e+02
1.279710451704406182e+02
1.029739828946198088e+02
1.019620070108299217e+02
1.299002275410286700e+02
1.448619778951531032e+02
1.035516402343664737e+02
7.569609331558115173e+01
5.681962030403342823e+01
9.904443909760229303e+01
9.539473922085888091e+01
1.007673258376242558e+02
1.034069611333768677e+02
1.599298130538472833e+02
8.565926663204119507e+01
8.950536443638924311e+01
1.409121854054944549e+02
7.343324261734171898e+01
8.192106941736562931e+01
1.169971641918958767e+02
9.823585441262220286e+01
3.611249504834805890e+01
6.346799687748385566e+01
6.089342537461751448e+01
6.510510795272497830e+01
7.170869453467302890e+01
9.138489772828505409e+01
9.306200955886089332e+01
9.800361092810211971e+01
1.914429310981222159e+02
1.297222463664598990e+02
1.070324940995376579e+02
1.361266982392390901e+02
1.385115701245140656e+02
9.625022144078238284e+01
1.018945881036497099e+02
1.626772935955911805e+02
6.193804398556115842e+01
1.103170557948071604e+02
1.049145891815840201e+02
1.140345053651739704e+02
1.281837838295680854e+02
1.157027822815596210e+02
2.293708523334847484e+02
1.585423271592140679e+02
2.040784118702679848e+02
1.409310319192959753e+02
1.465807437633682753e+02
9.889512900955644170e+01
1.937257524471491479e+02
1.323183578288254409e+02
1.186571923996059894e+02
1.537445729537435000e+02
1.619614230986874475e+02
1.157002946408480000e+02
9.620013891905888670e+01
1.012675372128297795e+02
1.132189902394677290e+02
1.031882814703385378e+02
2.140511462888969447e+02
1.495172154991453510e+02
1.588856002581536302e+02
8.099141632977686811e+01
1.459667325431179847e+02
1.511807638712461141e+02
1.032212789139808677e+02
1.745610430857739743e+02
1.246830479839966017e+02
1.356606951009885620e+02
7.461801954389254377e+01
1.500697843109585961e+02
1.058965409121038874e+02
5.056973191901342091e+01
5.381653794040649075e+01
6.179574365638604405e+01
5.829664742362056984e+01
1.219310910929745830e+02
1.066731523258318219e+02
7.350249659937608726e+01
9.146593003618524165e+01
1.424611702776713855e+02
1.304125645257695965e+02
8.067474295678945850e+01
1.469555411617943150e+02
1.492656614706925211e+02
1.032206958071396912e+02
1.611102948473730407e+02
1.139273722634660544e+02
1.245973142195679912e+02
7.369371282528908296e+01
8.849033465714687452e+01
8.738686130910329553e+01
1.834697034444766643e+02
1.603101656744748880e+02
8.559068397880569989e+01
1.584685647905698431e+02
1.546041372170224690e+02
1.436152137229574066e+02
1.337106902265868200e+02
7.581989181184836468e+01
1.398525724356101705e+02
1.499657741374751652e+02
1.057783849387589754e+02
7.940273627656630140e+01
8.201630041130340487e+01
1.685424819648399364e+02
1.440586951656776762e+02
7.795187353659599694e+01
1.395623809997471483e+02
1.314581835494459199e+02
9.553239266797034190e+01
1.472840529478962992e+02
1.347657355975332507e+02
1.279856921907399396e+02
7.203209395624516276e+01
1.357697370447639287e+02
7.762491472841118423e+01
1.520846043897872448e+02
1.249792942687790855e+02
6.865189126183190638e+01
1.245442562970292215e+02
1.377926449545494165e+02
1.050357399177869269e+02
8.770484947303638990e+01
1.312888545814080601e+02
1.127997378118855778e+02
1.090985235372684770e+02
1.339115556273544030e+02
1.028477863187649604e+02
5.746868448551364139e+01
1.060938236358686879e+02
1.177625466778651173e+02
7.900713868940013640e+01
6.838192226497220361e+01
9.116969532765109818e+01
3.607085538193439334e+01
6.819065740354056970e+01
7.597065794123207638e+01
5.253021907302563420e+01
7.447570745518686408e+01
7.793119594023058028e+01
6.341773219083439272e+01
1.299198289568048779e+02
9.242477913143707724e+01
1.312311699692912441e+02
1.186308981460502139e+02
1.132002119796918436e+02
8.049281618986161391e+01
1.106804900570172521e+02
5.122046774045300310e+01
3.700374755386727088e+01
4.929289506031440737e+01
5.155167398306603133e+01
6.858580826110285500e+01
8.426884563617586821e+01
8.542486749491573050e+01
9.067752453582035344e+01
5.816748006600253973e+01
8.239464035737597669e+01
9.758724945872042156e+01
1.044853180125976735e+02
8.859958777306208333e+01
1.234096809710191707e+02
5.798939880596980601e+01
1.283412235136193829e+02
1.651728424543845222e+02
8.864435803433090655e+01
1.000716586649917019e+02
1.292615345983299164e+02
1.431975787181226565e+02
8.749625915661522413e+01
8.021576943579178476e+01
1.228005611657445684e+02
9.047557264671603150e+01
1.168202556963519640e+02
8.744868990406199316e+01
1.628273036311132955e+02
1.409224604912513996e+02
1.284667418727866846e+02
1.534829221407502189e+02
1.251106164722621372e+02
1.038942474378522007e+02
1.439058637923646415e+02
1.352712362649974978e+02
1.256313757022084019e+02
1.290214610606937526e+02
9.944779911904844028e+01
7.116531709439821896e+01
1.326240941318722548e+02
1.547794617652814395e+02
1.175591855352166135e+02
1.230763621246901778e+02
8.347731142824794404e+01
1.166009302006189472e+02
1.627427196436179315e+02
1.604141383627187452e+02
1.904126820295565210e+02
1.478356744862774121e+02
1.521035358752389186e+02
1.141377304678916715e+02
1.285643026837673517e+02
1.189707596075934788e+02
1.016191291053926875e+02
1.562330460659353548e+02
1.775280412210993291e+02
1.782326065003778126e+02
1.267724305155225721e+02
1.404874064296059828e+02
1.259093449144579893e+02
9.351937166578768768e+01
1.467878649099932602e+02
5.591304697279989711e+01
1.544110503975590518e+02
1.657879660590558046e+02
1.689377029681420197e+02
1.442851322309726925e+02
1.243387092623215011e+02
1.373232971406137324e+02
1.819828186385092579e+02
9.280783165511046207e+01
9.044026453262129905e+01
1.682922396539149190e+02
1.952590352738237698e+02
1.971709534488553288e+02
1.689350937996190680e+02
1.523119481584324149e+02
1.668610342152831834e+02
1.611318819181053072e+02
1.666857680749772044e+02
1.413869124130461330e+02
1.630094836136688343e+02
7.680880576876261046e+01
8.204296781584625364e+01
1.951130032246596215e+02
1.790352651371758839e+02
1.925792709373811249e+02
1.725365931045859895e+02
1.745770747304985377e+02
1.259081696492763029e+02
1.427305290521219376e+02
2.001717696818687955e+02
1.221666318501047357e+02
8.057771082063871404e+01
1.145651307101593943e+02
5.472204143448563940e+01
8.426884563617586821e+01
8.884074605940644176e+01
8.339878922851985976e+01
9.200933791665657679e+01
1.035795686144758037e+02
9.909605136536332282e+01
1.018909115940341223e+02
9.316329410277002410e+01
5.249001080303683153e+01
9.012615838330438578e+01
8.979440609252733907e+01
1.044356996170073870e+02
1.019227676366584490e+02
6.323026402684624969e+01
8.874298073411314647e+01
1.078980234075363569e+02
1.132154797280691128e+02
8.021326787944278180e+01
1.331228130155767531e+02
9.010614047103648261e+01
1.171168058274530921e+02
1.078000362687298122e+02
1.152382559836522233e+02
8.580724042752144953e+01
1.494497452556668975e+02
1.195988512409452369e+02
8.968361344311654193e+01
1.169992592799192153e+02
9.078833276513203998e+01
1.672961548686724313e+02
1.378442505994156875e+02
7.203191629041866406e+01
8.920574207796242661e+01
1.179530412337482517e+02
9.409830324785785649e+01
1.806038633545123560e+02
1.543962546381756340e+02
8.706356498965476476e+01
1.192324317390066852e+02
1.183069119382100638e+02
9.606096724012695631e+01
1.893274880836941918e+02
1.663989582318270095e+02
9.949687147852250746e+01
1.456466102978830008e+02
1.229484660588048115e+02
9.974538368879538552e+01
1.189920586550829711e+02
9.808864581233564195e+01
1.978776994384623720e+02
1.790157409929884977e+02
1.128959468646658877e+02
1.760902627243301026e+02
1.416089904521651590e+02
1.243801644358203760e+02
1.173247640675787125e+02
9.657741305882491645e+01
1.942143290758808973e+02
1.740168244094440411e+02
1.108334827632005499e+02
1.734856613184482796e+02
1.164480894707744625e+02
9.595382120766161904e+01
1.930963186150825095e+02
1.726929791767775555e+02
1.115254140901248832e+02
1.768069674970843437e+02
1.361890168616949097e+02
1.091356906825731556e+02
6.301350881155232031e+01
1.168452183388916694e+02
9.693880313130914317e+01
1.970935336498677941e+02
1.787477683341778345e+02
1.184511072367343729e+02
1.938763996237796903e+02
1.794070984101960562e+02
1.626955531916507880e+02
1.391022646845926829e+02
8.808634335993228603e+01
1.417795351261859480e+02
1.208116214487218940e+02
1.165462530586430034e+02
9.687081437834416420e+01
1.974148873619242579e+02
1.794416593878661388e+02
1.203727773081240144e+02
1.998408333835971860e+02
1.525380116550195453e+02
9.986212221222739061e+01
1.625694410169577395e+02
8.815201055795512275e+01
1.057782712962935960e+02
1.162062412372280704e+02
9.667602634589268007e+01
1.971882816217049310e+02
1.793013181399091991e+02
1.213106710028614259e+02
2.034203472325375230e+02
1.816322288091972723e+02
1.630663025635049905e+02
1.098692548939816902e+02
1.822086389903663246e+02
1.362599390850079715e+02
5.411685772598804789e+01
8.813240733073271826e+01
1.057882748555012569e+02
1.163432913214009830e+02
9.707654592407996574e+01
1.988460133597882589e+02
1.818392781781535916e+02
1.244923778070184142e+02
2.119124636084706594e+02
1.827006404140028337e+02
1.279012730750338562e+02
2.207150951267189214e+02
1.702699188858718458e+02
7.045716789239335753e+01
8.808796769975639052e+01
1.057071914250987561e+02
1.162598061446351494e+02
9.713883775108610052e+01
1.993197352060586240e+02
1.826528424966134310e+02
1.259734775982172152e+02
2.164345337017428790e+02
1.959865677931302343e+02
1.409850172066865923e+02
2.497508333809666965e+02
1.963388388870810672e+02
8.352063508894605093e+01
9.495048969085215163e+01
1.052944197522864442e+02
9.081926772513396884e+01
1.856991579371318721e+02
1.699368129168776420e+02
1.195450705465077448e+02
2.080550684472357545e+02
2.049705179115888711e+02
1.413178747803003432e+02
2.513122793414078160e+02
1.975459431430174675e+02
8.401899581284914120e+01
8.536211242949626410e+01
7.910537411994438628e+01
1.618944323489862995e+02
1.491497652909778822e+02
1.083429256717199110e+02
1.926466548814390478e+02
1.929696005333289293e+02
1.951465177042248342e+02
2.508216891774713702e+02
1.977427087091781743e+02
8.426867190386455775e+01
1.153038373831728194e+02
1.251937467065246778e+02
9.491110863364775696e+01
1.734063811909407207e+02
1.774021710207535136e+02
1.838079226805525082e+02
1.830833153750560598e+02
1.973619671318777193e+02
8.440512422465323539e+01
1.156437417457672723e+02
1.145770236975533152e+02
1.012027078015447472e+02
8.074801648673454224e+01
1.518933449327698213e+02
1.590237880795379226e+02
1.696764837370284909e+02
1.738676750015660559e+02
1.337116109450118699e+02
8.443554146408229144e+01
1.159520335942842877e+02
6.446911766219741935e+01
5.923716154363206954e+01
1.194315151206568544e+02
1.313646965232901209e+02
1.473070962709967091e+02
1.577632452114869750e+02
1.259081696492763029e+02
2.374857716671495780e+02
1.157500509762205212e+02
1.218158877751875764e+02
1.382397116422880856e+02
1.518083075926413983e+02
1.244525252359816392e+02
2.378650975869147715e+02
1.938097618401735076e+02
1.154659565478830672e+02
1.154837078267361505e+02
1.096532945530072993e+02
1.251732756453917403e+02
1.417470795200574116e+02
1.205027082694392249e+02
2.348919400968275397e+02
1.932510015521670823e+02
8.513458540351010129e+01
7.100935596030126362e+01
9.169442592470856823e+01
1.143088184336406385e+02
1.052382213832351852e+02
2.160977119937463158e+02
1.842419044102995542e+02
8.343420530204240038e+01
1.174641635253066880e+02
7.995188892822341131e+01
1.023779749204970102e+02
9.935098568069261660e+01
2.087346276653041741e+02
1.808274380158811709e+02
8.360807383578803353e+01
1.188215303687432680e+02
1.167465022895310796e+02
1.962152842382641325e+02
1.734763262869942650e+02
8.296230534255798261e+01
1.199729827841707817e+02
1.175473311928879525e+02
8.748157861849328754e+01
1.768854925690744437e+02
1.595999171365813822e+02
8.057771082063871404e+01
1.203457134366041288e+02
1.181799095881299877e+02
8.257970444745588168e+01
1.359151522293171297e+02
7.479033566642954156e+01
1.185648330507734869e+02
1.181601025430508258e+02
1.495286920648790385e+02
5.987938635183620306e+01
1.084786606493864696e+02
1.149162558922753874e+02
5.671099572800878263e+01
9.021531871358638455e+01
1.122124419687585970e+02
1.169211512419735897e+02
1.158781786579226463e+02
1.159891338618236460e+02
8.364130184004012847e+01
5.472204143448563940e+01
