8.883198350910787155e+01
1.098201273195791003e+02
1.370428105607312830e+02
1.489714294863513828e+02
1.852858044039768686e+02
2.028379492661995585e+02
2.168841167903190410e+02
2.650725624169407979e+02
9.378828949225284362e+01
1.174730363298121318e+02
1.305128123374159941e+02
1.673718696997290181e+02
1.865542415439036290e+02
1.940878936214124053e+02
2.142056572130730672e+02
2.751527161573475837e+02
1.635969196689840999e+02
1.822766558008835318e+02
2.299465563475481247e+02
2.161997457485409484e+02
2.199975491633446154e+02
9.054104034101372633e+01
1.003913848507326065e+02
1.329501404746629021e+02
1.504713759971077423e+02
1.598726992940532909e+02
1.819589233389792469e+02
2.021310750340246898e+02
2.177533738537729562e+02
1.786327302870634810e+02
2.004942108603409849e+02
2.191472429825014672e+02
2.162529828630919724e+02
2.079980540547057046e+02
1.460345129024570952e+02
1.656997073433861374e+02
2.218655802349083501e+02
1.954034352681038911e+02
2.078920461288129502e+02
7.709669691767302879e+01
1.075760575393370715e+02
1.256853526629004278e+02
1.381243339069436615e+02
1.598180349774009699e+02
1.536723382720606139e+02
2.218924896643113414e+02
1.891593587330619357e+02
1.577242316251449665e+02
2.285153369554075766e+02
1.955865841145875095e+02
2.023904786724446012e+02
2.407941260081753398e+02
1.604515529821238147e+02
1.792272413469790138e+02
2.043660618914979068e+02
2.070006582503879997e+02
2.035898552386803146e+02
1.060353766158539059e+02
1.226939416607461908e+02
1.384975946920105514e+02
1.608131905883716115e+02
1.536955278917744181e+02
2.196706486827753793e+02
2.145332462110986285e+02
1.993673760721223971e+02
2.243691220322275228e+02
1.798885375225725340e+02
2.005686940050867122e+02
2.092036910388804074e+02
1.988428158174485247e+02
1.965587003653429576e+02
1.842416087512451099e+02
1.968047629737014006e+02
2.316424208186990654e+02
1.343091897197610081e+02
1.995323313052508354e+02
1.774411465103332830e+02
1.898463908793449377e+02
2.312057030877696775e+02
9.182141521429032593e+01
1.093155194388424007e+02
1.296580334137736088e+02
1.232249144894671105e+02
1.777676233491036442e+02
1.922258500484688568e+02
1.557996299126843383e+02
1.777630114006329620e+02
1.627242333675801547e+02
1.758972908510982904e+02
1.812618451332084248e+02
1.910818563578748979e+02
1.869726376195805813e+02
1.536324905624515509e+02
1.777509701473654502e+02
1.902439385009805903e+02
1.584700537563160196e+02
1.637657071082428786e+02
1.581995267014922320e+02
1.744425256789472201e+02
2.106738244998935556e+02
8.164792604161210932e+01
1.001073014533702263e+02
1.474392109778773090e+02
1.647158205952690366e+02
1.377259667261293998e+02
1.503076030373997867e+02
1.589197014656535032e+02
1.917809826354056213e+02
1.672946623647908098e+02
1.937152450104337333e+02
2.340440771127465212e+02
1.440366674738709207e+02
1.740241637849630649e+02
1.775954215574901411e+02
1.772944764062235947e+02
1.374648453842139304e+02
1.496769569175902177e+02
1.585085728366778426e+02
1.707962362972529604e+02
1.309954632418966867e+02
1.550793550353375281e+02
1.680807969569995635e+02
1.077333672931198123e+02
9.463861122051666541e+01
1.358449609819084856e+02
1.541702585737394315e+02
1.288042080973457644e+02
1.252251986988503631e+02
1.533714951668391109e+02
1.568408816634799905e+02
1.516939014454013943e+02
1.659266548146569278e+02
1.718208120670258552e+02
2.222891369788848976e+02
1.652648081761847436e+02
1.468763148335548294e+02
1.714742481662009084e+02
2.107409753886062447e+02
1.184552729573096315e+02
1.465431619253105850e+02
1.509537512922586870e+02
1.537560281375219233e+02
1.173858015641400101e+02
1.275515520226022801e+02
1.381359697074561836e+02
1.505312317561174780e+02
7.810712575285607784e+01
1.107428391517203323e+02
1.313108314856926029e+02
1.108574938234250311e+02
1.074064012617271544e+02
1.396965808140608374e+02
1.252086292127510916e+02
1.447146031937298858e+02
1.455163558927990550e+02
1.705194556895094706e+02
1.637940424420445424e+02
1.377454386400365252e+02
1.497674270773571834e+02
1.566868516228713304e+02
2.047686818999212051e+02
1.472430423956578522e+02
1.327252293694332934e+02
1.532904318714346630e+02
1.891862399319534234e+02
1.097041116569033790e+02
1.380804146554479246e+02
1.416859284118648645e+02
1.450053635833445469e+02
1.027119962647277163e+02
1.322510455678887809e+02
1.149508348329866720e+02
1.110176704143959512e+02
1.461602426292004111e+02
1.324247815043261483e+02
1.425003927669493464e+02
1.497155853101830303e+02
1.632806525940825679e+02
1.575206069951182712e+02
2.288495472204903649e+02
1.580915851982330480e+02
1.546699014788849240e+02
1.527496922621622275e+02
1.286172542084810004e+02
1.496286312604881346e+02
1.460397212076896949e+02
1.211817554206710099e+02
1.313950480625531156e+02
1.393096742956571745e+02
1.837638187064945328e+02
1.302093056955890233e+02
1.212756063906375346e+02
1.407326897698962398e+02
1.758969140052301441e+02
9.795634648438793590e+01
9.128765485696483495e+01
8.968964122327402322e+01
1.210917858512279253e+02
1.126677887999208281e+02
1.154309689497653864e+02
1.324755440283766745e+02
1.309275368962635469e+02
1.562988306956447957e+02
1.576694933989979290e+02
2.285015365630985400e+02
1.530828655813960779e+02
1.483638117479785024e+02
2.153456168529314709e+02
1.485680632614408694e+02
1.477962393515232975e+02
1.464494352470668730e+02
1.282597819309400222e+02
1.468771809663255965e+02
1.459638617553123652e+02
1.228734550025413625e+02
1.334990454663855530e+02
1.440869591401012713e+02
1.925870655150297637e+02
1.021400183886654673e+02
9.778747247274027643e+01
1.340890238444342799e+02
1.287076722790448855e+02
1.338963131243495752e+02
1.517775541861182944e+02
1.547736132199058545e+02
1.557601415284854340e+02
1.442989865491527155e+02
1.529064599413997882e+02
1.420840304674877359e+02
1.440800309249776490e+02
2.119608061449903573e+02
1.404374086521441143e+02
1.375844467310602965e+02
2.005440398657522962e+02
1.338265705765309690e+02
1.375201702925213851e+02
1.388216329821912609e+02
1.198619978059409306e+02
1.362505370752618035e+02
1.403745845975017232e+02
8.178184341339050434e+01
1.078059713086979485e+02
1.064168468263647185e+02
1.118393167375788408e+02
1.232715586439583859e+02
1.287162775350689117e+02
1.274569926501610979e+02
1.868261468953503766e+02
1.424763467066134410e+02
2.324450641215836413e+02
1.248808983672736588e+02
1.331572351170465822e+02
1.239099522041713470e+02
1.267770377370862747e+02
1.901043097057524278e+02
1.195925003679026730e+02
1.192409206855831201e+02
1.755946168568618191e+02
1.043107540543120564e+02
1.103751470504919752e+02
1.125966592701897326e+02
8.357793607209121944e+01
8.478828995916046551e+01
9.000956237159488182e+01
9.347147843518705201e+01
9.896437484890539338e+01
9.833243686504411585e+01
9.957679177767536771e+01
1.492025183865184488e+02
1.215770779203057970e+02
2.278213936774538126e+02
1.216121162544981757e+02
1.997460578557823396e+02
1.072791549820368715e+02
1.151223162921083087e+02
9.895233365175442941e+01
1.015238660284395138e+02
1.542439751687328169e+02
9.126676383046623187e+01
9.093695937202389246e+01
1.310889056431243489e+02
6.987154329900772609e+01
7.891565437421949980e+01
7.915825140715521968e+01
8.686612996620416993e+01
8.710560945050403348e+01
8.600058643145817427e+01
9.096903154664191504e+01
1.557379266766358228e+02
2.987595133481257790e+02
1.073881831979577157e+02
2.052889645006351884e+02
1.067529104414587380e+02
1.765014038350554415e+02
8.780699583154404309e+01
9.369881090157247172e+01
8.551683861329944136e+01
8.832920933659363527e+01
1.355653808709647876e+02
7.154005337485129701e+01
6.958955959202118891e+01
8.207686322533908196e+01
8.460850192475160725e+01
8.533760834296843711e+01
9.260770598274245913e+01
1.524334010477369930e+02
9.104169290072034926e+01
2.504928335209389729e+02
8.617483051677389483e+01
1.684489709554512444e+02
8.072939829746330531e+01
1.333243795041487658e+02
7.162934800206211605e+01
7.705998648972517628e+01
4.906446727696447141e+01
6.106881060281633467e+01
6.301103618831851350e+01
6.379306625982826517e+01
6.836544866280982546e+01
6.679478781477594396e+01
1.320928766231468785e+02
7.783452143852268534e+01
1.999021463909321028e+02
6.898440858626220518e+01
1.378720732997367975e+02
6.476024361105686467e+01
1.057121792625700323e+02
5.378359759592920852e+01
5.710787995584136922e+01
5.935137489286578472e+01
6.269900046404279692e+01
6.160018647841184247e+01
1.658178077866544413e+02
7.140291735810188811e+01
7.006197842571752687e+01
1.814515752883922346e+02
6.802456879774015874e+01
1.370770410148537621e+02
6.348556963908532680e+01
6.946022538591367379e+01
7.244901288278782658e+01
7.169720638614040809e+01
1.919408441661373672e+02
7.172474568538183348e+01
5.866809476670317736e+01
1.509338762806381453e+02
4.349885610764341948e+01
4.549277703678283302e+01
4.694251466799748584e+01
1.274911548636575560e+02
4.983096007630653190e+01
7.451589922166301960e+01
4.469722938633069020e+01
4.204880533412814003e+01
4.125837786231497972e+01
1.042540793653164570e+02
4.176237135250048738e+01
6.238703760312494495e+01
4.038704842961526964e+01
8.812869250175251068e+01
3.597671834980167205e+01
5.269548535663521704e+01
8.011520068785117132e+01
3.397584971861293468e+01
4.863547145779740788e+01
2.372920668467473604e+01
3.277926353446105878e+01
5.809306416489846470e+01
1.085261508074577819e+02
1.018312406710843732e+02
1.010634157226213290e+02
1.147140899147898949e+02
1.490762027987670990e+02
1.009445006539063456e+02
1.504673053115597270e+02
1.072127195228540586e+02
1.424359965803132582e+02
1.119627138028372002e+02
1.804048374746321599e+02
1.847919923757802394e+02
1.423893534878731089e+02
9.710653172476831685e+01
1.819245775928021942e+02
1.923758583797336428e+02
1.446067699375942937e+02
1.157153660933467876e+02
1.752451039017715857e+02
1.860274263646464590e+02
1.430514730296850701e+02
9.623981113876659776e+01
1.971945825935075334e+02
2.114832701370362713e+02
1.668397896593407950e+02
1.652102423836078913e+02
1.284241371427794149e+02
1.139171041791600629e+02
1.998608563845006927e+02
2.025277895283616090e+02
1.609993802941069134e+02
1.771298066674490030e+02
1.326855715642412576e+02
1.056419109634468612e+02
1.934360403595506170e+02
2.013114041274785109e+02
1.714994291821947741e+02
1.572335293008427186e+02
1.444167255410802113e+02
9.702824858313682910e+01
2.194260076647300366e+02
2.276139682345539939e+02
2.194645734155214996e+02
1.943173030279909028e+02
1.922941488452050010e+02
1.652413542798922776e+02
1.924265424455037987e+02
1.285762008064959332e+02
8.338636986894199765e+01
2.251043347497960383e+02
2.196462603323927283e+02
2.350887867099482946e+02
1.989439834301536223e+02
2.058344162253579270e+02
1.626537858079158525e+02
1.781273285067733241e+02
1.055203639217057940e+02
8.764151634191966878e+01
2.237011642945681444e+02
2.336143620140823316e+02
2.103391603494991102e+02
1.873874315946584090e+02
2.202703725701326505e+02
1.416698535347914287e+02
1.362210268422587660e+02
1.064429644732063878e+02
6.917388409852073039e+01
2.490565543592354629e+02
2.533356307585088132e+02
2.457730406715390927e+02
2.149454702986818120e+02
2.333758565116111754e+02
2.648754089914944529e+02
1.799084238881796978e+02
1.854443895174564716e+02
1.291331897608548900e+02
1.248344333565753885e+02
1.052397011914919602e+02
6.955890037210859589e+01
2.403821786315414499e+02
2.601292357329085689e+02
2.646442259971473163e+02
2.046518630334860234e+02
2.292871871795986181e+02
2.443045734403504810e+02
1.645829941281168374e+02
1.525590939687888010e+02
1.190067358922831033e+02
1.394417596529596324e+02
9.134020092239390465e+01
6.717575565296102980e+01
2.640342180097260893e+02
2.780404196848186302e+02
2.857504999641570294e+02
2.557033493033281104e+02
2.319846510344030719e+02
2.472436465499511371e+02
2.842435126285430442e+02
2.032166688740460643e+02
1.984831714801719897e+02
1.859622958223506544e+02
1.429939057448605979e+02
1.529369372199197699e+02
1.209865559750254818e+02
1.174005061229294142e+02
9.381548503781620241e+01
5.701826388204047191e+01
2.557357207182559193e+02
2.733471042599494467e+02
2.925505379450624446e+02
3.293313559629103224e+02
2.256919416377916434e+02
2.397601731920844657e+02
2.410093058997665310e+02
1.817560663397845815e+02
1.799359418492914244e+02
1.700983364811290528e+02
1.379887419946744274e+02
1.501567583198055047e+02
1.187482813818529053e+02
1.146851490664525670e+02
8.680023341767024192e+01
5.817393339679048836e+01
2.548708544879860369e+02
2.621960441566934605e+02
2.880366740861287553e+02
3.042274857479845878e+02
2.210483073380157464e+02
2.223281620308387687e+02
2.018258750245752822e+02
1.631819363641834570e+02
1.701401446323060611e+02
1.939723286552991794e+02
1.429146734449001883e+02
1.326863529130765187e+02
1.139565478163802936e+02
1.303049392102269337e+02
7.809345873855502873e+01
5.256337802244013346e+01
2.769599973019920185e+02
2.873615132930095228e+02
3.025340734125761060e+02
3.448544219695812671e+02
2.442983690966368044e+02
2.624635970897347192e+02
2.511564819408887956e+02
2.336695960311643034e+02
2.023025077878660909e+02
1.980215941662274304e+02
2.075635902644787620e+02
1.648810608256449086e+02
1.665148332015918129e+02
1.573964041178537627e+02
1.398240103386343947e+02
1.494061297920860909e+02
1.115152987354432099e+02
1.140968072231768531e+02
7.676234515583649909e+01
5.940545463972417650e+01
2.549252231493168210e+02
2.665122852972045280e+02
2.787605938198786930e+02
2.777786116197249839e+02
2.225142637580516691e+02
2.207430451778791394e+02
2.146869654185461229e+02
2.011986967029763491e+02
1.750180616478964737e+02
1.743574056929925007e+02
1.855521808179460947e+02
1.491548672384034262e+02
1.490911036839687256e+02
1.406416414528942198e+02
1.223540667217302911e+02
1.342507259142109888e+02
8.904041438248982843e+01
9.221099382493932239e+01
6.431187712824655023e+01
3.705651603864419030e+01
2.463557120258189741e+02
2.604049891389108780e+02
2.578144366086650621e+02
2.322286217280106371e+02
2.111212128404202701e+02
2.000608161971472896e+02
2.053045129702209977e+02
2.321377062238617555e+02
1.698342052972532770e+02
1.786223225466747806e+02
1.627499396601354533e+02
1.390296001292354617e+02
1.480641086714078938e+02
1.664370012616277847e+02
1.165515088868199882e+02
1.194094944961851326e+02
8.255543134083958989e+01
8.299106517462885790e+01
5.618761519533504156e+01
7.913005635485266964e+01
2.425399226948409250e+02
2.334899054628488955e+02
2.259462106227985885e+02
2.351455383540794060e+02
1.919239559275671922e+02
1.967656489984980510e+02
1.964966796945202816e+02
1.841911962734066606e+02
1.625979285800970615e+02
1.640429280914082995e+02
1.716824988061688941e+02
1.352042643829143742e+02
1.461435473205686719e+02
1.458737871172793064e+02
1.047965765217352185e+02
1.055645077311251612e+02
7.250331450965350655e+01
8.015521641091569904e+01
7.737853193226989390e+01
2.219406416587073139e+01
1.085261508074577819e+02
1.159174984794324672e+02
1.083498169118601169e+02
1.156954977180354689e+02
1.261367034419275370e+02
1.039799963324311136e+02
1.347033151708942853e+02
1.398218534309032464e+02
1.147978373054210834e+02
1.275362518912848913e+02
1.131531337161368640e+02
1.349729380413285753e+02
1.559231253669428554e+02
1.607406298473756863e+02
1.125989033649721733e+02
1.118165852428012528e+02
1.336799527304577282e+02
1.634740898130923199e+02
1.844707042636604513e+02
1.471909954804901304e+02
1.029324697283977059e+02
1.108694635286995691e+02
1.323682161740334777e+02
1.670959288353512022e+02
1.997712492053939570e+02
1.741757910516589334e+02
1.401827981593229424e+02
1.186239194660194869e+02
1.100347320830071141e+02
1.307656400994849548e+02
1.677432575974222573e+02
2.075604244294360967e+02
1.919531810680575745e+02
1.682175618772226926e+02
1.383688556070655977e+02
9.800109728911982643e+01
1.095033514454587333e+02
1.298253331848432595e+02
1.685716072703721125e+02
2.145117685590901431e+02
2.091273049918043512e+02
1.989349633809534623e+02
1.743327476345354228e+02
1.347578853737555846e+02
1.174331629830336396e+02
1.087921640860906507e+02
1.280524138232561597e+02
1.665456362383121132e+02
2.140590260830179261e+02
2.143528840005235168e+02
2.139458612539654894e+02
1.932075411308328228e+02
1.552930875453793931e+02
1.449809738334818974e+02
1.037779043844303004e+02
1.082458708184433789e+02
1.266615021799296414e+02
1.647598329385330658e+02
2.129132012240538927e+02
2.169258511796975313e+02
2.237911466955917774e+02
2.059116842701505163e+02
1.677859054137671535e+02
1.561913243767212407e+02
1.148617407809213233e+02
1.140179321294227179e+02
1.079632008337798652e+02
1.260355881296143110e+02
1.643572135132879453e+02
2.140066637846706215e+02
2.218898950883130397e+02
2.360858896963761993e+02
2.235339313255439322e+02
1.878661923536358529e+02
1.786470623633813943e+02
1.360804678126632723e+02
1.367780985153521840e+02
9.769088258601742325e+01
1.077623573220348447e+02
1.256113637319294440e+02
1.641700497624574666e+02
2.151084461517914406e+02
2.262041513828346524e+02
2.467461408522845829e+02
2.399177377167017937e+02
2.081883375357058128e+02
2.039911013035933820e+02
1.622073720898888496e+02
1.724465754172728680e+02
1.283692448745910042e+02
8.969880030033310447e+01
1.075322448519948466e+02
1.250468970437630105e+02
1.634807090386269408e+02
2.148021147204210592e+02
2.278010193426742660e+02
2.526564160622753548e+02
2.497622207159078016e+02
2.210295307733342440e+02
2.197601622336742366e+02
1.783520089533098769e+02
1.946186962927658612e+02
1.474307051948845810e+02
1.015892488140223975e+02
7.764594781975236515e+01
1.073957114542399864e+02
1.247462380386710237e+02
1.632618043462520063e+02
2.152269037947598633e+02
2.300669926256008750e+02
2.588923404836376676e+02
2.600721780102181242e+02
2.347834009629953869e+02
2.377049002418307850e+02
1.973644229438091884e+02
2.214587829785450879e+02
1.716317082276789279e+02
1.173281461567465271e+02
9.278903408905023298e+01
7.818227111481661495e+01
1.072870264457334599e+02
1.245101874762061129e+02
1.630984442676492279e+02
2.155929657606868091e+02
2.319340633374837068e+02
2.640506794691982009e+02
2.688365269963913988e+02
2.468852466201129801e+02
2.541688287947099809e+02
2.154614081482169468e+02
2.480250228217284132e+02
1.966928221227656479e+02
1.337119228153739812e+02
1.058861200162849343e+02
9.114392170887369105e+01
5.766164391631451025e+01
1.071620608337244107e+02
1.242076620908733133e+02
1.627215855466124026e+02
2.153956402042252876e+02
2.327252692693862457e+02
2.672376535344820923e+02
2.747711235519218462e+02
2.556385164069548068e+02
2.666048764356451102e+02
2.298338174194677492e+02
2.705492976674379975e+02
2.198281773188530508e+02
1.509759708965163156e+02
1.221294874859032689e+02
1.116323620896898490e+02
7.453694217128374078e+01
5.979288616903021136e+01
1.070689596168422213e+02
1.239893732903974097e+02
1.624779638636370862e+02
2.153610713602707278e+02
2.335532583083636951e+02
2.701164855990676301e+02
2.800690924755845685e+02
2.634896511740783467e+02
2.779603893637339525e+02
2.431721486584036143e+02
2.918348409186839376e+02
2.421750027809564756e+02
1.678771643465859995e+02
1.375488493628093067e+02
1.297913842673369231e+02
8.741416473166155754e+01
7.159156420566091583e+01
7.208022027124239628e+01
1.069969593172394440e+02
1.238256917810136457e+02
1.623155444126186069e+02
2.154131123222070130e+02
2.343596239324100168e+02
2.726909959545536708e+02
2.847906858681802191e+02
2.705456264373068507e+02
2.883922402837227992e+02
2.557033493033281104e+02
3.123430555582213515e+02
2.644338701348422092e+02
1.856033469326119132e+02
1.543607359071422991e+02
1.498619485720939792e+02
1.025457206582160410e+02
8.899851317982566457e+01
5.099373428408994613e+01
1.069413494262575028e+02
1.237040543200379261e+02
1.622148192972557581e+02
2.155289310088765546e+02
2.351426918605084495e+02
2.750135254802273721e+02
2.890252101937239786e+02
2.769060754487622376e+02
2.979653322906081030e+02
2.674261054537604423e+02
3.319508042689633385e+02
2.863425854510583122e+02
2.038565259555928151e+02
1.723495046912908322e+02
1.718249113976799265e+02
1.199891972000366138e+02
1.078413116710101747e+02
6.577661577305347862e+01
4.971710324743550302e+01
1.068869451026894097e+02
1.235794144535829986e+02
1.620821973639600913e+02
2.155303701665342544e+02
2.356593530745605847e+02
2.767637208878321644e+02
2.923333945745629308e+02
2.820061423734500181e+02
3.057838842158731154e+02
2.772117819153950222e+02
3.487864433680359184e+02
3.057618229653897970e+02
2.205511399552394778e+02
1.893208290786737962e+02
1.932343054357306755e+02
1.378750533915720951e+02
1.300985473718246226e+02
8.540440637950644032e+01
6.486114601935527446e+01
5.135645889538514552e+01
1.068476846353034233e+02
1.234953646152537061e+02
1.620185211336430200e+02
2.156309650737349273e+02
2.362456580101242594e+02
2.784701722633949998e+02
2.954689894304809172e+02
2.867890466078427494e+02
3.131655781125265321e+02
2.865275525616963819e+02
3.649718045073376516e+02
3.247365904805499213e+02
2.373767069561835115e+02
2.069344031383545257e+02
2.159227479617411518e+02
1.575206214830823228e+02
1.569268584408032723e+02
1.097215403179838233e+02
8.776025196418167695e+01
7.303285816220022753e+01
6.932733779354188641e+01
1.067065326206740110e+02
1.230957840710026687e+02
1.612398790598209359e+02
2.142431810403915620e+02
2.345334514690581784e+02
2.766180882422970058e+02
2.934468083904487230e+02
2.848756263777167987e+02
3.105765103244947909e+02
2.838619739281166403e+02
3.620477828792302262e+02
3.228319636434232507e+02
2.344731660636503250e+02
2.027338943613110018e+02
2.112494866563996538e+02
1.525006182436281676e+02
1.444508072234436895e+02
1.014874192956332735e+02
7.727633350451658600e+01
5.834214699693015405e+01
4.796661295028862071e+01
2.889271393960414258e+01
1.066888699030329946e+02
1.230684589426872009e+02
1.612689883843441123e+02
2.144672673296971368e+02
2.351800674841772150e+02
2.781791731228946674e+02
2.961690602607320102e+02
2.889124772410507944e+02
3.167622493359579607e+02
2.916282598934680550e+02
3.755238078330438611e+02
3.387399993564891929e+02
2.487243181922800943e+02
2.176945246371260509e+02
2.305575074585339337e+02
1.691191994623810331e+02
1.652790549200510384e+02
1.200892650350567976e+02
9.383874349026511652e+01
7.260910693682284034e+01
6.160428245690793858e+01
3.911442695377014189e+01
6.392338181706864475e+01
1.495889183743798867e+02
1.066579931401658285e+02
1.229977516829379596e+02
1.611909365073319691e+02
2.144519132087918933e+02
2.354258228416282748e+02
2.790611050463763831e+02
2.978624597046082840e+02
2.915684657407031182e+02
3.208904963181261678e+02
2.969144986601720007e+02
3.850032130177959857e+02
3.502772019856440693e+02
2.590286781421121418e+02
2.284740479308815111e+02
2.447445325272086336e+02
1.813250935158889661e+02
1.795923417646721703e+02
1.333278559908647765e+02
1.052732411765044276e+02
8.195306156779662388e+01
6.990765408963540040e+01
4.529959881667402044e+01
7.549449953741684283e+01
1.438392605116277423e+01
1.002784317486467671e+02
1.358008911805358139e+02
1.842336863696674243e+02
2.078128578154639570e+02
2.540548893880074957e+02
2.764701702971935902e+02
2.754087631286880082e+02
3.063498068872168574e+02
2.861515793166802837e+02
3.753476609382418019e+02
3.455614854280015606e+02
2.572858107149418743e+02
2.281301949406525864e+02
2.459383441729570734e+02
1.829258695398768850e+02
1.632337840138951321e+02
1.348681822253658993e+02
1.064528140948564072e+02
8.277074434502003442e+01
7.048893991750308885e+01
4.561588296979009982e+01
7.588489548200313095e+01
1.442234719212647853e+01
1.078664329842941072e+02
1.512779299113402942e+02
1.777064605750046269e+02
2.264826327670314470e+02
2.526616432203956606e+02
2.573023712947218087e+02
2.899028059643306392e+02
2.737371143617792200e+02
3.638549887663373283e+02
3.396491640473604434e+02
2.549304821640218108e+02
2.274534147590451880e+02
2.470660503229349843e+02
1.846475176399756606e+02
1.650196602733197437e+02
1.830996442642652084e+02
1.078111700048794575e+02
8.371518045994443469e+01
7.116042759161781817e+01
4.598112190097385366e+01
7.633504838763703049e+01
1.446660672836704897e+01
1.109657003321866853e+02
1.395920914065497129e+02
1.901448250188201712e+02
2.203142717983011210e+02
2.317130665583298139e+02
2.661740610454050966e+02
2.552591482359145800e+02
3.452739378148484093e+02
3.280900767380056209e+02
2.490687437526311783e+02
2.242416142245498065e+02
2.460485351190195331e+02
1.851807483571036812e+02
1.660449568144553041e+02
1.843575542085922621e+02
1.381136521709979945e+02
8.460553842781345679e+01
7.181028508444234149e+01
4.634249336898314198e+01
7.678655060675794175e+01
1.451137019882891366e+01
9.809716724833840829e+01
1.494707162879643079e+02
1.836549223089446059e+02
2.022493247656679216e+02
2.385004694178824423e+02
2.332583457040384474e+02
3.223713041068062353e+02
3.130651137738329339e+02
2.410507734166671696e+02
2.194849214702543918e+02
2.438297988280454831e+02
1.851521563858387367e+02
1.667881187450352911e+02
1.854456577871357013e+02
1.396230883291598559e+02
1.103454409219597636e+02
7.252512071329823584e+01
4.674358364488502815e+01
7.728980220713155802e+01
1.456139257384332275e+01
1.206137926282472108e+02
1.536769869482656361e+02
1.776372257889021000e+02
2.142013979916795847e+02
2.127853734372271788e+02
3.005207268279190771e+02
2.989311018062585390e+02
2.335718809110607594e+02
2.422767754378087375e+02
1.857882429751673499e+02
1.681607262272021615e+02
1.871425480378838131e+02
1.416999855159630499e+02
1.120858011554815619e+02
8.683968029216481455e+01
4.725465848582277317e+01
7.792470787353292394e+01
1.462412988786821799e+01
1.126708493833243949e+02
1.441068139231869338e+02
1.816941274961879742e+02
1.849874871019012801e+02
2.693505520609815562e+02
2.767019117572415894e+02
2.207054654187988376e+02
2.066168494149510479e+02
1.841911962734066606e+02
1.680511391142268565e+02
1.876499139112724492e+02
1.432050457672127663e+02
1.135581438878586198e+02
8.799532490986241839e+01
7.432580328473996190e+01
4.775785046327347061e+01
7.856157281685770499e+01
1.468779812788560335e+01
1.026995101624304993e+02
1.436600207634126036e+02
1.524969914559481481e+02
2.318523415443150668e+02
2.487068790878781783e+02
2.038504222479096484e+02
1.948750765870239547e+02
2.285709623205922298e+02
1.808820994408139882e+02
1.668502995221004426e+02
1.873114440455351257e+02
1.444092377227972577e+02
1.149620262132074799e+02
8.917566089393586992e+01
7.525403951169664651e+01
4.830223974673065612e+01
7.925850882414742671e+01
1.475796225505739834e+01
1.198336085034496961e+02
1.242120654149386212e+02
1.953136447246867249e+02
2.199442727566246845e+02
1.854448046302962041e+02
1.811567659690774406e+02
2.180530765464578735e+02
1.762116472303606542e+02
1.861186204933923420e+02
1.453281701356169151e+02
1.163168860528602693e+02
9.039982434273878198e+01
7.624738787394304040e+01
4.889802987456320693e+01
8.002878399255207853e+01
1.646967122620408475e+02
1.483600260070457111e+01
9.369685552709378840e+01
1.541087524266063724e+02
1.864416957280316467e+02
1.630539475777543714e+02
1.634869636952893472e+02
2.031934214789278315e+02
1.686339124234573887e+02
1.603819949715406494e+02
1.452767467744755265e+02
1.172186376939898054e+02
9.144868711763673730e+01
7.718249123519018440e+01
4.949312200205584844e+01
8.081983055580190012e+01
1.491745500458114115e+01
1.201478930150736772e+02
1.601266423993635044e+02
1.450226405779415018e+02
1.479918417877018157e+02
1.899178457571253489e+02
1.620832478774610195e+02
1.567649909020150574e+02
1.801524755168520358e+02
1.458186838830246188e+02
1.186961503325451162e+02
9.295958358663067145e+01
7.846532424846098763e+01
5.028820912559554301e+01
8.185867320107726641e+01
1.502342367618872032e+01
1.190134724363039709e+02
1.190336923210281270e+02
1.263571554462190676e+02
1.700008165807395528e+02
1.509905333085984864e+02
1.497195419748527172e+02
1.741621869621064036e+02
1.446818612603339886e+02
1.193727896867933964e+02
9.416664717385813788e+01
7.965611285408138542e+01
5.109014091196079477e+01
8.294549845948097300e+01
1.513639994320099547e+01
1.078883068408945576e+02
1.126159248347467212e+02
1.568466173872809009e+02
1.447080612450936599e+02
1.463294583472989530e+02
1.706282559161096799e+02
1.458737871172793064e+02
1.219145546395002526e+02
9.673095454452176511e+01
8.180878614130175208e+01
5.241735264679770268e+01
8.466075259882335047e+01
1.531016131934653401e+01
9.230956768223920506e+01
1.334131526604798523e+02
1.309109104690389245e+02
1.369265741119392601e+02
1.610784070270626387e+02
1.434228459288780186e+02
1.225235920400473759e+02
9.846681925419233039e+01
8.364474462810781574e+01
5.369975094783874425e+01
8.640898481584883939e+01
1.549217239031253257e+01
1.006467835218545019e+02
1.090599434754500265e+02
1.203843503779248465e+02
1.434485220620672692e+02
1.351524646546048984e+02
1.194998042500979381e+02
9.830985562635451913e+01
8.453225786764713234e+01
5.467061277870652702e+01
8.792821962608529418e+01
1.566062415630791094e+01
8.338897433372086709e+01
1.009676063262426311e+02
1.214296894819736679e+02
1.232976555885459788e+02
1.141014909839409484e+02
9.702768678370041755e+01
8.500309789847335651e+01
5.564227508138325362e+01
8.960986247243702962e+01
1.585466551531625434e+01
8.177517045773244320e+01
9.752940256009708264e+01
1.097338828864550635e+02
1.074445776981223446e+02
9.535785825466911092e+01
8.561643677101233152e+01
5.698996175370805162e+01
9.195133743396448267e+01
1.612594555512920635e+01
6.605758467773819120e+01
8.777712934104989984e+01
9.363543629257739553e+01
8.904725535850899121e+01
8.364488692048692542e+01
5.753502506438922381e+01
9.384140413884486520e+01
1.638467767746870862e+01
6.589049263219257568e+01
7.767290034879685834e+01
8.057247129713850597e+01
8.015521641091569904e+01
5.786701185652008661e+01
9.609336046845800183e+01
1.672091519492219902e+01
6.864019562503789018e+01
7.594774817168733705e+01
7.823096579017507679e+01
5.959576278110284875e+01
1.006622866428291161e+02
1.734555736183822106e+01
5.565610995373557301e+01
6.565538511370500885e+01
5.706779066455982985e+01
1.027272189369789146e+02
1.792523260016024622e+01
5.134222718454562795e+01
5.180525848343367556e+01
1.029307102904736553e+02
1.864677413939093498e+01
4.527880595119190588e+01
9.923435503193203999e+01
1.963491705173735724e+01
2.142287465809989300e+01
8.966868686185409842e+01
2.219406416587073139e+01
