21
# x y z
14	0	0
14.25	0	0
14.5	0	0
14.75	0	0
15	0	0
15.25	0	0
15.5	0	0
15.75	0	0
16	0	0
16.25	0	0
16.5	0	0
16.75	0	0
17	0	0
17.25	0	0
17.5	0	0
17.75	0	0
18	0	0
18.25	0	0
18.5	0	0
18.75	0	0
19	0	0
603
# a b m n rhoa k err ip iperr
1	2	3	4	7.87058535718504e+01	-4.70987945351811e+00	3.00000000000000e-02	0.00000000000000e+00	0.00000000000000e+00
1	2	4	5	6.69718796210767e+01	-1.88290391530338e+01	3.00000000000000e-02	0.00000000000000e+00	0.00000000000000e+00
1	2	5	6	4.49920344928929e+01	-4.71257962976583e+01	3.00000000000000e-02	0.00000000000000e+00	0.00000000000000e+00
1	2	6	7	7.55816382844347e+01	-9.44655939022827e+01	3.00000000000000e-02	0.00000000000000e+00	0.00000000000000e+00
1	2	7	8	9.22729469471314e+01	-1.65444054275699e+02	3.00000000000000e-02	0.00000000000000e+00	0.00000000000000e+00
1	2	8	9	4.20526933275433e+01	-2.64557222657628e+02	3.00000000000000e-02	0.00000000000000e+00	0.00000000000000e+00
1	2	9	11	8.14401779244670e+01	-2.33159870263498e+02	3.00000000000000e-02	0.00000000000000e+00	0.00000000000000e+00
1	2	11	14	8.90296044616850e+01	-3.34257948044622e+02	3.00000000000000e-02	0.00000000000000e+00	0.00000000000000e+00
2	3	4	5	4.89661465607870e+01	-4.71417604320660e+00	3.00000000000000e-02	0.00000000000000e+00	0.00000000000000e+00
2	3	5	6	3.40404125904951e+01	-1.88302655735002e+01	3.00000000000000e-02	0.00000000000000e+00	0.00000000000000e+00
2	3	6	7	5.54401407058095e+01	-4.71121295629643e+01	3.00000000000000e-02	0.00000000000000e+00	0.00000000000000e+00
2	3	7	8	6.17891072721219e+01	-9.44599808480300e+01	3.00000000000000e-02	0.00000000000000e+00	0.00000000000000e+00
2	3	8	9	3.37486487871530e+01	-1.65433741928486e+02	3.00000000000000e-02	0.00000000000000e+00	0.00000000000000e+00
2	3	9	10	5.19272092857560e+01	-2.64544672833200e+02	3.00000000000000e-02	0.00000000000000e+00	0.00000000000000e+00
2	3	10	12	6.07918265638426e+01	-2.33148451018216e+02	3.00000000000000e-02	0.00000000000000e+00	0.00000000000000e+00
2	3	12	15	6.32283041960541e+01	-3.34249486934973e+02	3.00000000000000e-02	0.00000000000000e+00	0.00000000000000e+00
2	4	8	9	3.35849797210758e+01	-6.01266082934413e+01	3.00000000000000e-02	0.00000000000000e+00	0.00000000000000e+00
2	4	9	11	5.68684834636843e+01	-6.20062601755720e+01	3.00000000000000e-02	0.00000000000000e+00	0.00000000000000e+00
2	4	11	14	5.99391565734891e+01	-1.04259599573300e+02	3.00000000000000e-02	0.00000000000000e+00	0.00000000000000e+00
2	4	14	18	9.47819169802221e+01	-2.03011302647837e+02	3.00000000000000e-02	0.00000000000000e+00	0.00000000000000e+00
3	4	5	6	3.93886245696252e+01	-4.71903729830475e+00	3.00000000000000e-02	0.00000000000000e+00	0.00000000000000e+00
3	4	6	7	6.56494893784281e+01	-1.88193697335249e+01	3.00000000000000e-02	0.00000000000000e+00	0.00000000000000e+00
3	4	7	8	6.77318338543283e+01	-4.71109151736639e+01	3.00000000000000e-02	0.00000000000000e+00	0.00000000000000e+00
3	4	8	9	3.59966180541980e+01	-9.44567519416571e+01	3.00000000000000e-02	0.00000000000000e+00	0.00000000000000e+00
3	4	9	10	5.70735917187957e+01	-1.65429741621196e+02	3.00000000000000e-02	0.00000000000000e+00	0.00000000000000e+00
3	4	10	11	6.74884259750959e+01	-2.64537043399731e+02	3.00000000000000e-02	0.00000000000000e+00	0.00000000000000e+00
3	4	11	13	6.67613315740480e+01	-2.33143468285815e+02	3.00000000000000e-02	0.00000000000000e+00	0.00000000000000e+00
3	4	13	16	7.96881275161611e+01	-3.34244053454137e+02	3.00000000000000e-02	0.00000000000000e+00	0.00000000000000e+00
2	5	10	11	6.63708711085955e+01	-8.09883834489049e+01	3.00000000000000e-02	0.00000000000000e+00	0.00000000000000e+00
2	5	11	13	6.52447515079924e+01	-7.32913337489566e+01	3.00000000000000e-02	0.00000000000000e+00	0.00000000000000e+00
2	5	13	16	7.68446277239381e+01	-1.07551869551439e+02	3.00000000000000e-02	0.00000000000000e+00	0.00000000000000e+00
2	5	16	20	1.00294263159696e+02	-1.87688331891805e+02	3.00000000000000e-02	0.00000000000000e+00	0.00000000000000e+00
3	5	9	10	5.86066618015278e+01	-6.01257385869265e+01	3.00000000000000e-02	0.00000000000000e+00	0.00000000000000e+00
3	5	10	12	6.64112354809411e+01	-6.20045706451876e+01	3.00000000000000e-02	0.00000000000000e+00	0.00000000000000e+00
3	5	12	15	6.70883523078755e+01	-1.04259292200293e+02	3.00000000000000e-02	0.00000000000000e+00	0.00000000000000e+00
3	5	15	19	1.06059858183406e+02	-2.03011018010707e+02	3.00000000000000e-02	0.00000000000000e+00	0.00000000000000e+00
4	5	6	7	8.61909405895424e+01	-4.70505385666869e+00	3.00000000000000e-02	0.00000000000000e+00	0.00000000000000e+00
4	5	7	8	7.21196272500030e+01	-1.88195271217099e+01	3.00000000000000e-02	0.00000000000000e+00	0.00000000000000e+00
4	5	8	9	3.51184535082605e+01	-4.71099654416827e+01	3.00000000000000e-02	0.00000000000000e+00	0.00000000000000e+00
4	5	9	10	6.26050935661070e+01	-9.44559096768799e+01	3.00000000000000e-02	0.00000000000000e+00	0.00000000000000e+00
4	5	10	11	7.14590323803459e+01	-1.65426297674940e+02	3.00000000000000e-02	0.00000000000000e+00	0.00000000000000e+00
4	5	11	12	6.79784861067758e+01	-2.64529343280096e+02	3.00000000000000e-02	0.00000000000000e+00	0.00000000000000e+00
4	5	12	14	6.77538876279274e+01	-2.33144491835860e+02	3.00000000000000e-02	0.00000000000000e+00	0.00000000000000e+00
4	5	14	17	1.09123837144283e+02	-3.34243559006013e+02	3.00000000000000e-02	0.00000000000000e+00	0.00000000000000e+00
3	6	11	12	5.06522520722670e+01	-8.09889195971152e+01	3.00000000000000e-02	0.00000000000000e+00	0.00000000000000e+00
3	6	12	14	5.14150304517123e+01	-7.32931960628717e+01	3.00000000000000e-02	0.00000000000000e+00	0.00000000000000e+00
3	6	14	17	8.42054201697158e+01	-1.07552757707301e+02	3.00000000000000e-02	0.00000000000000e+00	0.00000000000000e+00
4	6	10	11	5.05517156222667e+01	-6.01290746292068e+01	3.00000000000000e-02	0.00000000000000e+00	0.00000000000000e+00
4	6	11	13	5.03789592702103e+01	-6.20064755768584e+01	3.00000000000000e-02	0.00000000000000e+00	0.00000000000000e+00
4	6	13	16	5.93005187803893e+01	-1.04260432159032e+02	3.00000000000000e-02	0.00000000000000e+00	0.00000000000000e+00
4	6	16	20	7.85693939308955e+01	-2.03014345555705e+02	3.00000000000000e-02	0.00000000000000e+00	0.00000000000000e+00
5	6	7	8	3.23014011531995e+01	-4.72033604312702e+00	3.00000000000000e-02	0.00000000000000e+00	0.00000000000000e+00
5	6	8	9	1.60457358710024e+01	-1.88292221183076e+01	3.00000000000000e-02	0.00000000000000e+00	0.00000000000000e+00
5	6	9	10	3.55449722315789e+01	-4.71209997581693e+01	3.00000000000000e-02	0.00000000000000e+00	0.00000000000000e+00
5	6	10	11	4.07479704093727e+01	-9.44652661372623e+01	3.00000000000000e-02	0.00000000000000e+00	0.00000000000000e+00
5	6	11	12	3.90159860419897e+01	-1.65434133488762e+02	3.00000000000000e-02	0.00000000000000e+00	0.00000000000000e+00
5	6	12	13	4.20535004738969e+01	-2.64548986077873e+02	3.00000000000000e-02	0.00000000000000e+00	0.00000000000000e+00
5	6	13	15	3.95103956073696e+01	-2.33150573324971e+02	3.00000000000000e-02	0.00000000000000e+00	0.00000000000000e+00
5	6	15	18	6.69002204243779e+01	-3.34250414311156e+02	3.00000000000000e-02	0.00000000000000e+00	0.00000000000000e+00
2	7	13	14	5.20265540817492e+01	-9.69064512003732e+01	3.00000000000000e-02	0.00000000000000e+00	0.00000000000000e+00
2	7	14	16	8.55637970542577e+01	-7.92228038352818e+01	3.00000000000000e-02	0.00000000000000e+00	0.00000000000000e+00
2	7	16	19	9.04034811190498e+01	-1.03541796082113e+02	3.00000000000000e-02	0.00000000000000e+00	0.00000000000000e+00
4	7	12	13	6.30384133800476e+01	-8.09900113831442e+01	3.00000000000000e-02	0.00000000000000e+00	0.00000000000000e+00
4	7	13	15	5.82631734259786e+01	-7.32920811200506e+01	3.00000000000000e-02	0.00000000000000e+00	0.00000000000000e+00
4	7	15	18	9.90411744414591e+01	-1.07552444705688e+02	3.00000000000000e-02	0.00000000000000e+00	0.00000000000000e+00
5	7	11	12	5.64146263521523e+01	-6.01260255300454e+01	3.00000000000000e-02	0.00000000000000e+00	0.00000000000000e+00
5	7	12	14	5.69469126629468e+01	-6.20064532269023e+01	3.00000000000000e-02	0.00000000000000e+00	0.00000000000000e+00
5	7	14	17	8.83808074486247e+01	-1.04260026529115e+02	3.00000000000000e-02	0.00000000000000e+00	0.00000000000000e+00
6	7	8	9	2.28008573277110e+01	-4.70786665834788e+00	3.00000000000000e-02	0.00000000000000e+00	0.00000000000000e+00
6	7	9	10	5.77333501786704e+01	-1.88246601384689e+01	3.00000000000000e-02	0.00000000000000e+00	0.00000000000000e+00
6	7	10	11	6.96408254676348e+01	-4.71135036820585e+01	3.00000000000000e-02	0.00000000000000e+00	0.00000000000000e+00
6	7	11	12	6.65412227632912e+01	-9.44551860867700e+01	3.00000000000000e-02	0.00000000000000e+00	0.00000000000000e+00
6	7	12	13	7.38368473930183e+01	-1.65429953404786e+02	3.00000000000000e-02	0.00000000000000e+00	0.00000000000000e+00
6	7	13	14	5.98750680639569e+01	-2.64534786291290e+02	3.00000000000000e-02	0.00000000000000e+00	0.00000000000000e+00
6	7	14	16	9.83344143920005e+01	-2.33143140550576e+02	3.00000000000000e-02	0.00000000000000e+00	0.00000000000000e+00
6	7	16	19	1.03713423562844e+02	-3.34246748405827e+02	3.00000000000000e-02	0.00000000000000e+00	0.00000000000000e+00
3	8	14	15	8.30575616903652e+01	-9.69061253450503e+01	3.00000000000000e-02	0.00000000000000e+00	0.00000000000000e+00
3	8	15	17	1.30681732333887e+02	-7.92231363494590e+01	3.00000000000000e-02	0.00000000000000e+00	0.00000000000000e+00
3	8	17	20	8.28236716538768e+01	-1.03542014609099e+02	3.00000000000000e-02	0.00000000000000e+00	0.00000000000000e+00
5	8	13	14	5.91777398496891e+01	-8.09889567924097e+01	3.00000000000000e-02	0.00000000000000e+00	0.00000000000000e+00
5	8	14	16	1.02356581869427e+02	-7.32919329419623e+01	3.00000000000000e-02	0.00000000000000e+00	0.00000000000000e+00
5	8	16	19	1.00948885240401e+02	-1.07553074209139e+02	3.00000000000000e-02	0.00000000000000e+00	0.00000000000000e+00
6	8	12	13	8.61850797626799e+01	-6.01280067552324e+01	3.00000000000000e-02	0.00000000000000e+00	0.00000000000000e+00
6	8	13	15	7.72066042140883e+01	-6.20053681567737e+01	3.00000000000000e-02	0.00000000000000e+00	0.00000000000000e+00
6	8	15	18	1.30952780252121e+02	-1.04259277447291e+02	3.00000000000000e-02	0.00000000000000e+00	0.00000000000000e+00
7	8	9	10	6.71329108912459e+01	-4.71495269036654e+00	3.00000000000000e-02	0.00000000000000e+00	0.00000000000000e+00
7	8	10	11	9.03067482903646e+01	-1.88270063524128e+01	3.00000000000000e-02	0.00000000000000e+00	0.00000000000000e+00
7	8	11	12	7.68361704538180e+01	-4.71150528285267e+01	3.00000000000000e-02	0.00000000000000e+00	0.00000000000000e+00
7	8	12	13	9.34456001760321e+01	-9.44614384855052e+01	3.00000000000000e-02	0.00000000000000e+00	0.00000000000000e+00
7	8	13	14	6.86476646841077e+01	-1.65429214091982e+02	3.00000000000000e-02	0.00000000000000e+00	0.00000000000000e+00
7	8	14	15	1.06579667396918e+02	-2.64537225693596e+02	3.00000000000000e-02	0.00000000000000e+00	0.00000000000000e+00
7	8	15	17	1.61579742529402e+02	-2.33145671589026e+02	3.00000000000000e-02	0.00000000000000e+00	0.00000000000000e+00
7	8	17	20	1.05072826201574e+02	-3.34247878843012e+02	3.00000000000000e-02	0.00000000000000e+00	0.00000000000000e+00
2	9	16	17	1.20107990685588e+02	-1.20044367170987e+02	3.00000000000000e-02	0.00000000000000e+00	0.00000000000000e+00
2	9	17	19	6.52271970497811e+01	-9.15821621925921e+01	3.00000000000000e-02	0.00000000000000e+00	0.00000000000000e+00
4	9	15	16	1.06364074742916e+02	-9.69051618907591e+01	3.00000000000000e-02	0.00000000000000e+00	0.00000000000000e+00
4	9	16	18	9.72587415682148e+01	-7.92228642850747e+01	3.00000000000000e-02	0.00000000000000e+00	0.00000000000000e+00
6	9	14	15	7.33034017026309e+01	-8.09878531620598e+01	3.00000000000000e-02	0.00000000000000e+00	0.00000000000000e+00
6	9	15	17	1.17557514992514e+02	-7.32915921074050e+01	3.00000000000000e-02	0.00000000000000e+00	0.00000000000000e+00
6	9	17	20	8.01607459030556e+01	-1.07552408372071e+02	3.00000000000000e-02	0.00000000000000e+00	0.00000000000000e+00
7	9	13	14	5.29950788607430e+01	-6.01249340388001e+01	3.00000000000000e-02	0.00000000000000e+00	0.00000000000000e+00
7	9	14	16	8.57209697318885e+01	-6.20047665674895e+01	3.00000000000000e-02	0.00000000000000e+00	0.00000000000000e+00
7	9	16	19	9.23542026193486e+01	-1.04259254063046e+02	3.00000000000000e-02	0.00000000000000e+00	0.00000000000000e+00
8	9	10	11	4.40576395931840e+01	-4.71519888622705e+00	3.00000000000000e-02	0.00000000000000e+00	0.00000000000000e+00
8	9	11	12	4.05702362355055e+01	-1.88246980435353e+01	3.00000000000000e-02	0.00000000000000e+00	0.00000000000000e+00
8	9	12	13	4.50026988787753e+01	-4.71146113317196e+01	3.00000000000000e-02	0.00000000000000e+00	0.00000000000000e+00
8	9	13	14	4.46443896890554e+01	-9.44540960761300e+01	3.00000000000000e-02	0.00000000000000e+00	0.00000000000000e+00
8	9	14	15	5.08440244914449e+01	-1.65426040798319e+02	3.00000000000000e-02	0.00000000000000e+00	0.00000000000000e+00
8	9	15	16	7.48505341963348e+01	-2.64531583454382e+02	3.00000000000000e-02	0.00000000000000e+00	0.00000000000000e+00
8	9	16	18	7.72853861844369e+01	-2.33142639638838e+02	3.00000000000000e-02	0.00000000000000e+00	0.00000000000000e+00
8	9	18	21	6.61545329426242e+01	-3.34238720242031e+02	3.00000000000000e-02	0.00000000000000e+00	0.00000000000000e+00
3	10	17	18	6.31370255321983e+01	-1.20040355408056e+02	3.00000000000000e-02	0.00000000000000e+00	0.00000000000000e+00
3	10	18	20	8.34164140211547e+01	-9.15839634671155e+01	3.00000000000000e-02	0.00000000000000e+00	0.00000000000000e+00
5	10	16	17	1.13343337293597e+02	-9.69069495760099e+01	3.00000000000000e-02	0.00000000000000e+00	0.00000000000000e+00
5	10	17	19	6.23585686128072e+01	-7.92219008773648e+01	3.00000000000000e-02	0.00000000000000e+00	0.00000000000000e+00
7	10	15	16	9.92416452749536e+01	-8.09871431981015e+01	3.00000000000000e-02	0.00000000000000e+00	0.00000000000000e+00
7	10	16	18	9.14095292663694e+01	-7.32912093924595e+01	3.00000000000000e-02	0.00000000000000e+00	0.00000000000000e+00
8	10	14	15	5.78486509205428e+01	-6.01249202773219e+01	3.00000000000000e-02	0.00000000000000e+00	0.00000000000000e+00
8	10	15	17	9.07805878449464e+01	-6.20047864850838e+01	3.00000000000000e-02	0.00000000000000e+00	0.00000000000000e+00
8	10	17	20	6.41236754387231e+01	-1.04258340739917e+02	3.00000000000000e-02	0.00000000000000e+00	0.00000000000000e+00
9	10	11	12	3.84152545720601e+01	-4.71128524972897e+00	3.00000000000000e-02	0.00000000000000e+00	0.00000000000000e+00
9	10	12	13	4.87706749253987e+01	-1.88260878507980e+01	3.00000000000000e-02	0.00000000000000e+00	0.00000000000000e+00
9	10	13	14	4.47565953444806e+01	-4.71091311351055e+01	3.00000000000000e-02	0.00000000000000e+00	0.00000000000000e+00
9	10	14	15	6.22936085075645e+01	-9.44550966369694e+01	3.00000000000000e-02	0.00000000000000e+00	0.00000000000000e+00
9	10	15	16	9.14205501552747e+01	-1.65425141421675e+02	3.00000000000000e-02	0.00000000000000e+00	0.00000000000000e+00
9	10	16	17	1.02583701642066e+02	-2.64538252331366e+02	3.00000000000000e-02	0.00000000000000e+00	0.00000000000000e+00
9	10	17	19	5.68720349203457e+01	-2.33138483979100e+02	3.00000000000000e-02	0.00000000000000e+00	0.00000000000000e+00
4	11	18	19	6.49395850012553e+01	-1.20043080104877e+02	3.00000000000000e-02	0.00000000000000e+00	0.00000000000000e+00
6	11	17	18	6.26008037438397e+01	-9.69019688862603e+01	3.00000000000000e-02	0.00000000000000e+00	0.00000000000000e+00
6	11	18	20	8.27689908789910e+01	-7.92237290059737e+01	3.00000000000000e-02	0.00000000000000e+00	0.00000000000000e+00
8	11	16	17	1.08216337350537e+02	-8.09893407703578e+01	3.00000000000000e-02	0.00000000000000e+00	0.00000000000000e+00
8	11	17	19	6.07776886711940e+01	-7.32894424113288e+01	3.00000000000000e-02	0.00000000000000e+00	0.00000000000000e+00
9	11	15	16	9.89962791785029e+01	-6.01252834366856e+01	3.00000000000000e-02	0.00000000000000e+00	0.00000000000000e+00
9	11	16	18	8.98891506682446e+01	-6.20044909832552e+01	3.00000000000000e-02	0.00000000000000e+00	0.00000000000000e+00
10	11	12	13	5.20366095584538e+01	-4.72227249745484e+00	3.00000000000000e-02	0.00000000000000e+00	0.00000000000000e+00
10	11	13	14	5.34585702386747e+01	-1.88212532482756e+01	3.00000000000000e-02	0.00000000000000e+00	0.00000000000000e+00
10	11	14	15	7.46158427737165e+01	-4.71125047504808e+01	3.00000000000000e-02	0.00000000000000e+00	0.00000000000000e+00
10	11	15	16	1.06569360266027e+02	-9.44562861324072e+01	3.00000000000000e-02	0.00000000000000e+00	0.00000000000000e+00
10	11	16	17	1.18502571379175e+02	-1.65431062643510e+02	3.00000000000000e-02	0.00000000000000e+00	0.00000000000000e+00
10	11	17	18	6.30723357024441e+01	-2.64519674478987e+02	3.00000000000000e-02	0.00000000000000e+00	0.00000000000000e+00
10	11	18	20	8.24047316191877e+01	-2.33145276304259e+02	3.00000000000000e-02	0.00000000000000e+00	0.00000000000000e+00
5	12	19	20	9.57375193710255e+01	-1.20045390434772e+02	3.00000000000000e-02	0.00000000000000e+00	0.00000000000000e+00
7	12	18	19	6.40917902527479e+01	-9.69035138490710e+01	3.00000000000000e-02	0.00000000000000e+00	0.00000000000000e+00
9	12	17	18	5.71828594224114e+01	-8.09808695058281e+01	3.00000000000000e-02	0.00000000000000e+00	0.00000000000000e+00
9	12	18	20	7.46905337805976e+01	-7.32906817590007e+01	3.00000000000000e-02	0.00000000000000e+00	0.00000000000000e+00
10	12	16	17	1.08238870503258e+02	-6.01256911711735e+01	3.00000000000000e-02	0.00000000000000e+00	0.00000000000000e+00
10	12	17	19	5.98918490421492e+01	-6.20002930064184e+01	3.00000000000000e-02	0.00000000000000e+00	0.00000000000000e+00
11	12	13	14	4.01038873290096e+01	-4.70245903382741e+00	3.00000000000000e-02	0.00000000000000e+00	0.00000000000000e+00
11	12	14	15	6.39735624620319e+01	-1.88198497502491e+01	3.00000000000000e-02	0.00000000000000e+00	0.00000000000000e+00
11	12	15	16	9.28100269453415e+01	-4.71092974698449e+01	3.00000000000000e-02	0.00000000000000e+00	0.00000000000000e+00
11	12	16	17	1.02720206171476e+02	-9.44553619967592e+01	3.00000000000000e-02	0.00000000000000e+00	0.00000000000000e+00
11	12	17	18	5.50149793004650e+01	-1.65406350777845e+02	3.00000000000000e-02	0.00000000000000e+00	0.00000000000000e+00
11	12	18	19	6.00724788773326e+01	-2.64519942216348e+02	3.00000000000000e-02	0.00000000000000e+00	0.00000000000000e+00
11	12	19	21	9.35315008138191e+01	-2.33119485998398e+02	3.00000000000000e-02	0.00000000000000e+00	0.00000000000000e+00
8	13	19	20	9.41316659138452e+01	-9.69087808465653e+01	3.00000000000000e-02	0.00000000000000e+00	0.00000000000000e+00
10	13	18	19	6.28687718135080e+01	-8.09872363238883e+01	3.00000000000000e-02	0.00000000000000e+00	0.00000000000000e+00
11	13	17	18	5.81259907851977e+01	-6.01219804129265e+01	3.00000000000000e-02	0.00000000000000e+00	0.00000000000000e+00
11	13	18	20	7.49813911457164e+01	-6.20055001329036e+01	3.00000000000000e-02	0.00000000000000e+00	0.00000000000000e+00
12	13	14	15	6.65444998233186e+01	-4.71896605491037e+00	3.00000000000000e-02	0.00000000000000e+00	0.00000000000000e+00
12	13	15	16	9.52282572452750e+01	-1.88322816974232e+01	3.00000000000000e-02	0.00000000000000e+00	0.00000000000000e+00
12	13	16	17	1.09272565467132e+02	-4.71264476657850e+01	3.00000000000000e-02	0.00000000000000e+00	0.00000000000000e+00
12	13	17	18	6.06231059686079e+01	-9.44542608477512e+01	3.00000000000000e-02	0.00000000000000e+00	0.00000000000000e+00
12	13	18	19	6.64072393341909e+01	-1.65430818928282e+02	3.00000000000000e-02	0.00000000000000e+00	0.00000000000000e+00
12	13	19	20	9.75125169426678e+01	-2.64550489946114e+02	3.00000000000000e-02	0.00000000000000e+00	0.00000000000000e+00
11	14	19	20	7.94541581582917e+01	-8.09903837574022e+01	3.00000000000000e-02	0.00000000000000e+00	0.00000000000000e+00
12	14	18	19	5.47642929617715e+01	-6.01247776367539e+01	3.00000000000000e-02	0.00000000000000e+00	0.00000000000000e+00
13	14	15	16	6.25565873929801e+01	-4.71818950665833e+00	3.00000000000000e-02	0.00000000000000e+00	0.00000000000000e+00
13	14	16	17	6.97461912056569e+01	-1.88327616697017e+01	3.00000000000000e-02	0.00000000000000e+00	0.00000000000000e+00
13	14	17	18	4.24613159681952e+01	-4.71066433931210e+01	3.00000000000000e-02	0.00000000000000e+00	0.00000000000000e+00
13	14	18	19	5.11972165338797e+01	-9.44531869239420e+01	3.00000000000000e-02	0.00000000000000e+00	0.00000000000000e+00
13	14	19	20	7.20597929340763e+01	-1.65431459006068e+02	3.00000000000000e-02	0.00000000000000e+00	0.00000000000000e+00
13	14	20	21	8.13638239137516e+01	-2.64436989257757e+02	3.00000000000000e-02	0.00000000000000e+00	0.00000000000000e+00
13	15	19	20	8.23055727422076e+01	-6.01270931594229e+01	3.00000000000000e-02	0.00000000000000e+00	0.00000000000000e+00
14	15	16	17	6.02364176060835e+01	-4.72301726591945e+00	3.00000000000000e-02	0.00000000000000e+00	0.00000000000000e+00
14	15	17	18	4.56595325628051e+01	-1.88185849082163e+01	3.00000000000000e-02	0.00000000000000e+00	0.00000000000000e+00
14	15	18	19	6.01667365538588e+01	-4.71105255131456e+01	3.00000000000000e-02	0.00000000000000e+00	0.00000000000000e+00
14	15	19	20	9.10516622382313e+01	-9.44586928299135e+01	3.00000000000000e-02	0.00000000000000e+00	0.00000000000000e+00
14	15	20	21	1.00904787317558e+02	-1.65345582610793e+02	3.00000000000000e-02	0.00000000000000e+00	0.00000000000000e+00
15	16	17	18	4.61709069182942e+01	-4.70326868392497e+00	3.00000000000000e-02	0.00000000000000e+00	0.00000000000000e+00
15	16	18	19	7.36869647564313e+01	-1.88240102889834e+01	3.00000000000000e-02	0.00000000000000e+00	0.00000000000000e+00
15	16	19	20	1.25596977435942e+02	-4.71185974511611e+01	3.00000000000000e-02	0.00000000000000e+00	0.00000000000000e+00
15	16	20	21	1.40377069454070e+02	-9.43996970203223e+01	3.00000000000000e-02	0.00000000000000e+00	0.00000000000000e+00
16	17	18	19	7.49838936509668e+01	-4.72631253630378e+00	3.00000000000000e-02	0.00000000000000e+00	0.00000000000000e+00
16	17	19	20	1.19701495991339e+02	-1.88406304042325e+01	3.00000000000000e-02	0.00000000000000e+00	0.00000000000000e+00
16	17	20	21	1.32641912084300e+02	-4.70860636221740e+01	3.00000000000000e-02	0.00000000000000e+00	0.00000000000000e+00
17	18	19	20	5.71212011366611e+01	-4.72458694948480e+00	3.00000000000000e-02	0.00000000000000e+00	0.00000000000000e+00
17	18	20	21	6.01690888756731e+01	-1.88020176853741e+01	3.00000000000000e-02	0.00000000000000e+00	0.00000000000000e+00
18	19	20	21	4.20567509757085e+01	-4.69788679024521e+00	3.00000000000000e-02	0.00000000000000e+00	0.00000000000000e+00
1	4	2	3	4.84808427812472e+01	1.57207293348792e+00	3.00000000000000e-02	0.00000000000000e+00	0.00000000000000e+00
1	5	2	3	4.86887655001723e+01	2.35862042155764e+00	3.00000000000000e-02	0.00000000000000e+00	0.00000000000000e+00
1	5	3	4	5.28160090217285e+01	2.35736292035727e+00	3.00000000000000e-02	0.00000000000000e+00	0.00000000000000e+00
1	6	2	3	5.12000597680441e+01	2.69635780247328e+00	3.00000000000000e-02	0.00000000000000e+00	0.00000000000000e+00
1	6	3	4	6.65007992988430e+01	4.71042225409363e+00	3.00000000000000e-02	0.00000000000000e+00	0.00000000000000e+00
1	6	4	5	7.53715816480662e+01	2.69044893351893e+00	3.00000000000000e-02	0.00000000000000e+00	0.00000000000000e+00
1	7	2	3	5.04017357301426e+01	2.86004617511179e+00	3.00000000000000e-02	0.00000000000000e+00	0.00000000000000e+00
1	7	3	4	6.55793014845619e+01	6.28304684882031e+00	3.00000000000000e-02	0.00000000000000e+00	0.00000000000000e+00
1	7	4	5	6.45720668777681e+01	6.28346877611717e+00	3.00000000000000e-02	0.00000000000000e+00	0.00000000000000e+00
1	7	5	6	3.27406395473104e+01	2.85934461218040e+00	3.00000000000000e-02	0.00000000000000e+00	0.00000000000000e+00
1	8	2	3	5.02595113671907e+01	2.94934606547722e+00	3.00000000000000e-02	0.00000000000000e+00	0.00000000000000e+00
1	8	3	4	6.53597676037111e+01	7.24995203697213e+00	3.00000000000000e-02	0.00000000000000e+00	0.00000000000000e+00
1	8	4	5	6.25895509650047e+01	9.43294198149037e+00	3.00000000000000e-02	0.00000000000000e+00	0.00000000000000e+00
1	8	5	6	3.38938235422265e+01	7.25262202079602e+00	3.00000000000000e-02	0.00000000000000e+00	0.00000000000000e+00
1	8	6	7	4.15473129151279e+01	2.94359084027970e+00	3.00000000000000e-02	0.00000000000000e+00	0.00000000000000e+00
1	9	2	3	5.03379000119300e+01	3.00288131215579e+00	3.00000000000000e-02	0.00000000000000e+00	0.00000000000000e+00
1	9	3	4	6.76110080982209e+01	7.85267802388880e+00	3.00000000000000e-02	0.00000000000000e+00	0.00000000000000e+00
1	9	4	5	6.96349880446434e+01	1.17946039774327e+01	3.00000000000000e-02	0.00000000000000e+00	0.00000000000000e+00
1	9	5	6	4.44454509994144e+01	1.17963158284315e+01	3.00000000000000e-02	0.00000000000000e+00	0.00000000000000e+00
1	9	6	7	7.24155978110945e+01	7.85479970356627e+00	3.00000000000000e-02	0.00000000000000e+00	0.00000000000000e+00
1	9	7	8	7.74582335829102e+01	2.99987349520382e+00	3.00000000000000e-02	0.00000000000000e+00	0.00000000000000e+00
1	10	2	3	5.03578897324910e+01	3.03735877031823e+00	3.00000000000000e-02	0.00000000000000e+00	0.00000000000000e+00
1	10	3	4	6.81258400235761e+01	8.24400751524455e+00	3.00000000000000e-02	0.00000000000000e+00	0.00000000000000e+00
1	10	4	5	7.10381623341132e+01	1.34775278292562e+01	3.00000000000000e-02	0.00000000000000e+00	0.00000000000000e+00
1	10	5	6	4.72877616774931e+01	1.57355744896238e+01	3.00000000000000e-02	0.00000000000000e+00	0.00000000000000e+00
1	10	6	7	8.18102336212588e+01	1.34791081210956e+01	3.00000000000000e-02	0.00000000000000e+00	0.00000000000000e+00
1	10	7	8	9.78242886991843e+01	8.24700203166334e+00	3.00000000000000e-02	0.00000000000000e+00	0.00000000000000e+00
1	10	8	9	4.67743212052412e+01	3.03431837647769e+00	3.00000000000000e-02	0.00000000000000e+00	0.00000000000000e+00
1	11	2	3	5.25816165725834e+01	3.06080776369890e+00	3.00000000000000e-02	0.00000000000000e+00	0.00000000000000e+00
1	11	3	4	7.15653261318527e+01	8.50918701837409e+00	3.00000000000000e-02	0.00000000000000e+00	0.00000000000000e+00
1	11	4	5	7.44100785954837e+01	1.46729554498473e+01	3.00000000000000e-02	0.00000000000000e+00	0.00000000000000e+00
1	11	5	6	5.06595301433556e+01	1.88806179838457e+01	3.00000000000000e-02	0.00000000000000e+00	0.00000000000000e+00
1	11	6	7	9.04542880898294e+01	1.88809104341734e+01	3.00000000000000e-02	0.00000000000000e+00	0.00000000000000e+00
1	11	7	8	1.09886125670384e+02	1.46754533298233e+01	3.00000000000000e-02	0.00000000000000e+00	0.00000000000000e+00
1	11	8	9	5.44923130502225e+01	8.51185705720345e+00	3.00000000000000e-02	0.00000000000000e+00	0.00000000000000e+00
1	11	9	10	4.91764930197124e+01	3.05609198882081e+00	3.00000000000000e-02	0.00000000000000e+00	0.00000000000000e+00
1	12	2	3	5.26619481926976e+01	3.07745048519171e+00	3.00000000000000e-02	0.00000000000000e+00	0.00000000000000e+00
1	12	3	4	7.18378885308551e+01	8.69582814713802e+00	3.00000000000000e-02	0.00000000000000e+00	0.00000000000000e+00
1	12	4	5	7.49985668784931e+01	1.55346329258680e+01	3.00000000000000e-02	0.00000000000000e+00	0.00000000000000e+00
1	12	5	6	5.20204040952036e+01	2.13130245639524e+01	3.00000000000000e-02	0.00000000000000e+00	0.00000000000000e+00
1	12	6	7	9.59120837574252e+01	2.35979755432325e+01	3.00000000000000e-02	0.00000000000000e+00	0.00000000000000e+00
1	12	7	8	1.23524298530892e+02	2.13145282186617e+01	3.00000000000000e-02	0.00000000000000e+00	0.00000000000000e+00
1	12	8	9	6.30704947255639e+01	1.55372451785067e+01	3.00000000000000e-02	0.00000000000000e+00	0.00000000000000e+00
1	12	9	10	6.60478220611508e+01	8.69875527456321e+00	3.00000000000000e-02	0.00000000000000e+00	0.00000000000000e+00
1	12	10	11	6.07155068029375e+01	3.07724116484314e+00	3.00000000000000e-02	0.00000000000000e+00	0.00000000000000e+00
1	13	2	3	5.06610671069963e+01	3.08967348138955e+00	3.00000000000000e-02	0.00000000000000e+00	0.00000000000000e+00
1	13	3	4	6.91600477153288e+01	8.83151655465472e+00	3.00000000000000e-02	0.00000000000000e+00	0.00000000000000e+00
1	13	4	5	7.24412664162265e+01	1.61681571471483e+01	3.00000000000000e-02	0.00000000000000e+00	0.00000000000000e+00
1	13	5	6	5.07465892920932e+01	2.31805322023640e+01	3.00000000000000e-02	0.00000000000000e+00	0.00000000000000e+00
1	13	6	7	9.53270456190884e+01	2.75242019001869e+01	3.00000000000000e-02	0.00000000000000e+00	0.00000000000000e+00
1	13	7	8	1.26802552169071e+02	2.75254414551441e+01	3.00000000000000e-02	0.00000000000000e+00	0.00000000000000e+00
1	13	8	9	6.75977611473017e+01	2.31821509178178e+01	3.00000000000000e-02	0.00000000000000e+00	0.00000000000000e+00
1	13	9	10	7.58583326753067e+01	1.61704505859533e+01	3.00000000000000e-02	0.00000000000000e+00	0.00000000000000e+00
1	13	10	11	8.07719136114054e+01	8.83361370248426e+00	3.00000000000000e-02	0.00000000000000e+00	0.00000000000000e+00
1	13	11	12	5.63057445778579e+01	3.08090768495094e+00	3.00000000000000e-02	0.00000000000000e+00	0.00000000000000e+00
1	14	2	3	5.06832417016290e+01	3.09890687375447e+00	3.00000000000000e-02	0.00000000000000e+00	0.00000000000000e+00
1	14	3	4	6.93147425143856e+01	8.93293380137092e+00	3.00000000000000e-02	0.00000000000000e+00	0.00000000000000e+00
1	14	4	5	7.29234874807682e+01	1.66436121851270e+01	3.00000000000000e-02	0.00000000000000e+00	0.00000000000000e+00
1	14	5	6	5.16877152197319e+01	2.46199975325242e+01	3.00000000000000e-02	0.00000000000000e+00	0.00000000000000e+00
1	14	6	7	9.94158758771495e+01	3.07206063653653e+01	3.00000000000000e-02	0.00000000000000e+00	0.00000000000000e+00
1	14	7	8	1.37516927551415e+02	3.30194893177489e+01	3.00000000000000e-02	0.00000000000000e+00	0.00000000000000e+00
1	14	8	9	7.48263818899593e+01	3.07224547496096e+01	3.00000000000000e-02	0.00000000000000e+00	0.00000000000000e+00
1	14	9	10	9.19840511839909e+01	2.46221190964233e+01	3.00000000000000e-02	0.00000000000000e+00	0.00000000000000e+00
1	14	10	11	1.03630895270195e+02	1.66465439436041e+01	3.00000000000000e-02	0.00000000000000e+00	0.00000000000000e+00
1	14	11	12	8.52483562643904e+01	8.93455651930116e+00	3.00000000000000e-02	0.00000000000000e+00	0.00000000000000e+00
1	14	12	13	8.09278275236313e+01	3.09763288729609e+00	3.00000000000000e-02	0.00000000000000e+00	0.00000000000000e+00
1	15	2	3	5.06431810359417e+01	3.10604801290068e+00	3.00000000000000e-02	0.00000000000000e+00	0.00000000000000e+00
1	15	3	4	6.92518991727171e+01	9.01055724347186e+00	3.00000000000000e-02	0.00000000000000e+00	0.00000000000000e+00
1	15	4	5	7.28615135030044e+01	1.70075053460730e+01	3.00000000000000e-02	0.00000000000000e+00	0.00000000000000e+00
1	15	5	6	5.19521277960782e+01	2.57396452563595e+01	3.00000000000000e-02	0.00000000000000e+00	0.00000000000000e+00
1	15	6	7	1.00903144287709e+02	3.33010380384711e+01	3.00000000000000e-02	0.00000000000000e+00	0.00000000000000e+00
1	15	7	8	1.42943067342917e+02	3.77287901768199e+01	3.00000000000000e-02	0.00000000000000e+00	0.00000000000000e+00
1	15	8	9	7.99924996440628e+01	3.77294636461695e+01	3.00000000000000e-02	0.00000000000000e+00	0.00000000000000e+00
1	15	9	10	1.02270810122252e+02	3.33035296584525e+01	3.00000000000000e-02	0.00000000000000e+00	0.00000000000000e+00
1	15	10	11	1.18825923131059e+02	2.57421843871444e+01	3.00000000000000e-02	0.00000000000000e+00	0.00000000000000e+00
1	15	11	12	1.01948837830329e+02	1.70098152224698e+01	3.00000000000000e-02	0.00000000000000e+00	0.00000000000000e+00
1	15	12	13	1.03009183848331e+02	9.01580547274769e+00	3.00000000000000e-02	0.00000000000000e+00	0.00000000000000e+00
1	15	13	14	6.37630872975390e+01	3.10435237257918e+00	3.00000000000000e-02	0.00000000000000e+00	0.00000000000000e+00
1	16	2	3	5.06734362892123e+01	3.11168237380717e+00	3.00000000000000e-02	0.00000000000000e+00	0.00000000000000e+00
1	16	3	4	6.88172908149230e+01	9.07119903707620e+00	3.00000000000000e-02	0.00000000000000e+00	0.00000000000000e+00
1	16	4	5	7.20909577274017e+01	1.72911093667690e+01	3.00000000000000e-02	0.00000000000000e+00	0.00000000000000e+00
1	16	5	6	5.14462105002662e+01	2.66204816878298e+01	3.00000000000000e-02	0.00000000000000e+00	0.00000000000000e+00
1	16	6	7	9.97224906001024e+01	3.53829116726994e+01	3.00000000000000e-02	0.00000000000000e+00	0.00000000000000e+00
1	16	7	8	1.41786031252476e+02	4.16968683838596e+01	3.00000000000000e-02	0.00000000000000e+00	0.00000000000000e+00
1	16	8	9	8.08349049590436e+01	4.40059148020554e+01	3.00000000000000e-02	0.00000000000000e+00	0.00000000000000e+00
1	16	9	10	1.05321044008874e+02	4.16982583702026e+01	3.00000000000000e-02	0.00000000000000e+00	0.00000000000000e+00
1	16	10	11	1.22519826672023e+02	3.53859116598715e+01	3.00000000000000e-02	0.00000000000000e+00	0.00000000000000e+00
1	16	11	12	1.04911422693070e+02	2.66223996358711e+01	3.00000000000000e-02	0.00000000000000e+00	0.00000000000000e+00
1	16	12	13	1.07029689612455e+02	1.72962460770964e+01	3.00000000000000e-02	0.00000000000000e+00	0.00000000000000e+00
1	16	13	14	6.78099347020168e+01	9.07583700980486e+00	3.00000000000000e-02	0.00000000000000e+00	0.00000000000000e+00
1	16	14	15	6.59849325067622e+01	3.11170421245354e+00	3.00000000000000e-02	0.00000000000000e+00	0.00000000000000e+00
1	17	2	3	3.59360723274533e+01	3.11620467633136e+00	3.00000000000000e-02	0.00000000000000e+00	0.00000000000000e+00
1	17	3	4	2.22140960248681e+01	9.11942396265384e+00	3.00000000000000e-02	0.00000000000000e+00	0.00000000000000e+00
1	17	4	5	6.88728636575419e+01	1.75158095180980e+01	3.00000000000000e-02	0.00000000000000e+00	0.00000000000000e+00
1	17	5	6	4.91154375942058e+01	2.73218726534527e+01	3.00000000000000e-02	0.00000000000000e+00	0.00000000000000e+00
1	17	6	7	9.49685746437913e+01	3.70690081125207e+01	3.00000000000000e-02	0.00000000000000e+00	0.00000000000000e+00
1	17	7	8	1.35944273882589e+02	4.50130206789119e+01	3.00000000000000e-02	0.00000000000000e+00	0.00000000000000e+00
1	17	8	9	7.67987179692925e+01	4.95002951822083e+01	3.00000000000000e-02	0.00000000000000e+00	0.00000000000000e+00
1	17	9	10	1.02873303974872e+02	4.95009185668782e+01	3.00000000000000e-02	0.00000000000000e+00	0.00000000000000e+00
1	17	10	11	1.22418073938207e+02	4.50145885811492e+01	3.00000000000000e-02	0.00000000000000e+00	0.00000000000000e+00
1	17	11	12	1.03365137767112e+02	3.70708916035561e+01	3.00000000000000e-02	0.00000000000000e+00	0.00000000000000e+00
1	17	12	13	1.02730844284094e+02	2.73250126434248e+01	3.00000000000000e-02	0.00000000000000e+00	0.00000000000000e+00
1	17	13	14	6.62940348375683e+01	1.75181300785528e+01	3.00000000000000e-02	0.00000000000000e+00	0.00000000000000e+00
1	17	14	15	7.26167208337539e+01	9.12090464993135e+00	3.00000000000000e-02	0.00000000000000e+00	0.00000000000000e+00
1	17	15	16	7.02687549161138e+01	3.10779305703606e+00	3.00000000000000e-02	0.00000000000000e+00	0.00000000000000e+00
1	18	2	3	2.84398145206573e+01	3.11988881984909e+00	3.00000000000000e-02	0.00000000000000e+00	0.00000000000000e+00
1	18	3	4	1.93367205760171e+01	9.15837611409514e+00	3.00000000000000e-02	0.00000000000000e+00	0.00000000000000e+00
1	18	4	5	6.86293718683258e+01	1.76965114290459e+01	3.00000000000000e-02	0.00000000000000e+00	0.00000000000000e+00
1	18	5	6	4.91274034957612e+01	2.78871532346159e+01	3.00000000000000e-02	0.00000000000000e+00	0.00000000000000e+00
1	18	6	7	9.55746700716800e+01	3.84433052594726e+01	3.00000000000000e-02	0.00000000000000e+00	0.00000000000000e+00
1	18	7	8	1.38587464971461e+02	4.77777427185655e+01	3.00000000000000e-02	0.00000000000000e+00	0.00000000000000e+00
1	18	8	9	7.93913824926912e+01	5.42446483914041e+01	3.00000000000000e-02	0.00000000000000e+00	0.00000000000000e+00
1	18	9	10	1.09642379548017e+02	5.65636324723184e+01	3.00000000000000e-02	0.00000000000000e+00	0.00000000000000e+00
1	18	10	11	1.29870036978043e+02	5.42458698375354e+01	3.00000000000000e-02	0.00000000000000e+00	0.00000000000000e+00
1	18	11	12	1.11276238661393e+02	4.77791636051102e+01	3.00000000000000e-02	0.00000000000000e+00	0.00000000000000e+00
1	18	12	13	1.14632143209124e+02	3.84476802724541e+01	3.00000000000000e-02	0.00000000000000e+00	0.00000000000000e+00
1	18	13	14	7.72667020237381e+01	2.78898874624563e+01	3.00000000000000e-02	0.00000000000000e+00	0.00000000000000e+00
1	18	14	15	9.27809906141919e+01	1.76993377821299e+01	3.00000000000000e-02	0.00000000000000e+00	0.00000000000000e+00
1	18	15	16	1.12894980168934e+02	9.16139708744974e+00	3.00000000000000e-02	0.00000000000000e+00	0.00000000000000e+00
1	18	16	17	9.45806841675645e+01	3.12201051558566e+00	3.00000000000000e-02	0.00000000000000e+00	0.00000000000000e+00
1	19	3	4	2.39202524944514e+01	9.19027059315477e+00	3.00000000000000e-02	0.00000000000000e+00	0.00000000000000e+00
1	19	4	5	6.48648219037146e+01	1.78437813855590e+01	3.00000000000000e-02	0.00000000000000e+00	0.00000000000000e+00
1	19	5	6	4.64791001077614e+01	2.83480017002796e+01	3.00000000000000e-02	0.00000000000000e+00	0.00000000000000e+00
1	19	6	7	9.06933568404024e+01	3.95719445517625e+01	3.00000000000000e-02	0.00000000000000e+00	0.00000000000000e+00
1	19	7	8	1.32507503494015e+02	5.00854252083682e+01	3.00000000000000e-02	0.00000000000000e+00	0.00000000000000e+00
1	19	8	9	7.71860522272031e+01	5.83108349529373e+01	3.00000000000000e-02	0.00000000000000e+00	0.00000000000000e+00
1	19	9	10	1.08778407290913e+02	6.28442720003888e+01	3.00000000000000e-02	0.00000000000000e+00	0.00000000000000e+00
1	19	2	3	4.87414322009890e+01	3.12292935499302e+00	3.00000000000000e-02	0.00000000000000e+00	0.00000000000000e+00
1	19	10	11	1.39592133824819e+02	6.28448032274239e+01	3.00000000000000e-02	0.00000000000000e+00	0.00000000000000e+00
1	19	11	12	1.22576619285492e+02	5.83117845979439e+01	3.00000000000000e-02	0.00000000000000e+00	0.00000000000000e+00
1	19	12	13	1.29344271592110e+02	5.00887858080434e+01	3.00000000000000e-02	0.00000000000000e+00	0.00000000000000e+00
1	19	13	14	8.91660167798042e+01	3.95756937395105e+01	3.00000000000000e-02	0.00000000000000e+00	0.00000000000000e+00
1	19	14	15	1.12656250749367e+02	2.83506096991621e+01	3.00000000000000e-02	0.00000000000000e+00	0.00000000000000e+00
1	19	15	16	1.49852361347841e+02	1.78475769896538e+01	3.00000000000000e-02	0.00000000000000e+00	0.00000000000000e+00
1	19	16	17	1.35680872453429e+02	9.19751845209285e+00	3.00000000000000e-02	0.00000000000000e+00	0.00000000000000e+00
1	19	17	18	5.63527707395994e+01	3.12364657355864e+00	3.00000000000000e-02	0.00000000000000e+00	0.00000000000000e+00
1	20	2	3	4.99352840888987e+01	3.12546764947510e+00	3.00000000000000e-02	0.00000000000000e+00	0.00000000000000e+00
1	20	3	4	6.75294981991374e+01	9.21670377203023e+00	3.00000000000000e-02	0.00000000000000e+00	0.00000000000000e+00
1	20	4	5	7.01676158654719e+01	1.79652552052804e+01	3.00000000000000e-02	0.00000000000000e+00	0.00000000000000e+00
1	20	5	6	5.00303232228761e+01	2.87277986729348e+01	3.00000000000000e-02	0.00000000000000e+00	0.00000000000000e+00
1	20	6	7	9.74647748681335e+01	4.05063565465860e+01	3.00000000000000e-02	0.00000000000000e+00	0.00000000000000e+00
1	20	7	8	1.42984271830811e+02	5.20183036641688e+01	3.00000000000000e-02	0.00000000000000e+00	0.00000000000000e+00
1	20	8	9	8.34253492493054e+01	6.17851133118351e+01	3.00000000000000e-02	0.00000000000000e+00	0.00000000000000e+00
1	20	9	10	1.19815891164490e+02	6.83673838191017e+01	3.00000000000000e-02	0.00000000000000e+00	0.00000000000000e+00
1	20	10	11	1.43134042278958e+02	7.06943000059060e+01	3.00000000000000e-02	0.00000000000000e+00	0.00000000000000e+00
1	20	11	12	1.27322069726330e+02	6.83674501301228e+01	3.00000000000000e-02	0.00000000000000e+00	0.00000000000000e+00
1	20	12	13	1.35689886288036e+02	6.17873148009342e+01	3.00000000000000e-02	0.00000000000000e+00	0.00000000000000e+00
1	20	13	14	9.47639659551677e+01	5.20203801759747e+01	3.00000000000000e-02	0.00000000000000e+00	0.00000000000000e+00
1	20	14	15	1.21421996803481e+02	4.05088365339127e+01	3.00000000000000e-02	0.00000000000000e+00	0.00000000000000e+00
1	20	15	16	1.65651869693802e+02	2.87298762528621e+01	3.00000000000000e-02	0.00000000000000e+00	0.00000000000000e+00
1	20	16	17	1.50633087853680e+02	1.79700336003608e+01	3.00000000000000e-02	0.00000000000000e+00	0.00000000000000e+00
1	20	17	18	6.33056233548685e+01	9.21829448376581e+00	3.00000000000000e-02	0.00000000000000e+00	0.00000000000000e+00
1	20	18	19	2.77199406784921e+01	3.11685191419105e+00	3.00000000000000e-02	0.00000000000000e+00	0.00000000000000e+00
1	21	2	3	5.02938217636157e+01	3.12760853224480e+00	3.00000000000000e-02	0.00000000000000e+00	0.00000000000000e+00
1	21	3	4	6.79384363621378e+01	9.23884980365126e+00	3.00000000000000e-02	0.00000000000000e+00	0.00000000000000e+00
1	21	4	5	7.04349804183830e+01	1.80665515201155e+01	3.00000000000000e-02	0.00000000000000e+00	0.00000000000000e+00
1	21	5	6	5.00898593126904e+01	2.90439976996036e+01	3.00000000000000e-02	0.00000000000000e+00	0.00000000000000e+00
1	21	6	7	9.73429759414403e+01	4.12863857242881e+01	3.00000000000000e-02	0.00000000000000e+00	0.00000000000000e+00
1	21	7	8	1.42891623906437e+02	5.36452463194866e+01	3.00000000000000e-02	0.00000000000000e+00	0.00000000000000e+00
1	21	8	9	8.38010458180873e+01	6.47537347433352e+01	3.00000000000000e-02	0.00000000000000e+00	0.00000000000000e+00
1	21	9	10	1.21640201014950e+02	7.31938943100623e+01	3.00000000000000e-02	0.00000000000000e+00	0.00000000000000e+00
1	21	10	11	1.72773826617025e+02	7.77626469486702e+01	3.00000000000000e-02	0.00000000000000e+00	0.00000000000000e+00
1	21	11	12	1.06278242594986e+02	7.77632400873540e+01	3.00000000000000e-02	0.00000000000000e+00	0.00000000000000e+00
1	21	12	13	1.41033822566336e+02	7.31981598795564e+01	3.00000000000000e-02	0.00000000000000e+00	0.00000000000000e+00
1	21	13	14	9.92726414073109e+01	6.47600617166543e+01	3.00000000000000e-02	0.00000000000000e+00	0.00000000000000e+00
1	21	14	15	1.29088193803824e+02	5.36537308771270e+01	3.00000000000000e-02	0.00000000000000e+00	0.00000000000000e+00
1	21	15	16	1.79218658200910e+02	4.12989038496873e+01	3.00000000000000e-02	0.00000000000000e+00	0.00000000000000e+00
1	21	16	17	1.63151110227191e+02	2.90609037277843e+01	3.00000000000000e-02	0.00000000000000e+00	0.00000000000000e+00
1	21	17	18	6.95277825588739e+01	1.80850940982588e+01	3.00000000000000e-02	0.00000000000000e+00	0.00000000000000e+00
1	21	18	19	5.73775116833091e+01	9.26141330378027e+00	3.00000000000000e-02	0.00000000000000e+00	0.00000000000000e+00
1	21	19	20	6.54942143992923e+01	3.15608911073755e+00	3.00000000000000e-02	0.00000000000000e+00	0.00000000000000e+00
2	21	3	4	7.58542345784808e+01	3.11955792259654e+00	3.00000000000000e-02	0.00000000000000e+00	0.00000000000000e+00
2	21	4	5	6.92619860310345e+01	9.21995825859265e+00	3.00000000000000e-02	0.00000000000000e+00	0.00000000000000e+00
2	21	5	6	4.86944167962227e+01	1.79693477877908e+01	3.00000000000000e-02	0.00000000000000e+00	0.00000000000000e+00
2	21	6	7	9.15021962049245e+01	2.87299158233434e+01	3.00000000000000e-02	0.00000000000000e+00	0.00000000000000e+00
2	21	7	8	1.31978844209402e+02	4.05099063240582e+01	3.00000000000000e-02	0.00000000000000e+00	0.00000000000000e+00
2	21	8	9	7.53310147195681e+01	5.20209480899448e+01	3.00000000000000e-02	0.00000000000000e+00	0.00000000000000e+00
2	21	9	10	1.15000787518746e+02	6.17875208967972e+01	3.00000000000000e-02	0.00000000000000e+00	0.00000000000000e+00
2	21	10	11	1.42604554558965e+02	6.83695647974941e+01	3.00000000000000e-02	0.00000000000000e+00	0.00000000000000e+00
2	21	11	12	1.17538809529505e+02	7.06962086440461e+01	3.00000000000000e-02	0.00000000000000e+00	0.00000000000000e+00
2	21	12	13	1.46025443455099e+02	6.83719739927889e+01	3.00000000000000e-02	0.00000000000000e+00	0.00000000000000e+00
2	21	13	14	9.82055580211478e+01	6.17913169999231e+01	3.00000000000000e-02	0.00000000000000e+00	0.00000000000000e+00
2	21	14	15	1.27996056526104e+02	5.20264760024972e+01	3.00000000000000e-02	0.00000000000000e+00	0.00000000000000e+00
2	21	15	16	1.78467728591287e+02	4.05184871705233e+01	3.00000000000000e-02	0.00000000000000e+00	0.00000000000000e+00
2	21	16	17	1.62820174233631e+02	2.87443682201586e+01	3.00000000000000e-02	0.00000000000000e+00	0.00000000000000e+00
2	21	17	18	6.93818047889830e+01	1.79835992154044e+01	3.00000000000000e-02	0.00000000000000e+00	0.00000000000000e+00
2	21	18	19	5.44861045982649e+01	9.23916107341748e+00	3.00000000000000e-02	0.00000000000000e+00	0.00000000000000e+00
2	21	19	20	1.52512013209778e+01	3.15390926162517e+00	3.00000000000000e-02	0.00000000000000e+00	0.00000000000000e+00
3	21	4	5	5.60578800488637e+01	3.11928286326406e+00	3.00000000000000e-02	0.00000000000000e+00	0.00000000000000e+00
3	21	5	6	4.12148928787822e+01	9.19486810104949e+00	3.00000000000000e-02	0.00000000000000e+00	0.00000000000000e+00
3	21	6	7	7.78651743914813e+01	1.78466642046388e+01	3.00000000000000e-02	0.00000000000000e+00	0.00000000000000e+00
3	21	7	8	1.10955734405959e+02	2.83512497172581e+01	3.00000000000000e-02	0.00000000000000e+00	0.00000000000000e+00
3	21	8	9	6.50536973947460e+01	3.95761530848457e+01	3.00000000000000e-02	0.00000000000000e+00	0.00000000000000e+00
3	21	9	10	1.02925793093021e+02	5.00887127132232e+01	3.00000000000000e-02	0.00000000000000e+00	0.00000000000000e+00
3	21	10	11	1.30657991892096e+02	5.83135806285323e+01	3.00000000000000e-02	0.00000000000000e+00	0.00000000000000e+00
3	21	11	12	1.23486428000280e+02	6.28461641815258e+01	3.00000000000000e-02	0.00000000000000e+00	0.00000000000000e+00
3	21	12	13	1.00964834295750e+02	6.28480938541479e+01	3.00000000000000e-02	0.00000000000000e+00	0.00000000000000e+00
3	21	13	14	1.21164349318761e+02	5.83162950165139e+01	3.00000000000000e-02	0.00000000000000e+00	0.00000000000000e+00
3	21	14	15	1.25923638239785e+02	5.00929422546681e+01	3.00000000000000e-02	0.00000000000000e+00	0.00000000000000e+00
3	21	15	16	1.76908925011804e+02	3.95834936906343e+01	3.00000000000000e-02	0.00000000000000e+00	0.00000000000000e+00
3	21	16	17	1.62226348472849e+02	2.83641258157031e+01	3.00000000000000e-02	0.00000000000000e+00	0.00000000000000e+00
3	21	17	18	6.92667457060404e+01	1.78618755221345e+01	3.00000000000000e-02	0.00000000000000e+00	0.00000000000000e+00
3	21	18	19	5.38188973176072e+01	9.21259890953036e+00	3.00000000000000e-02	0.00000000000000e+00	0.00000000000000e+00
3	21	19	20	1.56565053147361e+01	3.15132457932425e+00	3.00000000000000e-02	0.00000000000000e+00	0.00000000000000e+00
4	21	5	6	3.44981097415385e+01	3.11852957717097e+00	3.00000000000000e-02	0.00000000000000e+00	0.00000000000000e+00
4	21	6	7	3.04969452020398e+01	9.16005730926845e+00	3.00000000000000e-02	0.00000000000000e+00	0.00000000000000e+00
4	21	7	8	9.24475323226157e+01	1.76996422303515e+01	3.00000000000000e-02	0.00000000000000e+00	0.00000000000000e+00
4	21	8	9	5.52163505980304e+01	2.78904264143282e+01	3.00000000000000e-02	0.00000000000000e+00	0.00000000000000e+00
4	21	9	10	9.01891774268173e+01	3.84475790153414e+01	3.00000000000000e-02	0.00000000000000e+00	0.00000000000000e+00
4	21	10	11	1.16430174704467e+02	4.77809273435795e+01	3.00000000000000e-02	0.00000000000000e+00	0.00000000000000e+00
4	21	11	12	1.12617622923785e+02	5.42468872765121e+01	3.00000000000000e-02	0.00000000000000e+00	0.00000000000000e+00
4	21	12	13	1.26094718379370e+02	5.65667854182440e+01	3.00000000000000e-02	0.00000000000000e+00	0.00000000000000e+00
4	21	13	14	1.15368864074325e+02	5.42493624093995e+01	3.00000000000000e-02	0.00000000000000e+00	0.00000000000000e+00
4	21	14	15	1.05071518170428e+02	4.77845420674479e+01	3.00000000000000e-02	0.00000000000000e+00	0.00000000000000e+00
4	21	15	16	1.75632174973095e+02	3.84541830909430e+01	3.00000000000000e-02	0.00000000000000e+00	0.00000000000000e+00
4	21	16	17	1.62362468516907e+02	2.79027489043246e+01	3.00000000000000e-02	0.00000000000000e+00	0.00000000000000e+00
4	21	17	18	6.95157194764454e+01	1.77143059668283e+01	3.00000000000000e-02	0.00000000000000e+00	0.00000000000000e+00
4	21	18	19	5.49508218701358e+01	9.18054953331693e+00	3.00000000000000e-02	0.00000000000000e+00	0.00000000000000e+00
4	21	19	20	3.03434768009391e+01	3.14822855148685e+00	3.00000000000000e-02	0.00000000000000e+00	0.00000000000000e+00
5	21	6	7	7.91188775921136e+01	3.10841813343418e+00	3.00000000000000e-02	0.00000000000000e+00	0.00000000000000e+00
5	21	7	8	8.13742082685960e+01	9.12120683215538e+00	3.00000000000000e-02	0.00000000000000e+00	0.00000000000000e+00
5	21	8	9	4.78447245547652e+01	1.75188021291317e+01	3.00000000000000e-02	0.00000000000000e+00	0.00000000000000e+00
5	21	9	10	8.23441873059669e+01	2.73250994876280e+01	3.00000000000000e-02	0.00000000000000e+00	0.00000000000000e+00
5	21	10	11	1.07019241349972e+02	3.70729552398475e+01	3.00000000000000e-02	0.00000000000000e+00	0.00000000000000e+00
5	21	11	12	1.05542603237209e+02	4.50155692009693e+01	3.00000000000000e-02	0.00000000000000e+00	0.00000000000000e+00
5	21	12	13	1.20400202153126e+02	4.95036088041962e+01	3.00000000000000e-02	0.00000000000000e+00	0.00000000000000e+00
5	21	13	14	9.09983646095765e+01	4.95043301343041e+01	3.00000000000000e-02	0.00000000000000e+00	0.00000000000000e+00
5	21	14	15	7.52016516738053e+01	4.50190678347054e+01	3.00000000000000e-02	0.00000000000000e+00	0.00000000000000e+00
5	21	15	16	2.07182190599661e+02	3.70791221585878e+01	3.00000000000000e-02	0.00000000000000e+00	0.00000000000000e+00
5	21	16	17	1.61782159846123e+02	2.73368411899297e+01	3.00000000000000e-02	0.00000000000000e+00	0.00000000000000e+00
5	21	17	18	6.94546081605255e+01	1.75332423265348e+01	3.00000000000000e-02	0.00000000000000e+00	0.00000000000000e+00
5	21	18	19	5.48887704784296e+01	9.14140947710592e+00	3.00000000000000e-02	0.00000000000000e+00	0.00000000000000e+00
5	21	19	20	1.83545340661832e+01	3.14447729189185e+00	3.00000000000000e-02	0.00000000000000e+00	0.00000000000000e+00
6	21	7	8	4.96606457046076e+01	3.11057529890872e+00	3.00000000000000e-02	0.00000000000000e+00	0.00000000000000e+00
6	21	8	9	3.21751971943697e+01	9.07519523731307e+00	3.00000000000000e-02	0.00000000000000e+00	0.00000000000000e+00
6	21	9	10	6.52872307079083e+01	1.72955469714709e+01	3.00000000000000e-02	0.00000000000000e+00	0.00000000000000e+00
6	21	10	11	8.85163151062024e+01	2.66242507049471e+01	3.00000000000000e-02	0.00000000000000e+00	0.00000000000000e+00
6	21	11	12	9.16082728537597e+01	3.53866581377173e+01	3.00000000000000e-02	0.00000000000000e+00	0.00000000000000e+00
6	21	12	13	1.08332306566054e+02	4.17004340348263e+01	3.00000000000000e-02	0.00000000000000e+00	0.00000000000000e+00
6	21	13	14	8.50372497854362e+01	4.40092170750500e+01	3.00000000000000e-02	0.00000000000000e+00	0.00000000000000e+00
6	21	14	15	1.17137366163774e+02	4.17020716803936e+01	3.00000000000000e-02	0.00000000000000e+00	0.00000000000000e+00
6	21	15	16	1.00534885717000e+02	3.53921304361756e+01	3.00000000000000e-02	0.00000000000000e+00	0.00000000000000e+00
6	21	16	17	1.91270643691705e+02	2.66346913621989e+01	3.00000000000000e-02	0.00000000000000e+00	0.00000000000000e+00
6	21	17	18	6.56044415898765e+01	1.73080980030753e+01	3.00000000000000e-02	0.00000000000000e+00	0.00000000000000e+00
6	21	18	19	5.16343350062789e+01	9.09295324580063e+00	3.00000000000000e-02	0.00000000000000e+00	0.00000000000000e+00
6	21	19	20	1.58035132874495e+01	3.13987274172131e+00	3.00000000000000e-02	0.00000000000000e+00	0.00000000000000e+00
7	21	8	9	3.00791162548176e+01	3.09980535523779e+00	3.00000000000000e-02	0.00000000000000e+00	0.00000000000000e+00
7	21	9	10	2.59263192769724e+01	9.01386840490372e+00	3.00000000000000e-02	0.00000000000000e+00	0.00000000000000e+00
7	21	10	11	8.06034461529839e+01	1.70111192569844e+01	3.00000000000000e-02	0.00000000000000e+00	0.00000000000000e+00
7	21	11	12	8.37714935173698e+01	2.57424977236779e+01	3.00000000000000e-02	0.00000000000000e+00	0.00000000000000e+00
7	21	12	13	1.00227406454915e+02	3.33051125168773e+01	3.00000000000000e-02	0.00000000000000e+00	0.00000000000000e+00
7	21	13	14	8.04709430776252e+01	3.77319562421462e+01	3.00000000000000e-02	0.00000000000000e+00	0.00000000000000e+00
7	21	14	15	1.12342210783714e+02	3.77330427280224e+01	3.00000000000000e-02	0.00000000000000e+00	0.00000000000000e+00
7	21	15	16	1.66731551051341e+02	3.33092037572827e+01	3.00000000000000e-02	0.00000000000000e+00	0.00000000000000e+00
7	21	16	17	1.66125956428453e+02	2.57529277834631e+01	3.00000000000000e-02	0.00000000000000e+00	0.00000000000000e+00
7	21	17	18	7.25240314048479e+01	1.70239409699370e+01	3.00000000000000e-02	0.00000000000000e+00	0.00000000000000e+00
7	21	18	19	5.77551770850710e+01	9.03202242635002e+00	3.00000000000000e-02	0.00000000000000e+00	0.00000000000000e+00
7	21	19	20	6.54341800813702e+01	3.13413609996073e+00	3.00000000000000e-02	0.00000000000000e+00	0.00000000000000e+00
8	21	9	10	6.48906027723849e+01	3.09567462430933e+00	3.00000000000000e-02	0.00000000000000e+00	0.00000000000000e+00
8	21	10	11	8.63713744586434e+01	8.93652904182351e+00	3.00000000000000e-02	0.00000000000000e+00	0.00000000000000e+00
8	21	11	12	8.20638494585421e+01	1.66469930844060e+01	3.00000000000000e-02	0.00000000000000e+00	0.00000000000000e+00
8	21	12	13	9.88740926673642e+01	2.46234152255324e+01	3.00000000000000e-02	0.00000000000000e+00	0.00000000000000e+00
8	21	13	14	7.88460216737855e+01	3.07242169211049e+01	3.00000000000000e-02	0.00000000000000e+00	0.00000000000000e+00
8	21	14	15	1.12468539708433e+02	3.30227464724581e+01	3.00000000000000e-02	0.00000000000000e+00	0.00000000000000e+00
8	21	15	16	1.67719628646091e+02	3.07275604487295e+01	3.00000000000000e-02	0.00000000000000e+00	0.00000000000000e+00
8	21	16	17	1.61475775987138e+02	2.46321443533798e+01	3.00000000000000e-02	0.00000000000000e+00	0.00000000000000e+00
8	21	17	18	6.23177973279844e+01	1.66593500506547e+01	3.00000000000000e-02	0.00000000000000e+00	0.00000000000000e+00
8	21	18	19	5.24098281661060e+01	8.95403174772577e+00	3.00000000000000e-02	0.00000000000000e+00	0.00000000000000e+00
8	21	19	20	5.81590748537783e+01	3.12686560359672e+00	3.00000000000000e-02	0.00000000000000e+00	0.00000000000000e+00
9	21	10	11	5.89047979228843e+01	3.08660647258878e+00	3.00000000000000e-02	0.00000000000000e+00	0.00000000000000e+00
9	21	11	12	6.32846964231582e+01	8.83449895344618e+00	3.00000000000000e-02	0.00000000000000e+00	0.00000000000000e+00
9	21	12	13	8.09363856386592e+01	1.61716553087036e+01	3.00000000000000e-02	0.00000000000000e+00	0.00000000000000e+00
9	21	13	14	7.06875237424478e+01	2.31831542337051e+01	3.00000000000000e-02	0.00000000000000e+00	0.00000000000000e+00
9	21	14	15	1.02277209215133e+02	2.75276169754142e+01	3.00000000000000e-02	0.00000000000000e+00	0.00000000000000e+00
9	21	15	16	1.58293305714429e+02	2.75297493372804e+01	3.00000000000000e-02	0.00000000000000e+00	0.00000000000000e+00
9	21	16	17	1.57750022309847e+02	2.31912683688561e+01	3.00000000000000e-02	0.00000000000000e+00	0.00000000000000e+00
9	21	17	18	7.01047412344497e+01	1.61829965915165e+01	3.00000000000000e-02	0.00000000000000e+00	0.00000000000000e+00
9	21	18	19	5.79256462846180e+01	8.85213790454896e+00	3.00000000000000e-02	0.00000000000000e+00	0.00000000000000e+00
9	21	19	20	6.54792409496262e+01	3.11746528992698e+00	3.00000000000000e-02	0.00000000000000e+00	0.00000000000000e+00
10	21	11	12	4.86177683490649e+01	3.07267884854985e+00	3.00000000000000e-02	0.00000000000000e+00	0.00000000000000e+00
10	21	12	13	6.77162604009211e+01	8.69910388641225e+00	3.00000000000000e-02	0.00000000000000e+00	0.00000000000000e+00
10	21	13	14	6.39169872688118e+01	1.55370997996543e+01	3.00000000000000e-02	0.00000000000000e+00	0.00000000000000e+00
10	21	14	15	9.58483869269958e+01	2.13155097521479e+01	3.00000000000000e-02	0.00000000000000e+00	0.00000000000000e+00
10	21	15	16	1.53268972559954e+02	2.36019551487399e+01	3.00000000000000e-02	0.00000000000000e+00	0.00000000000000e+00
10	21	16	17	1.57919486374066e+02	2.13220304566411e+01	3.00000000000000e-02	0.00000000000000e+00	0.00000000000000e+00
10	21	17	18	7.14856624577976e+01	1.55483045594592e+01	3.00000000000000e-02	0.00000000000000e+00	0.00000000000000e+00
10	21	18	19	5.81013030634205e+01	8.71581864054588e+00	3.00000000000000e-02	0.00000000000000e+00	0.00000000000000e+00
10	21	19	20	2.85242534838259e+01	3.10502199249397e+00	3.00000000000000e-02	0.00000000000000e+00	0.00000000000000e+00
11	21	12	13	5.93862904471272e+01	3.06075456498530e+00	3.00000000000000e-02	0.00000000000000e+00	0.00000000000000e+00
11	21	13	14	5.25835893565545e+01	8.51110906466002e+00	3.00000000000000e-02	0.00000000000000e+00	0.00000000000000e+00
11	21	14	15	8.72653577374514e+01	1.46756713862918e+01	3.00000000000000e-02	0.00000000000000e+00	0.00000000000000e+00
11	21	15	16	1.40302908768538e+02	1.88835019446425e+01	3.00000000000000e-02	0.00000000000000e+00	0.00000000000000e+00
11	21	16	17	1.49171410622692e+02	1.88876451661649e+01	3.00000000000000e-02	0.00000000000000e+00	0.00000000000000e+00
11	21	17	18	6.89999551233487e+01	1.46851220724655e+01	3.00000000000000e-02	0.00000000000000e+00	0.00000000000000e+00
11	21	18	19	5.65521076505453e+01	8.52832756764654e+00	3.00000000000000e-02	0.00000000000000e+00	0.00000000000000e+00
11	21	19	20	4.32874828333891e+01	3.08808090068122e+00	3.00000000000000e-02	0.00000000000000e+00	0.00000000000000e+00
12	21	13	14	4.94429474928624e+01	3.02894278144163e+00	3.00000000000000e-02	0.00000000000000e+00	0.00000000000000e+00
12	21	14	15	7.06007328051359e+01	8.24569736796053e+00	3.00000000000000e-02	0.00000000000000e+00	0.00000000000000e+00
12	21	15	16	1.26883586668766e+02	1.34800844679316e+01	3.00000000000000e-02	0.00000000000000e+00	0.00000000000000e+00
12	21	16	17	1.41528302813409e+02	1.57401802377803e+01	3.00000000000000e-02	0.00000000000000e+00	0.00000000000000e+00
12	21	17	18	6.78828504238620e+01	1.34876594337849e+01	3.00000000000000e-02	0.00000000000000e+00	0.00000000000000e+00
12	21	18	19	5.66233135525711e+01	8.26195572372818e+00	3.00000000000000e-02	0.00000000000000e+00	0.00000000000000e+00
12	21	19	20	4.28453594145860e+01	3.06421308167967e+00	3.00000000000000e-02	0.00000000000000e+00	0.00000000000000e+00
13	21	15	16	1.11528706628591e+02	7.85645801072086e+00	3.00000000000000e-02	0.00000000000000e+00	0.00000000000000e+00
13	21	16	17	1.33330294914671e+02	1.17992455609935e+01	3.00000000000000e-02	0.00000000000000e+00	0.00000000000000e+00
13	21	17	18	6.69185417460162e+01	1.18023368406043e+01	3.00000000000000e-02	0.00000000000000e+00	0.00000000000000e+00
13	21	18	19	5.70619460899355e+01	7.86896348488807e+00	3.00000000000000e-02	0.00000000000000e+00	0.00000000000000e+00
13	21	19	20	4.07384336243433e+01	3.02912755871062e+00	3.00000000000000e-02	0.00000000000000e+00	0.00000000000000e+00
13	21	14	15	7.02661160436364e+01	3.00132480954550e+00	3.00000000000000e-02	0.00000000000000e+00	0.00000000000000e+00
14	21	15	16	8.32713481772506e+01	2.94785660547968e+00	3.00000000000000e-02	0.00000000000000e+00	0.00000000000000e+00
14	21	16	17	1.10411931373829e+02	7.25425460561416e+00	3.00000000000000e-02	0.00000000000000e+00	0.00000000000000e+00
14	21	17	18	6.35900774314988e+01	9.43775415140443e+00	3.00000000000000e-02	0.00000000000000e+00	0.00000000000000e+00
14	21	18	19	5.81700447740012e+01	7.26381019130406e+00	3.00000000000000e-02	0.00000000000000e+00	0.00000000000000e+00
14	21	19	20	6.65238119795214e+01	2.97466013725586e+00	3.00000000000000e-02	0.00000000000000e+00	0.00000000000000e+00
15	21	16	17	8.16252804831361e+01	2.86058211929896e+00	3.00000000000000e-02	0.00000000000000e+00	0.00000000000000e+00
15	21	17	18	5.78402260790164e+01	6.28549853773799e+00	3.00000000000000e-02	0.00000000000000e+00	0.00000000000000e+00
15	21	18	19	5.84026073154152e+01	6.29344544455875e+00	3.00000000000000e-02	0.00000000000000e+00	0.00000000000000e+00
15	21	19	20	6.75416254176556e+01	2.88384315659462e+00	3.00000000000000e-02	0.00000000000000e+00	0.00000000000000e+00
16	21	17	18	4.98315294320046e+01	2.69023702468834e+00	3.00000000000000e-02	0.00000000000000e+00	0.00000000000000e+00
16	21	18	19	6.15345453902664e+01	4.71655581115750e+00	3.00000000000000e-02	0.00000000000000e+00	0.00000000000000e+00
16	21	19	20	6.90016436285579e+01	2.71752024813747e+00	3.00000000000000e-02	0.00000000000000e+00	0.00000000000000e+00
17	21	18	19	6.85896174470817e+01	2.36071456661189e+00	3.00000000000000e-02	0.00000000000000e+00	0.00000000000000e+00
17	21	19	20	7.51706435912940e+01	2.37496227931535e+00	3.00000000000000e-02	0.00000000000000e+00	0.00000000000000e+00
18	21	19	20	6.83021467939970e+01	1.58048284880593e+00	3.00000000000000e-02	0.00000000000000e+00	0.00000000000000e+00
1	4	2	3	4.83997238178792e+01	1.57207293348792e+00	3.00000000000000e-02	0.00000000000000e+00	0.00000000000000e+00
2	5	3	4	6.11390818715797e+01	1.57103642350217e+00	3.00000000000000e-02	0.00000000000000e+00	0.00000000000000e+00
3	6	4	5	6.55395476431654e+01	1.57005396392649e+00	3.00000000000000e-02	0.00000000000000e+00	0.00000000000000e+00
4	7	5	6	3.57576890765692e+01	1.57241625447742e+00	3.00000000000000e-02	0.00000000000000e+00	0.00000000000000e+00
2	8	4	6	4.97690465330296e+01	3.14246139143744e+00	3.00000000000000e-02	0.00000000000000e+00	0.00000000000000e+00
5	8	6	7	5.86969282760211e+01	1.56934846642357e+00	3.00000000000000e-02	0.00000000000000e+00	0.00000000000000e+00
3	9	5	7	5.58983400031244e+01	3.14247470222197e+00	3.00000000000000e-02	0.00000000000000e+00	0.00000000000000e+00
6	9	7	8	6.18371531346971e+01	1.57185660303448e+00	3.00000000000000e-02	0.00000000000000e+00	0.00000000000000e+00
4	10	6	8	8.25172664052081e+01	3.14217424966141e+00	3.00000000000000e-02	0.00000000000000e+00	0.00000000000000e+00
7	10	8	9	3.55076980845561e+01	1.57054639116068e+00	3.00000000000000e-02	0.00000000000000e+00	0.00000000000000e+00
2	11	5	8	8.24022712855597e+01	4.71878593597515e+00	3.00000000000000e-02	0.00000000000000e+00	0.00000000000000e+00
2	11	6	7	8.86225345804700e+01	1.57357867189763e+01	3.00000000000000e-02	0.00000000000000e+00	0.00000000000000e+00
5	11	7	9	6.65834612753284e+01	3.14212251070420e+00	3.00000000000000e-02	0.00000000000000e+00	0.00000000000000e+00
8	11	9	10	5.46094205281870e+01	1.57088384449745e+00	3.00000000000000e-02	0.00000000000000e+00	0.00000000000000e+00
3	12	6	9	8.32595570741625e+01	4.71872578277438e+00	3.00000000000000e-02	0.00000000000000e+00	0.00000000000000e+00
3	12	7	8	1.11127180752556e+02	1.57363371981382e+01	3.00000000000000e-02	0.00000000000000e+00	0.00000000000000e+00
6	12	8	10	4.91258037460365e+01	3.14244250918164e+00	3.00000000000000e-02	0.00000000000000e+00	0.00000000000000e+00
9	12	10	11	5.81006853562294e+01	1.57211159306952e+00	3.00000000000000e-02	0.00000000000000e+00	0.00000000000000e+00
4	13	7	10	7.99103396850758e+01	4.71867797773095e+00	3.00000000000000e-02	0.00000000000000e+00	0.00000000000000e+00
4	13	8	9	5.88543091665190e+01	1.57361096999313e+01	3.00000000000000e-02	0.00000000000000e+00	0.00000000000000e+00
7	13	9	11	6.83918593461633e+01	3.14219958770552e+00	3.00000000000000e-02	0.00000000000000e+00	0.00000000000000e+00
10	13	11	12	4.92597694733960e+01	1.56944223283023e+00	3.00000000000000e-02	0.00000000000000e+00	0.00000000000000e+00
2	14	6	10	9.81009408613408e+01	6.29199051152179e+00	3.00000000000000e-02	0.00000000000000e+00	0.00000000000000e+00
2	14	7	9	1.02240378159309e+02	1.37629452054418e+01	3.00000000000000e-02	0.00000000000000e+00	0.00000000000000e+00
5	14	8	11	7.83904313380206e+01	4.71870504722415e+00	3.00000000000000e-02	0.00000000000000e+00	0.00000000000000e+00
5	14	9	10	8.31155229237550e+01	1.57361521073711e+01	3.00000000000000e-02	0.00000000000000e+00	0.00000000000000e+00
8	14	10	12	8.22395664988571e+01	3.14218886468943e+00	3.00000000000000e-02	0.00000000000000e+00	0.00000000000000e+00
11	14	12	13	6.64118055057252e+01	1.57261776566300e+00	3.00000000000000e-02	0.00000000000000e+00	0.00000000000000e+00
3	15	7	11	1.01186223823912e+02	6.29208866237055e+00	3.00000000000000e-02	0.00000000000000e+00	0.00000000000000e+00
3	15	8	10	8.28666448306614e+01	1.37630743423222e+01	3.00000000000000e-02	0.00000000000000e+00	0.00000000000000e+00
6	15	9	12	8.66255608374589e+01	4.71878463619748e+00	3.00000000000000e-02	0.00000000000000e+00	0.00000000000000e+00
6	15	10	11	9.68540684545297e+01	1.57364236932541e+01	3.00000000000000e-02	0.00000000000000e+00	0.00000000000000e+00
9	15	11	13	7.96548819410691e+01	3.14253912413035e+00	3.00000000000000e-02	0.00000000000000e+00	0.00000000000000e+00
12	15	13	14	5.32345145149891e+01	1.57026554838088e+00	3.00000000000000e-02	0.00000000000000e+00	0.00000000000000e+00
4	16	8	12	8.85524358036814e+01	6.29205083266528e+00	3.00000000000000e-02	0.00000000000000e+00	0.00000000000000e+00
4	16	9	11	1.00260456204621e+02	1.37631173476291e+01	3.00000000000000e-02	0.00000000000000e+00	0.00000000000000e+00
7	16	10	13	9.04847191525053e+01	4.71889017744487e+00	3.00000000000000e-02	0.00000000000000e+00	0.00000000000000e+00
7	16	11	12	8.62730077121692e+01	1.57358698041556e+01	3.00000000000000e-02	0.00000000000000e+00	0.00000000000000e+00
10	16	12	14	6.69597684528000e+01	3.14255931989825e+00	3.00000000000000e-02	0.00000000000000e+00	0.00000000000000e+00
13	16	14	15	6.50056523583579e+01	1.57253604685164e+00	3.00000000000000e-02	0.00000000000000e+00	0.00000000000000e+00
2	17	7	12	1.03914579950330e+02	7.86112052155487e+00	3.00000000000000e-02	0.00000000000000e+00	0.00000000000000e+00
2	17	8	11	9.59679236582581e+01	1.41467990510012e+01	3.00000000000000e-02	0.00000000000000e+00	0.00000000000000e+00
2	17	9	10	1.00401775161899e+02	4.40067214966838e+01	3.00000000000000e-02	0.00000000000000e+00	0.00000000000000e+00
5	17	9	13	9.33947640421502e+01	6.29204853652154e+00	3.00000000000000e-02	0.00000000000000e+00	0.00000000000000e+00
5	17	10	12	9.74327541984245e+01	1.37628159084253e+01	3.00000000000000e-02	0.00000000000000e+00	0.00000000000000e+00
8	17	11	14	7.67981281672685e+01	4.71869201595476e+00	3.00000000000000e-02	0.00000000000000e+00	0.00000000000000e+00
8	17	12	13	8.96671105218010e+01	1.57364555456342e+01	3.00000000000000e-02	0.00000000000000e+00	0.00000000000000e+00
11	17	13	15	6.32655701776625e+01	3.14192910064425e+00	3.00000000000000e-02	0.00000000000000e+00	0.00000000000000e+00
14	17	15	16	7.11152402861848e+01	1.57038244830408e+00	3.00000000000000e-02	0.00000000000000e+00	0.00000000000000e+00
3	18	8	13	9.95276834503231e+01	7.86127589355263e+00	3.00000000000000e-02	0.00000000000000e+00	0.00000000000000e+00
3	18	9	12	1.08090043340393e+02	1.41468744883088e+01	3.00000000000000e-02	0.00000000000000e+00	0.00000000000000e+00
3	18	10	11	1.19791744595127e+02	4.40071064968691e+01	3.00000000000000e-02	0.00000000000000e+00	0.00000000000000e+00
6	18	10	14	8.81842667299627e+01	6.29213462218784e+00	3.00000000000000e-02	0.00000000000000e+00	0.00000000000000e+00
6	18	11	13	9.53564337981123e+01	1.37631645201493e+01	3.00000000000000e-02	0.00000000000000e+00	0.00000000000000e+00
9	18	12	15	8.32974440724813e+01	4.71873355459461e+00	3.00000000000000e-02	0.00000000000000e+00	0.00000000000000e+00
9	18	13	14	7.02448368373427e+01	1.57360268007802e+01	3.00000000000000e-02	0.00000000000000e+00	0.00000000000000e+00
12	18	14	16	9.34031696434801e+01	3.14208432353220e+00	3.00000000000000e-02	0.00000000000000e+00	0.00000000000000e+00
15	18	16	17	8.27111845222335e+01	1.57362572791245e+00	3.00000000000000e-02	0.00000000000000e+00	0.00000000000000e+00
4	19	9	14	1.04344306734282e+02	7.86127736599178e+00	3.00000000000000e-02	0.00000000000000e+00	0.00000000000000e+00
4	19	10	13	1.15994239018248e+02	1.41469673394024e+01	3.00000000000000e-02	0.00000000000000e+00	0.00000000000000e+00
4	19	11	12	1.09929715173388e+02	4.40065632411892e+01	3.00000000000000e-02	0.00000000000000e+00	0.00000000000000e+00
7	19	11	15	9.46064072450969e+01	6.29207672655242e+00	3.00000000000000e-02	0.00000000000000e+00	0.00000000000000e+00
7	19	12	14	9.13326643395021e+01	1.37631896786627e+01	3.00000000000000e-02	0.00000000000000e+00	0.00000000000000e+00
10	19	13	16	1.03289905322910e+02	4.71869642170493e+00	3.00000000000000e-02	0.00000000000000e+00	0.00000000000000e+00
10	19	14	15	9.78597965348906e+01	1.57359450406409e+01	3.00000000000000e-02	0.00000000000000e+00	0.00000000000000e+00
13	19	15	17	1.22673780901343e+02	3.14301550325496e+00	3.00000000000000e-02	0.00000000000000e+00	0.00000000000000e+00
16	19	17	18	5.20354002705507e+01	1.57094640288346e+00	3.00000000000000e-02	0.00000000000000e+00	0.00000000000000e+00
2	20	8	14	1.07697568406092e+02	9.42928910188521e+00	3.00000000000000e-02	0.00000000000000e+00	0.00000000000000e+00
2	20	9	13	1.23359591443066e+02	1.51234721629684e+01	3.00000000000000e-02	0.00000000000000e+00	0.00000000000000e+00
2	20	10	12	1.27600176102550e+02	3.14223458134093e+01	3.00000000000000e-02	0.00000000000000e+00	0.00000000000000e+00
5	20	10	15	1.06276654781867e+02	7.86116447584673e+00	3.00000000000000e-02	0.00000000000000e+00	0.00000000000000e+00
5	20	11	14	1.02702665856011e+02	1.41468208849607e+01	3.00000000000000e-02	0.00000000000000e+00	0.00000000000000e+00
5	20	12	13	1.17596923158637e+02	4.40072011880149e+01	3.00000000000000e-02	0.00000000000000e+00	0.00000000000000e+00
8	20	12	16	1.13892523165278e+02	6.29202220667681e+00	3.00000000000000e-02	0.00000000000000e+00	0.00000000000000e+00
8	20	13	15	9.47373160193801e+01	1.37628572494396e+01	3.00000000000000e-02	0.00000000000000e+00	0.00000000000000e+00
11	20	14	17	1.29089385787171e+02	4.71876570140922e+00	3.00000000000000e-02	0.00000000000000e+00	0.00000000000000e+00
11	20	15	16	1.45641824484632e+02	1.57357567454308e+01	3.00000000000000e-02	0.00000000000000e+00	0.00000000000000e+00
14	20	16	18	8.61364756201998e+01	3.14237105209165e+00	3.00000000000000e-02	0.00000000000000e+00	0.00000000000000e+00
17	20	18	19	5.96164216443092e+01	1.57118517073523e+00	3.00000000000000e-02	0.00000000000000e+00	0.00000000000000e+00
3	21	9	15	1.13063750929702e+02	9.42975879514780e+00	3.00000000000000e-02	0.00000000000000e+00	0.00000000000000e+00
3	21	10	14	1.15244028935300e+02	1.51240669424310e+01	3.00000000000000e-02	0.00000000000000e+00	0.00000000000000e+00
3	21	11	13	1.22605950086840e+02	3.14235645015123e+01	3.00000000000000e-02	0.00000000000000e+00	0.00000000000000e+00
6	21	11	16	1.15960455741573e+02	7.86183241410549e+00	3.00000000000000e-02	0.00000000000000e+00	0.00000000000000e+00
6	21	12	15	1.03866713196883e+02	1.41477329398961e+01	3.00000000000000e-02	0.00000000000000e+00	0.00000000000000e+00
6	21	13	14	8.46908972470555e+01	4.40092170750500e+01	3.00000000000000e-02	0.00000000000000e+00	0.00000000000000e+00
9	21	13	17	1.24805906072240e+02	6.29303090257556e+00	3.00000000000000e-02	0.00000000000000e+00	0.00000000000000e+00
9	21	14	16	1.33922638765441e+02	1.37643415575271e+01	3.00000000000000e-02	0.00000000000000e+00	0.00000000000000e+00
12	21	15	18	1.15777605132203e+02	4.72016426463320e+00	3.00000000000000e-02	0.00000000000000e+00	0.00000000000000e+00
12	21	16	17	1.48325542247292e+02	1.57401802377803e+01	3.00000000000000e-02	0.00000000000000e+00	0.00000000000000e+00
15	21	17	19	5.69464290471579e+01	3.14473474043448e+00	3.00000000000000e-02	0.00000000000000e+00	0.00000000000000e+00
18	21	19	20	6.87437337019533e+01	1.58048284880593e+00	3.00000000000000e-02	0.00000000000000e+00	0.00000000000000e+00
0
