7.207512895230597394e+01
6.765644170439843208e+01
4.429073714295156350e+01
7.360806969685472723e+01
9.222241096596626164e+01
5.035094616123373612e+01
8.622316506485073262e+01
8.875573359067711010e+01
4.918942301723085109e+01
3.280072033389321717e+01
5.210629994086844619e+01
6.186713474415778791e+01
3.352733187795911363e+01
5.254903835298124193e+01
6.415258149707629798e+01
6.310866852671566818e+01
3.391945612241219266e+01
5.960260550322521311e+01
6.274886643845353973e+01
9.117456885213594830e+01
3.790977731566859887e+01
5.760542062174424416e+01
6.372046139786225893e+01
3.414303785738636066e+01
5.459771433228588222e+01
6.986988181300100109e+01
6.657368572075559143e+01
7.594940171947379781e+01
7.207356180469723483e+01
6.864352221578549518e+01
7.818001808569553646e+01
9.326313981564540256e+01
5.723077372319808376e+01
7.096207586713364890e+01
7.088563403238151750e+01
1.044918272838887816e+02
7.124157384657183911e+01
6.945148085934465598e+01
3.593662737016437347e+01
5.873408874404511693e+01
7.566011493496392859e+01
6.943719715923870694e+01
7.123482230649437952e+01
1.100242194940322094e+02
5.303746259411724395e+01
5.536364149615030072e+01
8.697104974365660723e+01
5.365912872755332330e+01
5.294479686655073891e+01
6.235063830011370811e+01
7.756846070053698838e+01
3.620352669174242521e+01
1.838633461299983907e+01
3.130305060008925366e+01
4.109383749875631509e+01
3.836137058745388373e+01
4.331548501357037395e+01
3.991090937358093527e+01
6.671574899408906845e+01
5.313085263744292064e+01
8.603528038627534613e+01
8.800250636924991454e+01
6.473069008161604643e+01
5.973905769740486704e+01
9.990702011396328430e+01
5.448137085575549321e+01
5.695292868997331226e+01
8.837348503748852124e+01
2.790642027732793551e+01
5.008251573165728132e+01
6.685624905189879996e+01
6.368426770372276025e+01
7.275128563889545319e+01
5.987436234418921543e+01
9.754649297414256637e+01
1.023837904542765216e+02
8.288161359481451029e+01
1.314841666092130197e+02
8.275421282524123967e+01
6.339069156958733942e+01
1.015404946141122622e+02
1.053500973560709042e+02
8.554926147896681243e+01
7.998067344176203619e+01
1.356968132003311496e+02
6.447576391939351481e+01
8.434103520142306820e+01
8.114842121119853857e+01
9.285691584658083286e+01
7.737659078974192539e+01
1.041064192381473816e+02
1.670418953289028821e+02
1.084722601987258628e+02
1.241367998116181752e+02
6.762928757710717775e+01
1.097265734658742531e+02
9.941108719511593961e+01
7.452753604733175052e+01
1.206119169934900839e+02
7.929226033747303859e+01
5.357132068238818334e+01
8.820737327229190328e+01
9.620490840131469668e+01
4.565605557950411963e+01
4.264090250806147964e+01
4.770863626576571193e+01
3.997876946908634466e+01
5.366585965571386652e+01
8.071864832819925084e+01
7.350190735221742955e+01
6.687434685838643134e+01
6.305450518773474045e+01
7.999823571235423003e+01
1.171853883549997022e+02
6.519921375599133739e+01
1.031383846153424315e+02
9.579207868785817936e+01
5.886026424578518146e+01
9.369358383839349358e+01
6.251218999481621097e+01
4.261674521629279155e+01
5.030546698758280399e+01
4.461631481275730238e+01
6.182584678951523927e+01
9.410806054847783741e+01
1.076766446533246295e+02
6.101908235793723634e+01
7.163841417703903858e+01
6.536288936329808053e+01
8.448617223552629696e+01
1.114175367272273007e+02
6.293509261335083949e+01
1.025259638708113101e+02
9.574062122191935487e+01
5.596195141895336889e+01
5.123694810339601702e+01
7.161299780868705511e+01
1.073324724158669454e+02
1.221979708851180249e+02
6.664726036254778307e+01
8.756159100146111030e+01
9.448367165528287615e+01
6.969928073555499282e+01
5.976887878794674691e+01
7.889722566855250818e+01
1.092480425271439799e+02
6.364125141040916134e+01
4.405299202078407461e+01
6.220120154972925519e+01
9.072087869597304177e+01
1.018540849523528493e+02
5.620009214143748011e+01
6.447295590373761343e+01
9.557712805600290551e+01
9.363256734026788308e+01
6.893295552149749028e+01
5.809347586461433366e+01
7.800834320496358032e+01
6.749934568492368214e+01
9.528977991211785081e+01
1.053742328357155458e+02
5.917420344324195014e+01
6.888914679530776652e+01
9.803239773104797905e+01
8.376953927429929081e+01
5.645481160249418906e+01
6.499609629870055016e+01
7.087656431001735768e+01
4.128773287552939308e+01
4.935346596611489645e+01
7.220056521494744572e+01
8.116431642950765024e+01
8.128249175622009659e+01
7.012022708818818728e+01
4.474620626731454820e+01
5.650661212207327821e+01
8.646777972457782369e+01
9.668422024146056515e+01
5.289982790923601641e+01
7.279035440922525879e+01
1.183791919442004001e+02
1.308578736783348120e+02
6.937538602675712696e+01
1.192915804390985670e+02
1.257993399878179872e+02
5.763105159339741590e+01
5.444340765841337770e+01
3.996757430241368070e+01
4.762555130593800357e+01
4.684301644197400805e+01
4.733323618004281741e+01
4.885339386723848065e+01
5.673752839145016935e+01
6.879010712838612562e+01
4.865591859725380885e+01
5.644770716874435124e+01
6.551618805966492687e+01
3.518336898312313821e+01
4.824341801410637487e+01
5.532838659452197305e+01
6.354368097544602989e+01
3.361540910388955439e+01
4.271773686962051642e+01
4.851052577942666488e+01
5.708961932557899388e+01
7.045524823674905690e+01
4.315608055181557035e+01
6.742904629824884921e+01
7.627817386184393911e+01
4.846415559389420480e+01
5.721375928673763411e+01
7.212767545883791342e+01
4.711420726832089656e+01
7.984964100990055158e+01
9.692172264383060565e+01
4.777534470793888488e+01
4.832276802454970266e+01
5.680662880386014990e+01
7.181434377089087207e+01
4.831746575925621556e+01
8.505674963024883084e+01
1.067281637289007108e+02
5.160103202155071500e+01
4.992469272351634402e+01
4.825707450075424276e+01
5.665707305658100523e+01
7.195394278921664011e+01
4.960011414680112551e+01
9.039628992746465030e+01
1.183002634058776721e+02
5.899640833951341534e+01
6.341777382391207141e+01
6.333296281275247708e+01
4.818277765111192679e+01
5.643661889585137459e+01
7.172373978840529674e+01
5.015073731994005612e+01
9.333200483776117551e+01
1.257142063549870414e+02
6.455033041498256807e+01
7.468015993443273715e+01
7.712104286138762177e+01
5.634907608155665315e+01
4.816839572667887381e+01
5.643811137929316857e+01
7.200527677680119609e+01
5.108285940041573525e+01
9.721718056280950293e+01
1.353616512651984465e+02
7.254194399814973337e+01
9.039248361601109139e+01
1.000128364460770882e+02
7.970694857961153446e+01
7.797704866108009014e+01
4.811906452336870643e+01
5.628480092024216219e+01
7.178586810155820785e+01
5.128119709343570776e+01
9.864721367627643644e+01
1.398193260878905448e+02
7.684709550027082514e+01
1.004646746957899239e+02
1.155304509827161468e+02
9.552902821926342369e+01
9.799515419515425663e+01
6.604802310995584946e+01
4.801481462558593449e+01
5.590704425537268918e+01
7.090599106361553083e+01
5.060190877707738366e+01
9.716715815527540201e+01
1.378672969301762237e+02
7.620290899749892333e+01
1.020667391562980981e+02
1.186014481206281204e+02
9.824600917847797632e+01
1.004796788503986136e+02
6.807071043823873424e+01
6.934332403889250429e+01
4.791324064802638816e+01
5.553582738169397004e+01
7.001283416076047672e+01
4.982230118707742861e+01
9.520259729761382061e+01
1.345629842728255312e+02
7.433174256105554889e+01
1.010161762118706150e+02
1.176218322827564009e+02
9.682895716380602380e+01
9.764037635181929886e+01
6.545877859889814943e+01
6.783538740648735654e+01
7.229440299848408813e+01
4.789878257884625867e+01
5.549811703882253511e+01
6.999421426513907818e+01
4.999333102401769224e+01
9.605293433897490729e+01
1.370311616040610829e+02
7.683132712892219729e+01
1.071504497101513067e+02
1.280732159511114503e+02
1.085623318168001390e+02
1.132932938921330930e+02
7.976422947237855965e+01
8.954182088920116200e+01
1.100339080290826530e+02
9.197806160940312736e+01
5.545034110545952899e+01
6.993101320107773233e+01
5.007249847311753399e+01
9.654954249901589947e+01
1.386232341239770562e+02
7.857935299911686400e+01
1.117959296967678142e+02
4.788265664939302724e+01
1.363710307818515730e+02
1.182805825912880948e+02
1.267362069206479021e+02
9.250481337901305778e+01
1.094201111753697546e+02
1.453420203149422321e+02
1.359537288981932761e+02
5.915630634713671299e+01
4.785408533383670004e+01
5.535215048452093356e+01
6.971964447540312904e+01
4.994912427894054474e+01
9.636050044471993203e+01
1.386229038990850597e+02
7.897848586742190946e+01
1.137947608220219848e+02
1.403571336880674494e+02
1.231374962700100610e+02
1.334394340138410655e+02
9.888855884559892218e+01
1.192614245492547838e+02
1.617797688517196377e+02
1.518439289994059607e+02
6.213183025346432231e+01
4.462399064870220400e+01
4.782008126853937569e+01
5.523292293936144404e+01
6.944662180103246385e+01
4.973499548881480337e+01
9.586224720238642760e+01
1.378997241020679212e+02
7.876030972311721712e+01
1.145059760434276370e+02
1.422973182386886322e+02
1.258530476618987421e+02
1.375452116147673109e+02
1.032287814334605685e+02
1.265868644198778128e+02
1.753069506473599972e+02
1.679176760113554678e+02
6.952688893234895318e+01
5.379731339912937926e+01
3.919755221087555697e+01
6.639020741816175075e+01
6.857183338502798620e+01
4.766007267689801097e+01
8.909491354182787859e+01
1.267162441984592220e+02
7.317461565712874005e+01
1.087808191465193630e+02
1.369829615128140290e+02
1.224606374690768433e+02
1.349344582249634641e+02
1.020366495282849684e+02
1.258184939393857746e+02
1.748991354588736158e+02
1.679553831599110367e+02
6.962576674720421011e+01
5.389170039912336563e+01
3.925298032159257389e+01
5.574694863572730696e+01
4.040430267521930574e+01
7.508346704833911645e+01
1.072528002480669471e+02
6.369005620001136947e+01
9.813419256870938057e+01
1.266572520107319377e+02
1.155701335306752071e+02
1.294430006511284148e+02
9.927860530421379792e+01
1.237283389527932513e+02
1.732997662479943983e+02
1.672932406844105060e+02
6.956152846402274292e+01
5.392203354986372688e+01
3.928885603582043728e+01
3.875597878048001377e+01
6.657629156884385679e+01
9.089764800008450152e+01
5.496566534458474251e+01
8.801586743014345871e+01
1.164002700807473616e+02
1.084624108098851138e+02
1.235803422882055713e+02
9.628173447558671683e+01
1.214404570454150019e+02
1.715625833010530812e+02
1.666170554691120458e+02
6.951857610736217907e+01
5.397523566315761201e+01
3.933826886041111237e+01
6.965870711503197299e+01
8.050364948971814272e+01
4.788945967989205599e+01
7.954503720913224640e+01
1.072702666532069458e+02
1.018214830699193811e+02
1.178389190238330571e+02
9.329619142193853065e+01
1.191602515766000181e+02
1.698814841266591884e+02
1.660697392202396259e+02
6.954203916362135374e+01
5.407589331425681678e+01
3.941171834894107917e+01
5.131263883938528636e+01
3.367008619651783619e+01
6.183870777261728335e+01
8.861950392308241931e+01
8.824761728315264975e+01
1.060922118787253225e+02
8.684079231842049751e+01
1.138232036314638123e+02
1.653887369012381328e+02
1.638638597766156977e+02
6.918261829607141067e+01
5.402885973539220998e+01
3.944080605700804654e+01
2.987511210589709520e+01
5.620945621643010526e+01
8.076152623086788651e+01
8.155321732524168965e+01
9.937989938766781961e+01
8.299445789078525593e+01
1.106223571863419579e+02
1.628540433355570372e+02
1.630204774227255768e+02
6.923313560243076381e+01
5.419707557149736488e+01
3.955977030055898069e+01
6.163684418900734840e+01
8.246065417722346069e+01
8.141027520431150322e+01
9.767969538963453147e+01
8.195118265885076880e+01
1.098089811595925198e+02
1.625072067548453845e+02
1.637338311828354733e+02
6.977146810406320299e+01
5.462765320395168800e+01
3.978960158469075026e+01
5.836838244323816127e+01
6.321592832312154542e+01
8.052774882108704446e+01
7.164939722318632676e+01
1.004666965736575861e+02
1.539956259039726092e+02
1.594901163945017402e+02
6.915595383945614572e+01
5.461492072700585965e+01
3.988606506677042773e+01
4.978123502405078682e+01
6.656274125123307783e+01
6.273361658167570454e+01
9.174668721471249455e+01
1.454512034989993481e+02
1.553139428838629215e+02
6.871908818903739302e+01
5.477960665782802607e+01
4.008230413190778307e+01
5.969186156226283657e+01
5.753475795401441673e+01
8.547499054623031611e+01
1.378306451618626340e+02
1.515331507546868295e+02
6.860427938587324093e+01
5.523010940460997631e+01
4.043353554890619250e+01
4.885100459899692993e+01
7.527789138084797571e+01
1.243504418340022539e+02
1.432546795453460220e+02
6.759302189411212680e+01
5.551880015338215202e+01
4.081752408221017703e+01
1.122274211717034405e+02
1.337712665003660675e+02
6.654191315959619146e+01
5.615484012140233006e+01
4.147272176822676215e+01
7.033088201468432032e+01
8.271941618588954270e+01
1.095449852491069720e+02
6.148232069392216914e+01
5.563188593978302521e+01
4.202524826710431682e+01
8.566677306161589911e+01
5.589305996329837001e+01
5.574876049367390607e+01
4.338210002592123260e+01
5.418579395786039044e+01
6.001877664915767241e+01
4.770778411928267104e+01
6.469344698929438664e+01
5.673279312471298397e+01
5.703333967667586535e+01
4.762555130593800357e+01
5.558892489415663363e+01
6.216818287060166881e+01
3.619688262814065638e+01
4.998026508586558947e+01
5.429957804413042055e+01
5.282545861939149745e+01
6.185719468877508120e+01
7.914358120886559789e+01
3.795451053081387727e+01
7.839496478340876706e+01
8.315015460021452043e+01
6.632281113327132971e+01
5.448195927823456230e+01
7.865525164063629404e+01
1.064190629306892077e+02
4.899832248364347720e+01
5.920799581058989247e+01
7.556652485259901653e+01
5.568933302888120807e+01
6.579095453676272598e+01
5.159178950008396214e+01
9.450319668537012774e+01
9.920984735735196125e+01
7.534844498129147894e+01
7.896133496589207823e+01
8.043588800655805926e+01
6.730237779927225006e+01
9.809168134208907475e+01
8.039354507840104702e+01
8.260597205986132963e+01
9.420794153907526436e+01
7.895020481266745094e+01
5.623117624172433437e+01
8.612550627345000009e+01
9.813732357365175574e+01
8.693859473285681361e+01
8.245558718670838516e+01
6.764732910173711389e+01
6.818308238574013558e+01
1.021015759762951660e+02
9.500284388357042076e+01
9.843589786131126118e+01
9.056834663964812648e+01
9.540489293744074928e+01
7.717536029855840241e+01
8.908699263334052887e+01
6.222666061381559643e+01
7.393287276545352427e+01
9.764938696715331901e+01
1.058879758489529337e+02
1.189549916918610108e+02
8.719808814591594626e+01
9.302988215027853869e+01
7.905424456540411882e+01
6.855447440325558262e+01
9.055383903599329187e+01
8.439424058113107208e+01
1.025388435211371672e+02
1.134793234845801067e+02
1.060304944341860960e+02
9.178979011850967140e+01
9.053673631543261990e+01
9.742725880363123281e+01
9.133839727181819512e+01
1.210820247898194992e+02
5.535488366737375543e+01
1.095274796662177579e+02
1.238417794217542252e+02
1.280143714295616348e+02
1.067380013511757113e+02
1.032326753533250780e+02
1.171025925930902645e+02
1.120410313759346366e+02
9.474767072381540345e+01
1.216923504512479326e+02
1.366686445720476399e+02
8.542195253202173433e+01
5.642480671455778207e+01
1.150640579146595854e+02
1.175599835493911343e+02
1.225066938580019809e+02
1.133188909047955377e+02
1.025272991021000166e+02
8.684079231842049751e+01
1.208991618462156055e+02
1.272305439155262690e+02
1.101594628927350925e+02
1.432546795453460220e+02
5.582121228623017828e+01
5.703333967667586535e+01
