9.296807426560378929e+01
1.132792722369257490e+02
9.225172507318984572e+01
1.824527946292823231e+02
1.540541949565491961e+02
1.097604028080450718e+02
1.913080021735567584e+02
2.226270084600147641e+02
9.540221505571197724e+01
7.509462271600709471e+01
1.355613926707718235e+02
1.045641671233525187e+02
7.405043116424404559e+01
1.348237374127735393e+02
1.260407287985316458e+02
1.883183975826235326e+02
6.484403534796885538e+01
1.133618750803951940e+02
1.259786633636068984e+02
2.543605836151774895e+02
6.565350988252468767e+01
1.131784483899920843e+02
8.244301512182283886e+01
5.958612442908362539e+01
1.097114233285679319e+02
9.547765552629149965e+01
1.175263648090221977e+02
1.909510252641797763e+02
9.925904746431767478e+01
1.225805295670976989e+02
2.009327842071112684e+02
1.899094440397332733e+02
1.079136480658207233e+02
1.007707281877711694e+02
1.494169298383407636e+02
2.190097926893728015e+02
1.083343927273377147e+02
7.529131703025582567e+01
5.678206340285623810e+01
1.068868797391089487e+02
9.433103918862909154e+01
1.089308330131160574e+02
1.150076874115235483e+02
2.233271244689780701e+02
8.854405014273250174e+01
9.495946606436908155e+01
1.870123939805216082e+02
7.137540433597732203e+01
8.701132254154963164e+01
1.451153931106877337e+02
1.435684152026193772e+02
4.174264380059650392e+01
3.361900525024115183e+01
6.482374213492434478e+01
5.826792735782768773e+01
6.604767929636440726e+01
7.478133003023962999e+01
1.039931611671179326e+02
1.320901443777609643e+02
1.002552119653443583e+02
2.417660482470072623e+02
1.982029706019608000e+02
1.099415076193406122e+02
1.530847680859814659e+02
1.939620177843781335e+02
9.416695436672533503e+01
1.017996408167998084e+02
1.973597717105374159e+02
5.157652618260552657e+01
1.046751618759128917e+02
9.812783342232455652e+01
1.102234890536117291e+02
1.265927581165208267e+02
1.137384728536297160e+02
2.679480184029163752e+02
2.262041221052103595e+02
2.440212138692021711e+02
1.831881561986956797e+02
2.009068505671201592e+02
1.016209196365135483e+02
2.305447671424570331e+02
1.925128962987186867e+02
1.213153611246693231e+02
1.701002315239651637e+02
2.142983173035787559e+02
1.183214747926387957e+02
1.023507659426620364e+02
1.052263593199548239e+02
1.183027967058200574e+02
1.093460343335543712e+02
2.527444387538146771e+02
1.862839604401436304e+02
2.148378775540880099e+02
1.124835969360139245e+02
2.218976259276981295e+02
1.834184770124444128e+02
1.527865505545157134e+02
1.999078682422268969e+02
1.514601391454918655e+02
1.792004266640113599e+02
7.753094468012078266e+01
1.725001721403322108e+02
1.507487569807960028e+02
4.911899332548869523e+01
5.080316389187616721e+01
5.989408991549573358e+01
5.934984714321358723e+01
1.350163388571299663e+02
1.175777664486704452e+02
1.021098261829649090e+02
9.436181012513596045e+01
2.163460448289482940e+02
1.503163081036264259e+02
1.046368075791174022e+02
2.107397677476891431e+02
1.605978220831996452e+02
1.421619731682801557e+02
1.692036388075618163e+02
1.237230058217901671e+02
1.567399688231680273e+02
5.734567647310483096e+01
7.619107842414366871e+01
8.444498513238698933e+01
1.886971633145604699e+02
1.609102792800718476e+02
1.046799189911902204e+02
2.162962319016681647e+02
2.030660201396158016e+02
1.965135960763914795e+02
1.442918027432911003e+02
8.619039980798601164e+01
1.787095312721214668e+02
1.314476311196865765e+02
1.264085227696027687e+02
5.488258230203216215e+01
7.008446334163029690e+01
1.445467727225813803e+02
1.146229638662329506e+02
8.043617479482614385e+01
1.641123652345927724e+02
1.273930410912051769e+02
6.597100398174416114e+01
2.066795219625615232e+02
1.925927772993733811e+02
1.521531548334907313e+02
9.228813704470317703e+01
1.950025894066607464e+02
1.033009635350514372e+02
1.820640128468256762e+02
1.267104923731085506e+02
9.905561528836068419e+01
2.020783570288260194e+02
2.267132268890057958e+02
9.318807150932518368e+01
6.570257067956852381e+01
1.976595187247097556e+02
1.737665744869259470e+02
1.513477089178680615e+02
1.373132030632339706e+02
8.099224293839363042e+01
7.538077746866848372e+01
1.576012469997567962e+02
1.882040100288128883e+02
6.714505140303207043e+01
5.171464169547014933e+01
1.204906495345412907e+02
1.876379067271775369e+01
2.596477378012578185e+01
6.135583555504657483e+01
8.177259874201443779e+01
3.179770150784890248e+01
5.125994287774159375e+01
5.712888832821924723e+01
5.250930347039731316e+01
1.121766588742940201e+02
1.644097810523961698e+02
7.157067075051347160e+01
1.111216527763564414e+02
1.188175945006345415e+02
1.571328030179344069e+02
7.887823759783806565e+01
1.040028704813427112e+02
2.207507296642827299e+01
1.655627939394462445e+01
2.434293022461702805e+01
5.041347002446474335e+01
4.270692529772804136e+01
1.833458357204769484e+01
7.711979122102128770e+01
8.334476004048897835e+01
1.012264395498532679e+02
5.890041201305751173e+01
8.783483405197017646e+01
9.689070402032805873e+01
1.087634256948636278e+02
8.992411857104785611e+01
1.301337585531414049e+02
5.389669640372781600e+01
1.373160665663829434e+02
1.755740017995326809e+02
9.111928685023165997e+01
9.442864713959468759e+01
1.384785758594657636e+02
1.552108427223138563e+02
8.645571975275214527e+01
6.848618178639004839e+01
1.276656654058298130e+02
9.400359469911346366e+01
1.095461224945555472e+02
9.441679626108907541e+01
1.740316048304083267e+02
1.529104057015136391e+02
1.239210589929071062e+02
1.582665488438843795e+02
1.292042840294841710e+02
9.584115442611749813e+01
1.435243758407219445e+02
1.398859313914660731e+02
1.269074724289854714e+02
1.133028619734245837e+02
1.022065825336139397e+02
6.190379665538821286e+01
1.358996439048016214e+02
1.480213070639802027e+02
1.233774131927583113e+02
1.374710758249481160e+02
8.077449834333384615e+01
1.155605791941143821e+02
1.661713049641890052e+02
1.537615380593452130e+02
1.930434966563492196e+02
1.534539091310573724e+02
1.514553484574120432e+02
1.175202454535927927e+02
1.415134001059354603e+02
1.122678995798520418e+02
8.712657245861244348e+01
1.525568290922257688e+02
1.683112204669505445e+02
1.466248340046531666e+02
1.200626311819292482e+02
1.459592349174967580e+02
1.249409719925442204e+02
8.363077464911324910e+01
1.548073597629141602e+02
3.874875492994243587e+01
1.478932961783786482e+02
1.597681533995256586e+02
1.373249860980044161e+02
1.321742204275227550e+02
1.113984961430805782e+02
1.275474603981127615e+02
1.742394447778183633e+02
7.969373221434337040e+01
8.414021814163184843e+01
1.503169072316355823e+02
1.765090636399170876e+02
1.697031878316560096e+02
1.504613316425892435e+02
1.394330735492252415e+02
1.598496916602945532e+02
1.490266318477905259e+02
1.531846107364496845e+02
1.252851305036239467e+02
1.456031317356337809e+02
6.181367370745499557e+01
4.293134859598831099e+01
1.735861464146044568e+02
1.560954434864562188e+02
1.818492068060403710e+02
1.550126206533907123e+02
1.580767626154607512e+02
1.031140816908512505e+02
1.270449070479145917e+02
1.873351792523330346e+02
1.027610858423459490e+02
6.995729078262884570e+01
8.106565000210893857e+01
2.459834986231363629e+01
7.711979122102128770e+01
6.789641941257991675e+01
7.851820454735029386e+01
6.685648098923103078e+01
9.134125317409521472e+01
1.028376029452835922e+02
8.404830367732576235e+01
9.551834405664465066e+01
5.035255336774421409e+01
6.265821971018291947e+01
6.133991179847251374e+01
8.429520468611079309e+01
1.056616619949877816e+02
6.363103904328567495e+01
8.205241245154752505e+01
8.635223466845408780e+01
1.178998690742249380e+02
8.242623215678777626e+01
1.325093398963960283e+02
6.110748035355163665e+01
1.217577060975397387e+02
8.518490563923403158e+01
1.194705219940241676e+02
8.830547034040178289e+01
1.524340825179184833e+02
1.277799738327012307e+02
5.726282599086312786e+01
6.025419777308633940e+01
5.981484405110480651e+01
8.485303212027589836e+01
1.217014121173374406e+02
9.431091300016767320e+01
1.741959577700883983e+02
1.476086158287299099e+02
7.192946904801175378e+01
7.717530589470472080e+01
5.937933073994523170e+01
8.425842533928276623e+01
1.224517359793007074e+02
9.795335567354597117e+01
1.901798029503790133e+02
1.667878029188021003e+02
8.936273784975760748e+01
1.138120984610167312e+02
7.217972727370006680e+01
5.899162563098061440e+01
8.361269496806060886e+01
1.224402968836337777e+02
9.998456200531883553e+01
2.007617657755652374e+02
1.809206235537532734e+02
1.038629353925347942e+02
1.461367430852530447e+02
1.045799170193270697e+02
1.241578102360784328e+02
5.878503435100659402e+01
8.337564848410917762e+01
1.229834698619117006e+02
1.021607267851589285e+02
2.108673166513167132e+02
1.952053705536865493e+02
1.183391348493126145e+02
1.783727967430596948e+02
1.350700473954598522e+02
1.636247444459633869e+02
1.261549290203769544e+02
5.817237227499435193e+01
8.182793659669071928e+01
1.200197149808368664e+02
9.954170102684240362e+01
2.053785212361241577e+02
1.869940329517201576e+02
1.145310576291176972e+02
1.747263181664242779e+02
1.298877780482069966e+02
1.469565926324828524e+02
1.047814178507139928e+02
2.949081722745929213e+01
5.770961257600414740e+01
8.069346970817964859e+01
1.179235389048916147e+02
9.781016575927185386e+01
2.022005456884989769e+02
1.830738932600726230e+02
1.140240715354710233e+02
1.782092309950492393e+02
1.356067155099306376e+02
1.583971255926488197e+02
1.266378031276084641e+02
5.012747333542047556e+01
8.018295117612308331e+01
5.755496867744474798e+01
8.041312998772443166e+01
1.177209744578206312e+02
9.818937402381521906e+01
2.048668070152860707e+02
1.871306905234581563e+02
1.192399319338513806e+02
1.919673262427727423e+02
1.506176055950321313e+02
1.816835180926587725e+02
1.563622650307661672e+02
7.261288595532120382e+01
1.336593937136764794e+02
1.238828820377587761e+02
5.724651672716635176e+01
7.964762936149980987e+01
1.162416679260254710e+02
9.682476368707560255e+01
2.017180592135265158e+02
1.825564127081112247e+02
1.167955433328956474e+02
1.890272657393475129e+02
1.478458434701331043e+02
1.757866947022278339e+02
1.558521853790497573e+02
7.926690577468943388e+01
1.538434639487131506e+02
1.336961125885951844e+02
2.356780888525840822e+01
5.701602284148307831e+01
7.908172627697474866e+01
1.151570583010002196e+02
9.582772738718921346e+01
1.993577164132157975e+02
1.788652441566468667e+02
1.145610226461505903e+02
1.854055800128046485e+02
1.432598770053697308e+02
1.645613101218829684e+02
1.460573645101128193e+02
7.821479846598397501e+01
1.474872444422533420e+02
1.114925630433238837e+02
2.643454222263298448e+01
4.843940466523319088e+01
5.699695841666447649e+01
7.911591994610832046e+01
1.154687435982309864e+02
9.651076149137952598e+01
2.021330050503184168e+02
1.828170092189476463e+02
1.187480571996685228e+02
1.956456134809180298e+02
1.540476382183163651e+02
1.797866169642688305e+02
1.644875753576390025e+02
9.281215551985685863e+01
1.800432362991900277e+02
1.313765321064257421e+02
3.586111512023756376e+01
4.456137463980830660e+01
1.843865635974080419e+01
5.695001920959027331e+01
7.905457703554731097e+01
1.155106297322014797e+02
9.680362415626805728e+01
2.035684836579369801e+02
1.848247460029496665e+02
1.211417649747411645e+02
2.018733504348967074e+02
1.606160440289829694e+02
1.883707869057855646e+02
1.756525426426394176e+02
1.029850157565319222e+02
2.024040210514315277e+02
1.433488466767827276e+02
4.296377003561432417e+01
4.634124199525614785e+01
1.864247752275214509e+01
1.470541248941723556e+00
8.827956593855911649e+01
1.144230927721484505e+02
9.506946062132963959e+01
1.971477861708389412e+02
1.772902358289714755e+02
1.189047984383205119e+02
2.018411558507426946e+02
1.625412467467603506e+02
1.910478990474037460e+02
1.803380528437472208e+02
1.074185818127349421e+02
2.118070659063266703e+02
1.501226280576757688e+02
4.532504762419503663e+01
4.890087605535464377e+01
1.970343596075573345e+01
1.556012330685638378e+00
1.018242397466049596e+02
8.531368809865796266e+01
1.738179742448997729e+02
1.554598345072326140e+02
1.081746382429434021e+02
1.891516733407459583e+02
1.558039205737166810e+02
1.853044965837802067e+02
1.783937707688985768e+02
1.085587050139177023e+02
2.159238989314206663e+02
1.538463195618756458e+02
4.688734101306501856e+01
5.071122619278209243e+01
2.048693647289295683e+01
1.620518767744390187e+00
7.233478168423407340e+01
1.443195545047552457e+02
1.280306535840482525e+02
9.383036096567650475e+01
1.706899459459554294e+02
1.449084974320642800e+02
1.752616976840493237e+02
1.731126038829828531e+02
1.082553665456368606e+02
2.180037218414419442e+02
1.565910937478417395e+02
4.829328467557255067e+01
5.243354358755946976e+01
2.125732469566422722e+01
1.684943025622062773e+00
1.205665705560910084e+02
1.024684153674208176e+02
8.005523679496052125e+01
1.522316029671540889e+02
1.335737722831157157e+02
1.639738221669555855e+02
1.668212935416823086e+02
1.078802047527858861e+02
2.203420041776467428e+02
1.597755124474496427e+02
5.002125374211687614e+01
5.456501538107247740e+01
2.221807736466259087e+01
1.765595330088725490e+00
6.240356809902151269e+01
5.767662578289483832e+01
1.201432488004514028e+02
1.123480368796214606e+02
1.430258954263413216e+02
1.523119983884208182e+02
1.031140816908512505e+02
2.158738450107118183e+02
1.593360935990485530e+02
5.087906305125302708e+01
5.597140737445631231e+01
2.293360626727231377e+01
1.828678224774275884e+00
5.367062170362628848e+01
1.127379741677883800e+02
1.072143888971155832e+02
1.340866934355058788e+02
1.471342659103328856e+02
1.046295032149430995e+02
2.216124759512726143e+02
1.650372351181514148e+02
5.403628410690867412e+01
5.980936236509259629e+01
2.467119804790351623e+01
1.974831979710201635e+00
1.164084232573939488e+02
1.049051017173566578e+02
1.238871382600873972e+02
1.396172476344409290e+02
1.055056855878408300e+02
2.254993226496003444e+02
1.696280877534568958e+02
5.743196191637005654e+01
6.413048192472552955e+01
2.669550918064984657e+01
2.147591650225389781e+00
6.842931398492191875e+01
8.960141270500020028e+01
1.122596980998959992e+02
9.418348291608623413e+01
2.104475378411032978e+02
1.642129362529163643e+02
5.829937881742249317e+01
6.643496912389349518e+01
2.806073945043061713e+01
2.274208079852853448e+00
6.855957834521399263e+01
9.559304121030920953e+01
9.097197949506562509e+01
2.055410811401966100e+02
1.637436101041666063e+02
6.203829903233687304e+01
7.216620154346593097e+01
3.104377183310011290e+01
2.540066749268631074e+00
8.152903783894666390e+01
1.865422032871280749e+02
1.539232007948081105e+02
6.413888454219410562e+01
7.727082015696075246e+01
3.418023112349285952e+01
2.836465090384333809e+00
6.919770881841404275e+01
1.845807093289333523e+02
1.461376415093673700e+02
6.995729078262884570e+01
8.744745694276055303e+01
4.019626000219288642e+01
3.403705889618424685e+00
9.553431986379715113e+01
1.189526413582216264e+02
7.131563593505821075e+01
9.621431554931700703e+01
4.723984540673060195e+01
4.133236247077240577e+00
1.544903963285521513e+02
5.386115945222347534e+01
8.924074931879675887e+01
4.990025213718327990e+01
4.630634658094614053e+00
5.637370622305667212e+01
5.304490722043741613e+01
9.690302421958229218e+01
6.520125943215258246e+01
6.673595295720239129e+00
1.083619851780248133e+01
1.094188351495650409e+02
8.823065906127760627e+01
5.522963320414535815e+01
1.156193695726050485e+01
2.459834986231363629e+01
