9.602108464062405346e+01
1.142864314463865156e+02
1.457822667259295315e+02
1.554259048121409990e+02
1.939079021358452053e+02
2.117945323746037332e+02
2.330298431833064967e+02
2.804016875121218391e+02
9.765413016549902636e+01
1.233076234556451709e+02
1.346163448691507369e+02
1.692010583831814756e+02
1.864540005752978402e+02
1.936250875008868491e+02
2.226448322930675658e+02
2.799390297919345016e+02
1.635437212032439618e+02
1.858303397057753443e+02
2.316962711522558891e+02
2.474477236425215381e+02
2.603450162747443528e+02
9.294394063440897469e+01
1.049014455976120672e+02
1.344265926096111059e+02
1.504452107189703156e+02
1.592406113668890555e+02
1.913197833337170266e+02
2.059872267583029668e+02
2.328951649759522979e+02
1.839797266785612351e+02
2.001683784190826998e+02
2.292454682469131910e+02
2.462015333054760333e+02
2.388306945739856531e+02
1.417297682939145034e+02
1.683941106080683880e+02
2.216193567809549450e+02
2.253575021814143611e+02
2.312183455465897168e+02
8.137362136076518482e+01
1.064758430814284367e+02
1.216588990448280754e+02
1.317202606906711253e+02
1.603377215990118714e+02
1.514293331702187970e+02
2.117855611451602158e+02
2.021601849760345146e+02
1.590045122587364119e+02
2.234422555129570469e+02
2.142821975548647515e+02
2.393881486109049206e+02
2.586295869110199988e+02
1.627771056086495491e+02
1.777483982245165066e+02
2.107029267569057538e+02
2.318930020148188476e+02
2.307088026859270542e+02
1.084946442360274119e+02
1.225371134466871439e+02
1.346356063376889551e+02
1.641711963225385205e+02
1.554952161922618643e+02
2.180772881272154109e+02
2.176008576341968990e+02
2.256293355821058810e+02
2.148129325822842759e+02
1.997312520420305191e+02
2.309691923528704933e+02
2.331982302530490472e+02
1.937623426860448888e+02
1.954791706451160849e+02
2.047781956334209497e+02
2.244953288549698982e+02
2.396321293227794058e+02
1.332498952139796700e+02
1.926847163676178525e+02
1.918381129714250619e+02
2.216361881692130851e+02
2.461887606202946870e+02
9.000643682724566474e+01
1.023451704166047591e+02
1.263094077116347336e+02
1.205313105334033708e+02
1.717367598681898926e+02
1.795482378415039477e+02
1.693696496118552091e+02
1.993209674898019159e+02
1.846726490225226769e+02
1.986112501485213500e+02
2.204060323940445301e+02
2.261458201751125614e+02
1.889558591342548368e+02
1.795488048865166490e+02
2.125895845572362930e+02
2.209489697582522467e+02
1.705501438900507196e+02
1.759726275737594392e+02
1.887912635371231431e+02
2.128910350883411695e+02
2.330493107060067075e+02
1.005076661763575743e+02
1.177227690915916583e+02
1.698714275640797382e+02
1.799986046212116264e+02
1.710360145271194199e+02
1.858049718211672428e+02
2.104903390323642896e+02
2.074553809357364287e+02
2.172106601396626786e+02
2.237650182705180839e+02
2.546232309600459587e+02
1.734120393145419712e+02
2.024855489981203789e+02
2.142488010127085829e+02
2.106367379127896697e+02
1.604685456451792902e+02
1.753571081267064073e+02
2.000129520649705057e+02
2.116873411615880229e+02
2.087636480022819399e+02
1.045667246253953948e+02
9.887504753242293987e+01
1.451171360460836581e+02
1.560623697206428915e+02
1.505786391512338298e+02
1.558107057908194690e+02
1.836134290563034881e+02
1.981030778872880944e+02
1.936135625907551230e+02
1.986674816060014450e+02
2.109588303086912333e+02
2.381253360814334314e+02
1.785732890292985928e+02
1.906939996814825520e+02
2.013539746111183604e+02
2.349584314601333688e+02
1.922416524422326347e+02
1.312224494692414396e+02
1.462834812411516907e+02
1.724047401006771452e+02
1.888763709787542098e+02
7.465285697274400434e+01
1.111580190284609131e+02
1.221491932668633495e+02
1.201558761954800190e+02
1.259067983366300894e+02
1.467916468046519469e+02
1.584586760571469597e+02
1.702024197110020509e+02
1.862310044566417275e+02
1.921808622187484730e+02
1.963782375918657692e+02
1.707060870487846387e+02
1.776175390739831244e+02
1.932986413910979593e+02
2.232624271460742307e+02
1.512241432017432601e+02
1.644152236768086937e+02
1.778957731676957223e+02
2.132430377086109274e+02
1.229260085310051664e+02
1.475730748658533855e+02
1.648093535923561319e+02
1.730854954756750317e+02
1.018263230000017074e+02
1.139082065536969566e+02
1.145588941970118242e+02
1.212216777014713784e+02
1.419505332027636086e+02
1.520503564413788240e+02
1.595432738794430918e+02
1.774248134979615656e+02
1.937615283241288751e+02
1.886073550880346943e+02
2.389775530567208932e+02
1.641071527123555427e+02
1.848161583496924436e+02
1.769186650009897335e+02
1.741233747091155522e+02
1.369767387941468542e+02
1.447179455858833421e+02
1.623266185118265241e+02
1.928079862625541239e+02
1.223848295919700035e+02
1.353653476457828049e+02
1.501920539478445278e+02
1.851408256537756358e+02
8.895595835588049738e+01
9.010311809147313511e+01
9.554948750328638596e+01
1.112007746861371658e+02
1.198284215268735409e+02
1.269176312648933447e+02
1.335031749824549081e+02
1.427747154378998289e+02
1.814488717192780598e+02
1.778708649234789618e+02
2.310244891070913695e+02
1.742911622452230063e+02
1.719514274377153242e+02
2.207704573961310643e+02
1.457668024460880645e+02
1.671164335146033579e+02
1.629655862217744300e+02
1.384866566733022637e+02
1.466927254036664579e+02
1.583874460346092405e+02
1.249414506852422306e+02
1.327357803246207482e+02
1.525034488585004908e+02
1.852808205827905397e+02
9.496916763025230068e+01
1.011946127438670544e+02
1.174225787583352485e+02
1.278641536901562290e+02
1.366298887503481012e+02
1.368134510882463815e+02
1.596258321890110494e+02
1.588136459885429588e+02
1.636404568641767128e+02
1.648234847567995018e+02
1.507002515267995761e+02
1.511617179519099068e+02
1.972382352860542767e+02
1.221801629050734164e+02
1.435041623350564066e+02
1.435779020510429973e+02
1.204840777615514185e+02
1.294332153798952163e+02
1.449467362837550581e+02
8.701512137825621096e+01
9.646464488947962934e+01
1.044488670537245127e+02
1.112544235656798719e+02
1.114429556648113504e+02
1.311579653677736701e+02
1.331281475440043494e+02
1.759298899643241896e+02
1.512770412571831855e+02
2.261359440324580987e+02
1.377625125553193755e+02
1.411496581948055109e+02
1.322385550448869367e+02
1.334944150865662209e+02
1.820840767051851685e+02
1.212840523883973987e+02
1.245880737420818747e+02
1.666062185599368775e+02
9.369682275080295142e+01
1.128867743800467451e+02
1.162573243525099969e+02
7.507875375742381152e+01
7.953482655566554627e+01
8.398890315615615521e+01
8.355169521543379574e+01
9.941682605374683135e+01
1.022305672248208168e+02
1.034186773465144285e+02
1.431813655917471237e+02
1.301654929084382104e+02
2.154618650426814952e+02
1.249771400252913338e+02
1.892655886474683200e+02
1.121911013987190699e+02
1.169194623345952948e+02
1.014000010364329114e+02
1.037026301204077186e+02
1.453544805707116723e+02
8.979316707332456815e+01
9.307646659984258974e+01
1.254128355184662951e+02
6.738333531585509206e+01
7.037400923290806531e+01
6.987782638295374227e+01
8.429149410649321794e+01
8.738428058096208417e+01
8.735097697027418917e+01
9.133035593847120026e+01
1.393667175207756372e+02
2.683986445529381513e+02
1.105390879301936451e+02
1.863331367499784506e+02
1.054852180279087150e+02
1.615719270262941052e+02
8.867958267404182493e+01
9.343866214622310906e+01
8.490090692572836417e+01
8.725224162880999756e+01
1.247973629769435320e+02
6.439906178751070343e+01
6.426594924447830692e+01
7.960706130006259684e+01
8.348123856777051799e+01
8.412890466409861290e+01
8.915084968114217645e+01
1.365866245198448325e+02
9.640184984220437059e+01
2.225369988208815073e+02
9.019767576703671352e+01
1.551688339934659950e+02
8.197648018178026064e+01
1.267811477029897702e+02
7.418131423091746512e+01
7.997023777906629505e+01
4.897846020985823401e+01
6.312188809349401453e+01
6.729842154863847270e+01
6.849498296995831481e+01
7.341906984375420109e+01
7.499340930844569186e+01
1.310513290455110962e+02
8.124877799363397912e+01
1.811981252415256449e+02
7.399084696005741080e+01
1.301596662846728520e+02
6.801389371709240095e+01
1.058503502020940061e+02
6.124317904927779921e+01
6.492353486100097371e+01
6.695183386077457044e+01
1.542973811703210743e+02
7.045743666869081778e+01
6.658386279667054453e+01
1.465355606332190064e+02
6.076557334141617872e+01
1.084263614813478824e+02
5.515075211781813636e+01
5.511555744843339966e+01
5.722856475834601042e+01
5.592139627821063641e+01
5.453546079496396715e+01
1.190460657329970076e+02
4.485627168156550226e+01
4.623469675782452271e+01
4.929473436158256305e+01
1.123542537235726257e+02
4.940493610809853209e+01
6.139263083869054327e+01
4.406619736685850341e+01
4.006104608129545142e+01
4.217678113318748956e+01
9.158309753380378027e+01
4.101412515135271519e+01
5.138291720854348910e+01
4.185866411103158669e+01
7.998868805135907678e+01
3.598720619458416792e+01
4.478352820059952677e+01
7.235696817995459185e+01
3.240646885114691145e+01
4.001247750202684017e+01
2.418903562818746877e+01
3.010943868477135510e+01
1.177395403090556982e+02
1.098136658960371506e+02
1.049471410910736893e+02
1.179562271409420333e+02
1.538722458378176441e+02
1.018584377997421626e+02
1.531712125332895482e+02
1.184027025466369025e+02
1.521531507895176389e+02
1.122928491929569361e+02
1.924219387564659201e+02
1.875039206332831441e+02
1.514112633570218520e+02
1.024501653937855821e+02
1.945192914210465460e+02
2.119443673284895340e+02
1.494697292023125499e+02
1.157037488063621282e+02
1.875479672396535307e+02
2.008133044120403099e+02
1.429049369142597072e+02
9.354368865036127545e+01
2.156215608216786848e+02
2.364644729374124097e+02
1.783409222942021586e+02
1.770823701844811637e+02
1.363831454236442369e+02
1.118373554101952294e+02
2.194948584911120406e+02
2.233938594331965533e+02
1.699159515210414497e+02
1.911427458649028210e+02
1.369592897263069631e+02
1.017839205817928274e+02
2.080677184248079072e+02
2.199739838122763729e+02
1.749654910294133572e+02
1.614975565836471390e+02
1.429263119273866494e+02
9.229102127402120459e+01
2.423783294322103927e+02
2.548290847505083718e+02
2.454808757916361799e+02
2.058303544055615362e+02
2.083423127243028432e+02
1.708269691411551889e+02
1.977982270006679073e+02
1.264537258950990832e+02
8.520110408241686173e+01
2.426547109490718412e+02
2.411106404861157841e+02
2.641449942051977473e+02
2.073405293997432750e+02
2.128579218480475106e+02
1.686252185121993818e+02
1.805635092854128061e+02
1.086181314320457432e+02
8.077812406715861471e+01
2.369536141633834063e+02
2.492277538580039788e+02
2.242163310768136171e+02
1.928408968829704975e+02
2.222623772131310318e+02
1.481283315407906400e+02
1.486388880692317969e+02
1.082601735941596957e+02
7.000553309501444232e+01
2.697011572808935398e+02
2.762482796704554175e+02
2.730746844647213720e+02
2.291759284785229625e+02
2.433680662506175736e+02
2.734820008183737059e+02
1.915310994575320080e+02
1.975104511684271245e+02
1.390192500343554514e+02
1.392433607383717629e+02
1.070895503973666223e+02
7.040224951811461551e+01
2.601065164866851092e+02
2.791798083536963873e+02
2.804019063501991127e+02
2.175107448458633712e+02
2.412927408671903322e+02
2.512991653859370160e+02
1.776868322892917718e+02
1.734273591627258782e+02
1.312842436898661163e+02
1.432105325297245315e+02
9.815977318910751137e+01
6.051841754258200012e+01
2.876758393524951316e+02
3.011602703648690635e+02
3.106834411419002322e+02
2.772464959577692412e+02
2.517894091994267285e+02
2.642023835110566097e+02
2.962918484993276707e+02
1.629885345833340580e+02
1.696605562111690517e+02
1.313598971539803415e+02
1.361906872161715683e+02
8.862622543050986224e+01
6.051580258781365274e+01
2.800796270931928689e+02
2.977247852715514682e+02
3.102930798534996484e+02
3.452179171646402551e+02
2.419593851884705771e+02
2.579355315416592589e+02
2.599594670339287745e+02
2.022346923697401451e+02
2.018561084318874634e+02
1.965461017925021849e+02
1.594706097606832316e+02
1.704401070858048968e+02
1.242341199555177980e+02
1.313263815501105967e+02
8.347882407276976835e+01
5.593787838476441010e+01
2.787191506845186382e+02
2.854443951485134789e+02
3.097876342672073520e+02
3.198699710770022193e+02
2.423350878959599868e+02
2.428494511905288391e+02
2.316084599617358322e+02
1.917484265227054436e+02
1.987540128117002780e+02
2.105000595741304608e+02
1.549636900338786916e+02
1.622332298562010919e+02
1.174369217588937460e+02
1.187085411638611276e+02
8.166657812084876866e+01
5.274159543834531405e+01
3.048409437504055859e+02
3.170477185135421792e+02
3.279179051791558095e+02
3.641259695323551568e+02
2.704970260237033131e+02
2.863159857576783907e+02
2.797159420523342419e+02
2.701449998462179565e+02
1.864679634666582615e+02
1.985016815453252548e+02
2.003055474207647535e+02
1.536011495073308879e+02
1.576764103693980985e+02
1.120856769766907206e+02
1.218118312005456971e+02
8.022233822204084674e+01
5.647417045929910984e+01
2.914263730430664623e+02
2.987451947486750896e+02
3.130347053683401555e+02
3.127835950555652289e+02
2.557431443433607399e+02
2.558456600555158786e+02
2.505750779305805338e+02
2.418105304870691157e+02
2.061750615249737564e+02
2.145983324027097012e+02
2.241750411170645521e+02
1.741248825208603535e+02
1.787258653600683544e+02
1.843133510499054637e+02
1.366666459292898708e+02
1.420535723724975981e+02
9.841543181569818444e+01
1.027004946690427829e+02
6.465200914636561436e+01
3.917758563726954435e+01
2.997909979087287411e+02
2.958139196253077330e+02
2.797927182511895126e+02
2.449991645741809236e+02
2.494504112401984059e+02
2.619011941606094069e+02
2.037297030942004312e+02
2.129603446460792497e+02
2.178034911647396541e+02
1.665874565507862997e+02
1.730241048319273034e+02
1.699484945330094661e+02
1.287238110656927006e+02
1.382028783214367706e+02
9.258922709527047346e+01
9.510720560250688038e+01
5.989214828862493789e+01
7.892435332732746645e+01
2.822898447069186432e+02
2.831739267948696011e+02
2.790866747060441639e+02
2.808810644823700500e+02
1.994931399459533452e+02
2.056905236263714301e+02
2.065882325476340213e+02
1.619002694718864461e+02
1.681688640976213094e+02
1.775058429474792945e+02
1.238145170401384831e+02
1.270999287971304312e+02
8.583889371323999740e+01
9.267623074917705139e+01
8.760575393026631730e+01
3.166172195640739773e+01
1.177395403090556982e+02
1.278132468695644945e+02
1.167310946773310292e+02
1.284559377553121351e+02
1.404889280719988847e+02
1.077919239762771610e+02
1.280827313661706626e+02
1.523308159472582304e+02
1.430142828912280208e+02
1.305617183279190954e+02
1.267963805777011430e+02
1.550848832541110198e+02
1.612590278589960349e+02
1.646412851517224283e+02
1.104744912434852040e+02
1.257101215234225577e+02
1.554719392736973873e+02
1.711482291033801175e+02
1.909024309679205942e+02
1.445524095552094082e+02
1.226141080689116194e+02
1.249282743966401483e+02
1.552832035868172795e+02
1.767815080187074557e+02
2.096289044276763036e+02
1.746235125486734887e+02
1.613081241920478135e+02
1.206090593137791700e+02
1.241178697682121452e+02
1.541186281340618223e+02
1.782440585288265140e+02
2.187175607669347528e+02
1.939168758077520067e+02
1.909123227393199613e+02
1.496947340352072899e+02
9.769173093538942965e+01
1.236364507708196072e+02
1.535754147248432275e+02
1.798226347650272601e+02
2.268764638223788950e+02
2.122547080409773059e+02
2.239203735023871786e+02
1.914889018733429680e+02
1.402586864480507529e+02
1.229842322687173350e+02
1.521466563916990538e+02
1.785842700881692906e+02
2.276483810974158928e+02
2.190065072561697264e+02
2.396758388221323059e+02
2.142305712753199032e+02
1.651429186840895795e+02
1.429269250127316013e+02
9.884754300604762989e+01
1.224946373362945025e+02
1.510594851294404748e+02
1.775376706257318062e+02
2.278402512931868387e+02
2.235947867999816197e+02
2.516104659155307957e+02
2.331606886222733976e+02
1.875392029075260609e+02
1.684816458970492192e+02
1.176807261661342636e+02
1.092345257471496467e+02
1.221832048841826719e+02
1.504281657982683953e+02
1.771301233391959613e+02
2.287578055472561971e+02
2.282373406164456924e+02
2.631207750083374322e+02
2.520340400644258239e+02
2.113072323507803105e+02
1.978430488649983090e+02
1.425030076281322522e+02
1.365700318749890130e+02
9.955315320953089042e+01
1.219450975880585730e+02
1.499492303043235211e+02
1.768184103703905521e+02
2.294457725671585706e+02
2.318256120888732426e+02
2.723824804508696502e+02
2.680703160204787991e+02
2.328773580975994548e+02
1.689472162385696663e+02
1.689321461737055188e+02
1.237347595595308860e+02
8.372312083094895740e+01
1.217117390595457920e+02
1.494257623827015209e+02
1.762468536310243223e+02
2.292641032009545938e+02
2.335829649318533541e+02
2.780565302374822636e+02
2.790634448388017290e+02
2.490171966387152338e+02
1.916222301108383590e+02
1.987066687371323610e+02
1.490132316147210361e+02
1.005165962493470317e+02
7.499554069646505639e+01
1.757549782063838961e+02
2.290185665403816984e+02
2.348069371295648580e+02
2.823263355909796815e+02
2.877382208540956299e+02
2.623736427612237208e+02
2.275550597207925705e+02
1.753094947332658649e+02
1.201724786951072730e+02
8.982291315318249758e+01
7.304234540820451116e+01
1.213629062635924782e+02
1.486351297688524653e+02
1.753293376064891618e+02
2.287479594353717118e+02
2.356704414553431945e+02
2.855875991340643623e+02
2.946474611328234801e+02
2.734529128645397122e+02
2.551413682772582092e+02
2.021571187407652133e+02
1.418726758628012306e+02
1.081834085318374292e+02
8.990897297032215363e+01
6.037963944743877676e+01
1.212425741985086063e+02
1.483711932373923901e+02
1.750448737484346111e+02
2.286550167059405965e+02
2.365528248074220414e+02
2.885668055870102648e+02
3.008358945954982460e+02
2.834473875764246031e+02
3.031082639149712463e+02
2.494655884066600890e+02
2.828328546292664782e+02
2.307413518112700785e+02
1.668935946184438990e+02
1.314627575373714308e+02
1.142835875480404439e+02
8.275859398142881673e+01
1.211278275171683134e+02
1.481054713453702618e+02
1.747062680209176335e+02
2.283486381762907911e+02
2.369248652202075505e+02
2.904041633168035332e+02
3.051014388313860763e+02
2.908035608227825151e+02
2.639358152034379827e+02
3.057349894676731878e+02
2.551659921604068870e+02
1.888202610015568439e+02
1.520890153416686417e+02
1.355889904485186719e+02
1.015337407275695938e+02
1.210385185751823229e+02
1.479048106448613566e+02
1.744674916038821380e+02
2.281801041722623893e+02
2.373510793984113434e+02
2.921228978885815195e+02
3.089349066752221233e+02
2.973633330938972108e+02
2.772464959577692412e+02
3.273092543113841089e+02
2.788937299752778358e+02
2.108910012424591969e+02
1.736539810585924499e+02
1.587356358208668610e+02
1.227619058156609242e+02
5.302629626767050297e+01
1.209703970230282124e+02
1.477588557038994850e+02
1.743149728077384282e+02
2.281379190120105989e+02
2.378494789250140968e+02
2.938023836726783884e+02
3.125029910736750480e+02
3.033727445476777120e+02
2.896942461150754866e+02
3.478802284496792936e+02
3.021517885424611336e+02
2.332666856264191892e+02
1.963643583718204866e+02
1.841304848995728776e+02
1.471887431206853023e+02
6.914106153263900012e+01
4.913644786560804789e+01
1.209127751143246030e+02
1.476362666063604649e+02
1.741882457576793684e+02
2.281058331032613182e+02
2.382723433777579487e+02
2.952219910903901336e+02
3.155291521589093122e+02
3.085126046778580644e+02
3.457022232573012275e+02
3.006794857660712523e+02
3.664255812720116410e+02
3.236580551561492030e+02
2.545510387559276353e+02
2.186220567494040665e+02
2.097998595740120322e+02
1.727473974565411936e+02
9.130654549106931483e+01
6.705930932507486375e+01
5.272245635512231132e+01
1.208707361845821708e+02
1.475542914091779778e+02
1.741275402059199564e+02
2.281758427038537036e+02
2.387712019199191786e+02
2.966618031249322485e+02
3.184333493691670469e+02
3.133220831565375875e+02
3.839421650121935272e+02
3.443096696871012909e+02
2.754346219315567055e+02
2.410023702136206509e+02
2.362640946921088130e+02
1.997667393160528206e+02
1.178691564295935308e+02
9.120078644973871462e+01
7.419053021425371242e+01
1.207453107428991217e+02
1.472077135011770679e+02
1.734971650426899146e+02
2.270245725650898976e+02
2.374183512007166712e+02
2.948537159438770345e+02
3.166111146039255573e+02
3.120630085601556516e+02
3.113096514407124573e+02
3.863776375769568858e+02
3.484332051515572175e+02
2.802001835348387431e+02
2.461315484977110373e+02
2.421266806606383000e+02
2.058638162308318726e+02
1.204207267866810014e+02
9.095462985523424493e+01
6.854615301132059813e+01
5.186598903998457644e+01
3.188902605582756422e+01
1.207261287543756225e+02
1.471845838111206888e+02
1.735304051145828339e+02
2.272355527892300699e+02
2.380112162656368184e+02
2.962813756761838704e+02
3.192495616175556847e+02
3.162231572013324694e+02
4.012271253168944440e+02
3.661882957236579728e+02
2.985271857654290670e+02
2.662211931662859570e+02
2.663844918017973100e+02
2.311128751837767084e+02
1.459945327233367891e+02
1.142455837508315284e+02
8.931620457203786145e+01
7.083526325798374046e+01
4.713300315996834655e+01
1.207020989241294870e+02
1.471422031107733801e+02
1.735132159403628123e+02
2.273228520624631415e+02
2.383850690707434126e+02
2.972805652804451029e+02
3.212026390460873131e+02
3.194245678269585369e+02
4.134548203129990043e+02
3.811106234626584524e+02
3.142354636254767115e+02
2.837651448148413920e+02
2.879729667959646804e+02
2.540556432565770706e+02
1.705714954296410610e+02
1.371010584613433139e+02
1.102137014045554650e+02
9.057169101801075328e+01
6.376325072741362732e+01
1.060485369562948961e+02
1.131472031654281380e+02
1.442402574959759249e+02
1.954917844367966211e+02
2.118884411950826632e+02
2.697151495439142082e+02
2.965723012810324235e+02
2.999020252876987342e+02
3.480417336548512139e+02
3.746353164309397812e+02
3.115254923175253907e+02
2.831136300453416084e+02
2.887167991019720716e+02
2.558459903599465690e+02
2.285249381264545718e+02
1.385465600053469473e+02
1.111881205621467075e+02
9.120947229398588263e+01
6.411136098566083774e+01
1.064096641562876329e+02
3.325388582865776499e+01
1.132643524322763682e+02
1.598585241888837061e+02
1.817927379496938727e+02
2.377433755559435156e+02
2.674143752690537781e+02
2.762389628344745347e+02
3.258126682383148136e+02
2.983328442500319966e+02
3.067166361545156974e+02
2.809919456878321853e+02
2.883668359208953689e+02
2.570075450942231896e+02
2.303003758289386269e+02
1.936992415691501890e+02
1.122068515387075962e+02
9.188408650893245522e+01
6.448306798546029484e+01
1.067968876942738063e+02
1.154460069040971888e+02
1.438872764161007183e+02
1.976043212573354992e+02
2.303888625328014541e+02
2.455100557937883821e+02
2.962477874266245408e+02
2.763024724766235067e+02
3.652639275151079801e+02
2.760271322391926674e+02
2.857349834235016033e+02
2.566570096731918511e+02
2.311168818744550322e+02
1.949609872619399198e+02
1.759652209728616015e+02
9.254323026208655278e+01
6.485442706512415612e+01
1.071883343810588940e+02
1.023802455979578099e+02
1.527135609223198855e+02
1.882666637498430759e+02
2.096865246267619511e+02
2.608842537184452226e+02
2.492584686152496545e+02
3.373125056234623003e+02
3.297155012751487675e+02
2.807392992475977280e+02
2.547229440323508527e+02
2.309305705679090011e+02
1.956678997918977814e+02
1.772813917371513810e+02
1.426363154283105246e+02
6.523390144952693959e+01
1.075931130519556973e+02
1.233360802821730857e+02
1.559438611747760888e+02
1.807122578630053624e+02
2.306342815938060369e+02
2.251314539892429991e+02
3.119439671364975197e+02
3.112668775178084388e+02
2.744956866671802800e+02
2.537734644490901417e+02
2.316874696402588540e+02
1.971807345958354176e+02
1.793669268902290810e+02
1.444615163484864127e+02
1.154300161383466019e+02
1.905207755568337973e+02
1.926654211108424875e+02
2.763417010920796315e+02
2.838267772650943357e+02
2.564584793715809496e+02
2.489381821936582924e+02
1.145756697297910023e+02
1.575227928923949037e+02
1.639786241947419967e+02
2.435928745967888460e+02
2.578710781384023676e+02
2.391071589017082601e+02
2.368693446770045909e+02
2.592164105082113110e+02
1.978326738327820351e+02
1.824114603367658844e+02
1.477672444457005554e+02
1.180422870650420464e+02
9.598976077959125064e+01
6.684779497296061379e+01
1.224025473232602934e+02
1.321517747585561153e+02
2.061146964237030090e+02
2.268958432568893215e+02
2.173948453315853158e+02
2.209039191114268306e+02
2.468758334978670064e+02
2.384067721228339565e+02
1.837684249808971231e+02
1.495728293911763274e+02
1.195655691393472040e+02
9.712633662093593045e+01
6.752666207898884920e+01
1.100355690533271087e+02
9.409528136225557660e+01
1.598495644494091152e+02
1.873026225613627958e+02
1.882040321833285361e+02
1.981436254937484875e+02
2.278957034390032845e+02
2.262016335323309306e+02
2.188465306372097814e+02
1.505748500542237025e+02
1.207315305836665544e+02
9.812183403271197335e+01
6.816960255766777266e+01
1.107492694557225121e+02
3.375643506657528548e+01
1.215104245645276677e+02
1.516623958095252078e+02
1.605984031303495669e+02
1.754271991258434582e+02
2.078903728657945464e+02
2.127868453047320259e+02
2.108262020603982876e+02
1.907423081674019159e+02
1.222113907710133276e+02
9.938490782900314002e+01
6.898356022024943002e+01
1.116477512878376359e+02
3.386182332272075968e+01
1.101947072433113135e+02
1.265033439553895249e+02
1.457863358526720674e+02
1.799101649703566466e+02
1.919197022833729420e+02
1.965238835373845916e+02
1.826491424401308450e+02
1.798255319756174799e+02
1.002799849435515824e+02
6.967764555559762130e+01
1.124686930818840978e+02
3.396084724662737386e+01
1.056980825160197242e+02
1.243383342090740911e+02
1.570210707080062491e+02
1.738593870378181236e+02
1.836912888137863149e+02
1.754124794089798343e+02
1.775058429474792945e+02
1.520790646451586383e+02
7.078784903679243712e+01
1.137227306779937805e+02
3.410903381566185288e+01
9.975754307154022626e+01
1.280847972216983237e+02
1.488492619679118718e+02
1.639431551810139069e+02
1.625124562481015005e+02
1.708849736194200943e+02
1.503369008079621381e+02
1.248933519394041269e+02
1.149632670253765667e+02
3.425990430859910418e+01
9.323351728365103952e+01
1.160110913056906128e+02
1.357525767604793145e+02
1.419218883366714863e+02
1.575902065981194085e+02
1.443238864743410659e+02
1.230871134637810940e+02
1.031694760733353888e+02
1.159934874638092879e+02
3.439465435097444157e+01
8.415657360917766994e+01
1.051402428022110200e+02
1.172473955427583547e+02
1.395945328195094532e+02
1.348351647083065927e+02
1.193647130129252929e+02
1.025016885381797493e+02
7.301404908139112138e+01
7.856908760793221802e+01
9.282091878199446455e+01
1.198555500821816509e+02
1.232439847242754070e+02
1.143315594363394467e+02
1.014249365226415591e+02
7.365619476864965520e+01
1.183555388361080247e+02
6.435079632394254645e+01
1.058569673912950293e+02
1.051675907624627513e+02
9.822424158640062331e+01
7.373060070295440482e+01
7.214676673866419776e+01
8.644551992076743829e+01
9.263227937771389975e+01
9.267623074917705139e+01
7.317702450519978186e+01
1.206150203294400143e+02
3.515565227332461262e+01
6.652097308291217814e+01
7.616585963063447196e+01
8.329717845294526057e+01
7.118375530690265407e+01
1.210982192095880379e+02
3.539142006360124526e+01
5.658662554274983592e+01
6.906053505945219229e+01
6.681059335866784465e+01
1.204252429984088621e+02
3.564143882979614375e+01
5.147760084695430294e+01
5.861051896253491122e+01
1.165819635011385031e+02
3.580407038630773542e+01
4.903537052325572887e+01
1.074437794792700487e+02
3.581455148350556783e+01
3.538995357817435661e+01
8.988925768247270298e+01
3.166172195640739773e+01
