9.125334082237235123e+01
1.129290590899503570e+02
9.070620724128656320e+01
1.765383168052367751e+02
1.431108117227044261e+02
9.967066982529979668e+01
1.709588716633608385e+02
1.791168595991006782e+02
8.764109669221961951e+01
7.286188270390381660e+01
1.369336069552095978e+02
1.068814523029716241e+02
7.591381174228817486e+01
1.376980234856118273e+02
1.294533259737837056e+02
1.679638898066941692e+02
6.629886101995406023e+01
1.153223563542822916e+02
1.215921471341099078e+02
1.933949045192055678e+02
6.849710650154150926e+01
1.170320052372400426e+02
8.440039729507374489e+01
6.080769475896167364e+01
1.103747226130760595e+02
9.673826281502491042e+01
1.130719826284964284e+02
1.571246840063920445e+02
1.019081782757993864e+02
1.205291046690425674e+02
1.697464578760377947e+02
1.436680552717175487e+02
1.097113635000312399e+02
1.028280108817514673e+02
1.354264114292059844e+02
1.624377376836874021e+02
1.105740130676831967e+02
7.705603288423070296e+01
5.868192673964436068e+01
1.093322991073381587e+02
9.697091898728052684e+01
1.125454253866160741e+02
1.118238359957610299e+02
1.843977032713356436e+02
9.086383504456760818e+01
9.165440919201915904e+01
1.531458152268558592e+02
7.279563535776884464e+01
8.787654442767951934e+01
1.275380154995114310e+02
1.122568621457381539e+02
4.226697658391145751e+01
3.459747438876193826e+01
6.600219323658299686e+01
5.899182332463880130e+01
6.872562639480426583e+01
7.346683424496988835e+01
9.549272478679222331e+01
1.033924601142672941e+02
9.900313870777340242e+01
2.042002164468094065e+02
1.469032809150865830e+02
1.094050823343420262e+02
1.420186215096151727e+02
1.536291123598484774e+02
9.937119701941186634e+01
1.021306626625621163e+02
1.715687603345206185e+02
5.352177925396795644e+01
1.081712039501254452e+02
9.902767348482213094e+01
1.168703826844615605e+02
1.281269296327698441e+02
1.143773451200411273e+02
2.377964456086580469e+02
1.743223353007117282e+02
2.172545941986429625e+02
1.527281468090351666e+02
1.585651984307013151e+02
1.009235921771190903e+02
2.055625570294114368e+02
1.479270499935195176e+02
1.236148027799151379e+02
1.605981363200849898e+02
1.759916853316973402e+02
1.209186174834834020e+02
9.966262870980906996e+01
1.111705889476326945e+02
1.210390794822715463e+02
1.077409324175240926e+02
2.317326305908677853e+02
1.620427326072435790e+02
1.731942580775562988e+02
9.087429575770752876e+01
1.630962578691721205e+02
1.595408171083382456e+02
1.162670877348964780e+02
1.833677061013726757e+02
1.316278892143739085e+02
1.444678019302390055e+02
7.587127065548128257e+01
1.576354838053643448e+02
1.166755298659014954e+02
4.846745203067693097e+01
5.494703398614612411e+01
6.262172619959235931e+01
5.766316838431393421e+01
1.253505545797450935e+02
1.073418423837763100e+02
7.898260780260409319e+01
8.769026568155700829e+01
1.600733843503111586e+02
1.347220466705979902e+02
8.868406730823851092e+01
1.625712396619478852e+02
1.544349574303215320e+02
1.141591537150845426e+02
1.702514679407235292e+02
1.182781062094357054e+02
1.327328888608695081e+02
7.810142324103964029e+01
9.418142041859540825e+01
8.981928213066670708e+01
1.958716405197660322e+02
1.651682385205994876e+02
9.330250091960023440e+01
1.756535977025275201e+02
1.666038688215115826e+02
1.558695682935543516e+02
1.355997163181315557e+02
7.893415589026461987e+01
1.489194154372087269e+02
1.467261420369218854e+02
1.113517532209373542e+02
8.168339197067177793e+01
7.924842882860747295e+01
1.688834462343774874e+02
1.361948428687328487e+02
7.798295557654661536e+01
1.439028763510184490e+02
1.288505233206355740e+02
8.977095181708203597e+01
1.647059126013210175e+02
1.518410405115764661e+02
1.375614998571654155e+02
7.860804991742718073e+01
1.537165693461043361e+02
8.662445876423558389e+01
1.777423368589317931e+02
1.349358162316326570e+02
7.896497364863168400e+01
1.494023335801507244e+02
1.673713162060815591e+02
1.074591515784927367e+02
8.473566842016990108e+01
1.487699465393527589e+02
1.280237013988545698e+02
1.224123354573163454e+02
1.454355972820585521e+02
9.802131356724460431e+01
5.906622177038270394e+01
1.158171220791809475e+02
1.331605395676543822e+02
7.869583738010071272e+01
6.973819874838723365e+01
1.031819484919938787e+02
5.775487555275967821e+01
3.590121120915677011e+01
7.297396038493739923e+01
8.605160680541749230e+01
5.367724267778891090e+01
7.303469307835999302e+01
8.461502408562196820e+01
6.450921442304870368e+01
1.535956902424277928e+02
1.022689447088449839e+02
1.389256220915874565e+02
1.272208627999685291e+02
1.367706778867359105e+02
9.734698772005494050e+01
1.269399251183000104e+02
5.598779630377544692e+01
4.493872145264678153e+01
5.636018370690007373e+01
5.442834918923325205e+01
6.755258212525139072e+01
7.316339616584102146e+01
8.512686662078967004e+01
8.412301403885227558e+01
9.962739870549116006e+01
5.984279577392235439e+01
8.805862685062982109e+01
9.883627842625848814e+01
1.087048367903154258e+02
9.083478265952003028e+01
1.300968450594374417e+02
5.466126268962482726e+01
1.360583020595093160e+02
1.741947024878361390e+02
9.181768732048770687e+01
1.045820487529979488e+02
1.363958372346727970e+02
1.520368607589314820e+02
9.060176303875176984e+01
7.964027517495415509e+01
1.275404555271128402e+02
9.155772039596696743e+01
1.166166491033869619e+02
9.596911612857506668e+01
1.715941548440901272e+02
1.473045456430046158e+02
1.301237974258252734e+02
1.618946087626335100e+02
1.322143429502685592e+02
1.092548164842783933e+02
1.468929379815367611e+02
1.403320968244603080e+02
1.305784021772650760e+02
1.238897486486770561e+02
1.038345095813480725e+02
7.281089964458686836e+01
1.371849625283167882e+02
1.552296288338835382e+02
1.208736099067870242e+02
1.346605391074240856e+02
8.688022000141016576e+01
1.258437746741848855e+02
1.692188656371772311e+02
1.610766565731188393e+02
1.988174908154031471e+02
1.540698340495161460e+02
1.569506586898727676e+02
1.213592215810840003e+02
1.345905619936234530e+02
1.254102636612063151e+02
1.060405289664084876e+02
1.608533399794407330e+02
1.826217538522626853e+02
1.689520731229268620e+02
1.303660757019062544e+02
1.493543571018002751e+02
1.335561212740589383e+02
9.670360371982306447e+01
1.622950052136326065e+02
5.907952953932097273e+01
1.669700599319502032e+02
1.807527935798001124e+02
1.568456020391580807e+02
1.510456322323631468e+02
1.267996626187192675e+02
1.459565433687303937e+02
1.937761538785262587e+02
9.778950669409454122e+01
9.386184991766883456e+01
1.714502363768700661e+02
1.989915359935148444e+02
1.985435568195417773e+02
1.739129301938686751e+02
1.589783439141380939e+02
1.712182659805231708e+02
1.694351703423757840e+02
1.747850259103977351e+02
1.478061229953128191e+02
1.707474348890381179e+02
7.528233493890009242e+01
7.605679618311147294e+01
2.022481760176023613e+02
1.829430278238088476e+02
2.038448447784185475e+02
1.820019944635452021e+02
1.824356107548053956e+02
1.293543761161296004e+02
1.488451888489458099e+02
2.117454822714971101e+02
1.208499279126739054e+02
8.334128482243283997e+01
9.866169893085195497e+01
3.617606554447513645e+01
8.512686662078967004e+01
8.385839762276272324e+01
8.054897622519568756e+01
8.544099375812353969e+01
9.256184450864220992e+01
1.045972941215088241e+02
8.439036257902523630e+01
9.663902957114250114e+01
5.078091417550017184e+01
8.229696923457699143e+01
8.152440357941489424e+01
8.438873335607583215e+01
1.064594943206986670e+02
6.391143630764882744e+01
8.379666371034511485e+01
8.635176519144144436e+01
1.184218098114500748e+02
8.226969438562642267e+01
1.339213037539080062e+02
8.162680351327117023e+01
1.228824713898942065e+02
8.515210142134441185e+01
1.197186826170361513e+02
8.770362047892938051e+01
1.523555516885587622e+02
1.263233630604338487e+02
5.725684753361822033e+01
8.097871461097643930e+01
8.066398488835775993e+01
8.477872447766330311e+01
1.217374062092726206e+02
9.344405146149031793e+01
1.737254477128654457e+02
1.471123710433232645e+02
7.309161876429848803e+01
8.033480729138015874e+01
8.419314351942578867e+01
1.222775075418905288e+02
9.662966548598186023e+01
1.879309866887294618e+02
1.633770573879819494e+02
8.806442958407386357e+01
1.252501796067825524e+02
8.370489933123744208e+01
1.224358291509686012e+02
9.866010561288292990e+01
1.978834386908031036e+02
1.757180989441842769e+02
1.005836838584609438e+02
1.519450551125805760e+02
1.193111874699508235e+02
1.123416391587448828e+02
8.353351733635531673e+01
1.230242410657948540e+02
1.007869843220693298e+02
2.075820446223149816e+02
1.892872206079121895e+02
1.145430321315619722e+02
1.844106283398766095e+02
1.547262631072674992e+02
1.610173596048727234e+02
1.320617697638558070e+02
7.951533100537785970e+01
8.241731941153859964e+01
1.208750728800987275e+02
9.900983282142229314e+01
2.040276548908701955e+02
1.832305837809570050e+02
1.120753256992367710e+02
1.803654709418275388e+02
1.459015412054751835e+02
1.064431583779964967e+02
8.170837013584613828e+01
1.196186884945221607e+02
9.816283155684223516e+01
2.029946442876588719e+02
1.815455655379905409e+02
1.128627475807246867e+02
1.841965709786993557e+02
1.510319243843904644e+02
1.520980735726808462e+02
1.141814574115362717e+02
6.533353385593183305e+01
8.161221962572712130e+01
1.198056224675473516e+02
9.898483382152029719e+01
2.069278999940893016e+02
1.873219902809563848e+02
1.195051241572391945e+02
2.012063375632112638e+02
1.709103862909148575e+02
1.808017569862860228e+02
1.461493152312397967e+02
9.272338137138876846e+01
1.554811910456927535e+02
1.327995314585852498e+02
7.900642993013221371e+01
8.123971448879653678e+01
1.191887056305725423e+02
9.864399199905545856e+01
2.068112761235767039e+02
1.870810327323223419e+02
1.207460167289552260e+02
2.057185140591879815e+02
1.898706893736834331e+02
1.584958086751217934e+02
1.044130501106353250e+02
1.788601747279503229e+02
7.887333136875437845e+01
8.091909119647745285e+01
1.186342450505131296e+02
9.828392537596801048e+01
2.063900520593305714e+02
1.863452542946209292e+02
1.212338196584892813e+02
2.080938894895271289e+02
1.793251104452328946e+02
1.948299390406569671e+02
1.661661891233583788e+02
1.121039862748578173e+02
1.940577676089520764e+02
1.501231387412142055e+02
5.884947986108403484e+01
6.278055996252248150e+01
7.885230969352133457e+01
8.090729344564260828e+01
1.188144928473317492e+02
9.879140339714082586e+01
2.086103663843607592e+02
1.895209741754259198e+02
1.248924130382067261e+02
2.177164229016409251e+02
1.908815433912202764e+02
2.120821095640514500e+02
1.865964779824417690e+02
1.304776849512404340e+02
2.334215795465238728e+02
1.823054401896424110e+02
7.212992329388674762e+01
7.881463594709052245e+01
8.084054454200149564e+01
1.188179281088086015e+02
9.902257944095038056e+01
2.098309101323019945e+02
1.912423594634484232e+02
1.271505679477004662e+02
2.239722986335806922e+02
2.239756676325278875e+02
2.015503665204366825e+02
1.445449509455793873e+02
2.640834575098334085e+02
2.065263809068184173e+02
8.186345057240652068e+01
9.030853707232101613e+01
8.774144169374072533e+01
1.159333010636970442e+02
9.584995803318257401e+01
1.997020097494843469e+02
1.794528026055099872e+02
1.217459753063076136e+02
2.170696390334397847e+02
1.937192518525251046e+02
2.006725118219447666e+02
1.452096911362151559e+02
2.664242236117584639e+02
2.083739065825088232e+02
8.271751214413802700e+01
9.130401215532388903e+01
6.087701888364125580e+01
9.719306017035187040e+01
8.462253547675108223e+01
1.759244297427897266e+02
1.576688346312623423e+02
1.107818707160834180e+02
2.020409356934496827e+02
1.830951243821855599e+02
2.115011133823355749e+02
1.439857989525554274e+02
2.663820683820644035e+02
2.090155109601714685e+02
8.327788004448638048e+01
9.210873167636007963e+01
6.131953384971665599e+01
7.397699882698245233e+01
1.472758032003465303e+02
1.301450850329669890e+02
9.602851985463202311e+01
1.807378652281326765e+02
1.674982686156153022e+02
1.978083485982641321e+02
1.881163573222653156e+02
2.638626363803410868e+02
2.084031267556825355e+02
8.354597030610031538e+01
9.274106319322413583e+01
6.170867600574963774e+01
1.230498268693687152e+02
1.044133629458310537e+02
8.214248135577761900e+01
1.600801626747036153e+02
1.516926645866813033e+02
1.832987280993496313e+02
1.794105682324187967e+02
1.374627189655668644e+02
2.079656406636931649e+02
8.398601930280408112e+01
9.362851668644876213e+01
6.223786547049817131e+01
6.341114595227945472e+01
5.922940575401442942e+01
1.255431048215815366e+02
1.255639151983245370e+02
1.587897719761941744e+02
1.627094765431716041e+02
1.293543761161296004e+02
2.524386303329515329e+02
8.354915434482106207e+01
9.390873524458794463e+01
6.254644440212511114e+01
5.548108543156075001e+01
1.159839822144967201e+02
1.473659364569922445e+02
1.557472661361387622e+02
1.272181288105046804e+02
2.521943888674116749e+02
2.050998705045944348e+02
9.581587772455048935e+01
6.360981418888021466e+01
1.424030786942929439e+01
1.196535969077954746e+02
1.082344514601071666e+02
1.345740463496939014e+02
1.466979576485893801e+02
1.236002510396010905e+02
2.496397420374951821e+02
2.046463367757662581e+02
8.582290112623626044e+01
9.785972757688143986e+01
6.480815632179673003e+01
1.444854449458348533e+01
6.914872595161780566e+01
9.721698682593692808e+01
1.178455481578449877e+02
1.074210385452227001e+02
2.289615089037750408e+02
1.945212501299027963e+02
8.429331699280413659e+01
9.810875579609341912e+01
6.537098713280784068e+01
1.458490204242687938e+01
8.474739171353481026e+01
1.069106507258949819e+02
1.016162491794233063e+02
2.214946578730466058e+02
1.903336362048119952e+02
8.501977627318146347e+01
1.009121219233326485e+02
6.720388258142297389e+01
1.492010269595362182e+01
9.150383118458461240e+01
2.051069432957939114e+02
1.795097828447632651e+02
8.421634639638772057e+01
1.032988059529509286e+02
6.916443388219414601e+01
1.531205627416477100e+01
9.055410402172076090e+01
1.931208737777812416e+02
1.667560144842522050e+02
8.334128482243283997e+01
1.070579339252886939e+02
7.223302323433124172e+01
1.592591631631945859e+01
8.836517339545584093e+01
1.380705983737450140e+02
7.726197320661047740e+01
1.081525621979936602e+02
7.513250306222775521e+01
1.664426454772425856e+01
1.627654166269866494e+02
6.133127496306064330e+01
1.011086139303195637e+02
7.597332748552038595e+01
1.730985132896792678e+01
8.790121470532315584e+01
6.326075859584343419e+01
1.109608919430884697e+02
8.634496100261071660e+01
1.990246344554965674e+01
2.436712117753873130e+01
1.202472574631699587e+02
9.897685742468337367e+01
7.750318619069449255e+01
2.696150513564510121e+01
3.617606554447513645e+01
