8.760794479653426947e+01
1.053985274620027326e+02
1.350313740730030929e+02
1.470000679319099959e+02
1.773766720138549715e+02
1.957311449269692218e+02
2.193262362711804201e+02
2.655766988375322057e+02
8.854418554117569329e+01
1.125323669292968134e+02
1.253353645218736290e+02
1.523644098039461028e+02
1.698577117926042206e+02
1.787704095846280552e+02
2.073783049595737111e+02
2.600241651860292222e+02
1.497158261945374136e+02
1.733718200997673193e+02
2.177487972097454474e+02
2.318628738802260330e+02
2.463557106814291728e+02
8.483600760541099817e+01
9.788024157608354869e+01
1.216320080761572484e+02
1.382000684696603514e+02
1.484287721339122186e+02
1.805051394174524262e+02
1.947604868255479289e+02
2.193514409304283959e+02
1.732786946431126864e+02
1.889063462370402817e+02
2.154439220279807898e+02
2.321422680822369102e+02
2.293122955835211485e+02
1.321882698694720375e+02
1.588479037224987280e+02
2.087827210252578141e+02
2.150545621411275761e+02
2.226304428995637750e+02
7.543789738711448933e+01
9.592595511607663639e+01
1.117432082964583060e+02
1.229049113303252483e+02
1.516161813868184538e+02
1.427117811882901037e+02
2.014896169261440662e+02
1.912318663157025753e+02
1.492075987642701023e+02
2.117063748003914441e+02
2.019305915950703536e+02
2.271724441886655654e+02
2.466054960592432508e+02
1.529811799802453436e+02
1.678240254351368321e+02
1.982821421061617855e+02
2.193004363986167107e+02
2.222689781378449538e+02
9.554860099572798049e+01
1.108524720366159784e+02
1.240884073808368981e+02
1.537611302356559975e+02
1.454690619773725189e+02
2.067743901794001431e+02
2.018428050604754844e+02
2.157338284202738521e+02
2.033838229413793783e+02
1.886587662291364040e+02
2.181184316896896291e+02
2.252884206422650379e+02
1.859388398439535877e+02
1.834238485300624575e+02
1.979646212328443937e+02
2.156328707891908323e+02
2.314218820166877606e+02
1.264337001904440285e+02
1.844026437430700298e+02
1.825468732434030130e+02
2.124325515905800046e+02
2.370437484890757389e+02
8.294456474354431919e+01
9.620702819975068110e+01
1.209685414202649412e+02
1.155504312325784184e+02
1.667552502335184101e+02
1.725951836182446755e+02
1.625892853098118565e+02
1.916287920964315958e+02
1.685613104443498287e+02
1.917331750804850401e+02
2.084377615188604125e+02
2.170159857155855718e+02
1.777193877424714969e+02
1.687538005767683273e+02
2.002509464715906233e+02
2.130101483420207558e+02
1.620437902967218804e+02
1.637444617998705212e+02
1.814083039350581430e+02
2.033137667662912236e+02
2.238690766654002857e+02
9.030199588591939630e+01
1.090654809045745139e+02
1.593502887880806611e+02
1.670963173063883005e+02
1.541138143844217723e+02
1.771294262560064965e+02
1.965082793850989162e+02
1.134426112909503672e+02
1.956601053867920825e+02
2.025282542826063832e+02
2.151699224328046967e+02
2.418515863744425758e+02
1.687854326509879570e+02
1.906385860567025361e+02
2.033734362029544513e+02
2.017783864675829761e+02
1.451052425335514897e+02
1.680598950029168748e+02
1.880012230320318736e+02
2.020455805418292528e+02
1.983468475100695230e+02
9.311358482050981422e+01
8.993924925740354581e+01
1.341910680349386666e+02
1.431497747168269825e+02
1.345726401366295022e+02
1.496909307568369343e+02
1.707400788894049981e+02
1.858258755534865543e+02
1.818227146419468738e+02
1.873902590920634168e+02
2.019488102466008854e+02
2.280441831797825785e+02
1.682630758137284204e+02
1.778416650087867481e+02
1.936175024865221701e+02
2.232264655755216722e+02
1.828405000984780884e+02
1.179299588297724597e+02
1.395535081379978237e+02
1.613768060476323569e+02
1.795128164844940954e+02
6.841335882218433539e+01
1.034378764190708750e+02
1.127360378708868183e+02
1.084147693302816009e+02
1.222570259545777134e+02
1.382607401984793398e+02
1.479366227764119799e+02
1.637773705856898516e+02
1.727995833532124550e+02
1.860092203270914410e+02
1.868961838185979332e+02
1.604622008363210171e+02
1.677679842414927123e+02
1.852555890680501136e+02
2.140495301598431297e+02
1.423647348514884641e+02
1.534745783215659856e+02
1.711150990345927028e+02
2.026371328508329270e+02
1.196241578088640125e+02
1.392395929370933061e+02
1.570655243637615683e+02
1.663308931443237384e+02
9.427787869243334740e+01
1.045706164556127789e+02
1.034555602388987126e+02
1.181188223976016900e+02
1.343343042410800194e+02
1.435809674030928704e+02
1.515466168139759873e+02
1.710249095975948705e+02
1.872106579355298379e+02
1.792593642556314251e+02
2.273176989547067421e+02
1.585664300677981089e+02
1.773508930463252398e+02
1.700438050887521513e+02
1.649612144527120847e+02
1.284170492022321639e+02
1.365780338484198921e+02
1.555110591513424367e+02
1.848714768932813399e+02
1.147307503701761533e+02
1.263790816833894581e+02
1.446707929386563478e+02
1.763473959211593183e+02
7.875340718005364238e+01
7.939457419178914677e+01
9.132546062544717813e+01
1.035250219031802601e+02
1.116266746626361765e+02
1.172318260619921375e+02
1.284324357614115399e+02
1.350445431870599293e+02
1.730530140959147616e+02
1.694768352408587759e+02
2.226797965705808906e+02
1.690696664591133640e+02
1.639310023874324145e+02
2.107550007375771486e+02
1.413157917501066549e+02
1.608753470663452845e+02
1.570414057540069734e+02
1.294181427007228535e+02
1.426964137056563402e+02
1.514161949178196096e+02
1.175762546204264396e+02
1.260129350525172214e+02
1.469364557307843313e+02
1.786490761490106820e+02
8.370814541380825347e+01
9.741604279745112649e+01
1.105738294357361013e+02
1.209770160804027910e+02
1.285829508843828251e+02
1.339107231298709735e+02
1.552197176747373533e+02
1.546171768175411501e+02
1.561035428902373781e+02
1.603390825242615279e+02
1.466382844480125982e+02
1.444256595981113662e+02
1.888740345416138950e+02
1.188713179053546298e+02
1.386881798159664640e+02
1.388874323420647841e+02
1.131270146729144699e+02
1.263932814673839289e+02
1.390519897423696705e+02
8.207351552508140458e+01
8.934938181735834917e+01
9.792399957664687804e+01
1.042917242848753432e+02
1.085138385656300954e+02
1.279083497587373444e+02
1.273373106951026585e+02
1.688387490149977168e+02
1.433117710758438079e+02
2.149790841705640503e+02
1.302940744044917665e+02
1.362102802424111303e+02
1.248285652877122516e+02
1.263355725017886186e+02
1.745967502580486155e+02
1.163837106913048700e+02
1.174299495590703941e+02
1.578664359776116441e+02
8.889999351297551300e+01
1.066491333549104041e+02
1.101121533460760844e+02
6.453364616075671734e+01
7.033120276361957224e+01
7.510767739861820758e+01
7.768681155632582147e+01
9.277402013156380178e+01
9.343337855205321318e+01
9.492092719048466165e+01
1.331840925561821223e+02
1.298986861371210182e+02
2.049642713866645067e+02
1.193746842670421557e+02
1.813602341484510703e+02
1.071566802891791497e+02
1.138573667272852532e+02
9.648048838907349989e+01
9.904051282833957259e+01
1.405656348288416950e+02
8.731616018254584333e+01
8.855030401092113834e+01
1.199690739299528417e+02
6.282703421409800626e+01
6.724723289063170739e+01
6.944493087534068820e+01
8.419577924197614038e+01
8.530106400352742924e+01
8.576408667830973798e+01
9.149586880353727736e+01
1.369683780401180684e+02
2.505758711520932422e+02
1.104874833641283516e+02
1.776856102159024999e+02
1.009754945489687401e+02
1.552138641071991003e+02
8.466716153045371129e+01
9.094464646300093591e+01
8.144437436838308031e+01
8.437774022856879697e+01
1.224434597181501090e+02
6.054058296937253658e+01
6.253349516279732256e+01
7.772976855868240875e+01
7.923963521904157403e+01
8.042523622392047855e+01
8.539972482608096982e+01
1.313535321740234565e+02
9.738154735594940803e+01
2.081536226895861432e+02
9.000918712068501293e+01
1.478711671977617925e+02
7.888063611593783264e+01
1.225465167230394030e+02
7.072612659870634388e+01
7.774936624845128108e+01
4.801444127403262030e+01
6.176501702133823812e+01
6.345077606306708873e+01
6.518184052181324262e+01
7.006830908160733884e+01
7.463027284836114461e+01
1.246756495156696189e+02
8.172652189422665003e+01
1.677812644596399707e+02
7.263588041736187506e+01
1.224145998127134760e+02
6.354513297847177000e+01
9.962665729019965966e+01
5.489558130945788861e+01
5.585534099732409175e+01
5.981582671776309468e+01
6.441117778456552401e+01
1.397963853439584909e+02
6.763371928828928503e+01
6.792877687055010938e+01
1.374651496688177303e+02
6.067852856133045236e+01
1.037233840495761257e+02
5.304450426976786304e+01
5.857031933318362604e+01
5.592027082262355719e+01
1.134664863455497539e+02
4.107744052885211516e+01
4.392239580238999253e+01
4.901477393052911680e+01
1.062691073196858156e+02
5.101258780108008750e+01
6.005116855122545871e+01
4.553608613038919373e+01
3.773276512995827403e+01
4.149964638903892933e+01
8.639242577856522587e+01
4.240523155281405110e+01
5.025001642041002015e+01
3.806008939465875329e+01
7.188370839295532733e+01
3.606150918330082078e+01
4.267155341818619974e+01
6.343230998616382976e+01
3.230312301503401073e+01
3.799661864125493338e+01
2.563397971785234475e+01
3.026954564342370446e+01
5.280749189496447826e+01
1.065226724409543522e+02
1.008126274541240690e+02
9.654262850763399229e+01
1.070482666270592205e+02
1.428779652205808475e+02
9.517742072766040451e+01
1.438196483032754998e+02
1.067095387541265268e+02
1.422879347560192400e+02
1.022207632198783784e+02
1.809343844223277245e+02
1.798582398455567102e+02
1.392389539186461320e+02
9.405912912928916114e+01
1.819108443693779122e+02
1.962667729433509010e+02
1.383694588757177542e+02
1.062986884651138553e+02
1.738736539233915153e+02
1.859758559712125816e+02
1.338621384129117189e+02
8.508416713757239336e+01
2.026692933280317561e+02
2.198812518429275542e+02
1.669008274405088912e+02
1.661986573101995930e+02
1.273405706597391003e+02
1.031467993312755738e+02
2.061673237409036119e+02
2.097895863238434799e+02
1.604898458041806180e+02
1.818504160995559573e+02
1.292396039954449520e+02
9.386881875673537934e+01
1.957010461135375863e+02
2.083199502004857777e+02
1.663060006582866777e+02
1.523920022987582286e+02
1.345451877770107103e+02
8.144375859356195235e+01
2.280931291616415990e+02
2.407828241396348119e+02
2.323540234149186858e+02
1.953511250664880379e+02
1.975318307782892759e+02
1.621158045933541700e+02
1.891257932107585304e+02
1.165364749232593908e+02
8.105036663958384224e+01
2.298302478534704676e+02
2.286561077381381892e+02
2.520052555484446941e+02
1.973843734139380217e+02
2.027859414312430602e+02
1.583270943460644844e+02
1.709344797507989426e+02
1.016562217920679814e+02
7.422748017089641337e+01
2.259988198142995373e+02
2.382420525655856238e+02
2.125567329140599497e+02
1.830009571412458058e+02
2.134316169357088881e+02
1.402384072036085740e+02
1.361103796935429386e+02
1.045091910877198700e+02
6.623984796506024963e+01
2.567340121945105693e+02
2.639113258016697046e+02
2.604596031015021822e+02
2.174841195177833129e+02
2.325426963597072643e+02
2.631654114691651216e+02
1.827317830474549964e+02
1.851676109213213692e+02
1.317307919271341348e+02
1.367078677262523172e+02
1.015670570089321956e+02
6.561048757822018729e+01
2.466154642622283859e+02
2.666649545715682734e+02
2.679054127769874754e+02
2.071312223948844746e+02
2.283285863361697920e+02
2.395356876182075041e+02
1.683831379878314465e+02
1.641391587816048059e+02
1.258112220458256729e+02
1.360498937096174359e+02
9.072070619693484161e+01
5.891037979255255408e+01
2.879427395961586171e+02
2.976292703905339181e+02
2.633334159523606672e+02
2.402052279575707985e+02
2.503663050965511729e+02
2.840574847245136993e+02
2.057031726740616762e+02
2.043257776611019949e+02
1.923515834247928353e+02
1.544956295700486919e+02
1.641894375954378802e+02
1.237900323337634347e+02
1.291713968759074191e+02
8.450306761417193968e+01
5.720168257444938575e+01
2.675374115918396569e+02
2.833273370747583613e+02
2.971747823972157789e+02
3.329827820704459214e+02
2.309873316484138286e+02
2.465814148096353051e+02
2.442314128437053853e+02
1.925323844569709308e+02
1.922479406728847664e+02
1.937530439083293459e+02
1.523014667341126085e+02
1.622506858432008698e+02
1.183407187867896937e+02
1.224865229944980172e+02
8.133197936939419037e+01
5.320513573649108707e+01
2.663651970714902291e+02
2.726837661099607431e+02
2.940423845582904505e+02
3.058607103090249097e+02
2.314897356306360052e+02
2.316166611287619332e+02
2.204437988402512474e+02
1.814484382913481681e+02
1.915516263043290337e+02
2.010780547137340193e+02
1.476203351044783858e+02
1.525545962187507314e+02
1.122665695447408751e+02
1.158606384904168749e+02
7.920382593627985557e+01
4.882537484484860357e+01
2.912269724594036688e+02
3.032020741247519595e+02
3.114345880088971512e+02
3.498845327035010655e+02
2.579085684876957316e+02
2.735422845710510273e+02
2.664080854124272832e+02
2.484853585962224258e+02
1.787500880444049471e+02
1.873526032441823475e+02
1.899655996368411479e+02
1.467854246867852908e+02
1.503295675525540389e+02
1.087509461460705751e+02
1.184529239764004274e+02
7.527032904204229169e+01
5.196327460625781924e+01
2.790510655522533625e+02
2.861308958172610346e+02
3.002266437266632693e+02
2.948294937423274291e+02
2.439316534494857933e+02
2.442677012009326347e+02
2.392621574463990726e+02
2.389297293175064567e+02
1.967587022767884832e+02
2.057873615338825459e+02
2.141673667289315404e+02
1.668286766461893080e+02
1.705161068991695004e+02
1.720515070863233404e+02
1.317411968955660200e+02
1.391326044271986291e+02
9.536375269489488460e+01
9.917897651056759400e+01
6.208971512938869353e+01
3.834668390101209923e+01
2.865902631722427714e+02
2.823522185205872006e+02
2.664884718931198222e+02
2.323972892186867512e+02
2.407208146341567669e+02
2.505311431603439019e+02
1.959892847798577122e+02
2.029153357749444524e+02
2.048630573135072837e+02
1.594583726086503930e+02
1.660119827146609168e+02
1.661738241390683584e+02
1.241791743691974546e+02
1.335400688317429285e+02
8.847415181656791106e+01
9.085236167619734715e+01
5.841371841844034662e+01
7.184109386292512056e+01
2.691858992070479530e+02
2.661053839038528963e+02
2.730304156102718594e+02
1.909769723098340819e+02
1.968639092406087059e+02
1.970269604978800828e+02
1.554010075809124487e+02
1.636214740207324780e+02
1.730941219280561256e+02
1.191886373438165094e+02
1.219062956514391658e+02
8.270185615099671850e+01
8.807140501986019387e+01
8.343617806946787141e+01
3.141062545382712301e+01
1.065226724409543522e+02
1.155396906313080052e+02
1.074352086284503258e+02
1.159686169692156739e+02
1.300065342427745634e+02
9.986077207717649173e+01
1.154011686952341194e+02
1.406967411045806386e+02
1.324228095468135393e+02
1.179344055670958795e+02
1.142448018502031317e+02
1.436293206621385252e+02
1.506467927336590265e+02
1.525062083123910384e+02
1.035974751721867619e+02
1.132321900133770782e+02
1.440822449760691768e+02
1.603620468256754066e+02
1.784863934846827078e+02
1.379831031952112426e+02
1.118614497922068693e+02
1.124777002038158713e+02
1.438645682820759646e+02
1.657137364293028554e+02
1.965908873016502980e+02
1.677470142787207692e+02
1.495981016317243757e+02
1.091137474045736724e+02
1.116891872145479851e+02
1.426804756706935393e+02
1.669676076234926256e+02
2.051541249859581342e+02
1.864271575056740460e+02
1.776730155550307586e+02
1.381229746796760480e+02
9.042860940926946967e+01
1.112231026414593629e+02
1.421246560634767775e+02
1.683955407824812767e+02
2.128565363529953913e+02
2.041380684687158578e+02
2.086145875551841300e+02
1.777493518598741673e+02
1.311044564545355513e+02
1.105891592149303335e+02
1.407004633753190888e+02
1.670753069245677409e+02
2.133900398968509649e+02
2.103673871314706219e+02
2.229752534601133505e+02
1.991111362396713389e+02
1.547622379176041818e+02
1.336008934905074170e+02
8.902383770778979510e+01
1.101207829904465143e+02
1.396429768864859398e+02
1.660296919353356770e+02
2.135449278059705875e+02
2.147596023599863884e+02
2.341502709806379130e+02
2.173230586204042538e+02
1.766545111847265161e+02
1.591658126023603756e+02
1.085783235017572110e+02
9.987815416819465497e+01
1.098395985746304859e+02
1.390831019514709510e+02
1.657325228215125037e+02
2.146650583640998207e+02
2.196245849842105713e+02
2.455836447318604314e+02
2.362347978735786569e+02
2.007245114249020332e+02
1.895003208152136835e+02
1.348461003863167207e+02
1.308629739229664608e+02
9.387243345232612057e+01
1.095947107166998222e+02
1.385601171332139359e+02
1.652895253351825033e+02
2.150428169216449419e+02
2.226785210947904261e+02
2.536098182953379023e+02
2.506578972292493290e+02
2.205435065999970163e+02
1.593568623012041883e+02
1.614608036167892919e+02
1.166286641685400554e+02
7.349560007225710478e+01
1.093698657772480800e+02
1.380454556914087618e+02
1.647084875059338174e+02
2.148221839264488437e+02
2.242961780422028255e+02
2.588075204095005120e+02
2.610163604905923762e+02
2.359703457169910905e+02
1.812800805629237573e+02
1.908754429860562141e+02
1.419156232847365118e+02
9.090606951590397955e+01
1.642228110033071573e+02
2.145759495306658096e+02
2.254512317209688206e+02
2.627713835041617472e+02
2.692687617716675277e+02
2.488278555440369928e+02
2.193393894625337452e+02
1.678739369757305724e+02
1.101807819277708944e+02
8.778532922780105707e+01
6.948268753230601646e+01
1.090414099896191686e+02
1.372928978591913278e+02
1.638320442406927100e+02
2.143679381685597605e+02
2.263512585406594155e+02
2.659395479975724470e+02
2.760366368062275910e+02
2.597248019593420736e+02
2.468746149583041074e+02
1.945234721291072901e+02
1.312151234722107347e+02
1.071742468459967768e+02
8.693281469938484918e+01
1.089205567474642038e+02
1.370176876407622615e+02
1.635093748743104243e+02
2.141856980832105535e+02
2.270584891701849699e+02
2.684984937950598578e+02
2.816286368211668218e+02
2.689860828041090031e+02
2.904559945687828986e+02
2.371146780926645761e+02
2.733108743078590805e+02
2.216253851791825582e+02
1.541799770507857943e+02
1.301034776927302232e+02
1.101253701057784156e+02
7.967260327142081167e+01
1.088061728309903913e+02
1.367445444230308169e+02
1.631428830438250372e+02
2.138145764554476500e+02
2.272907858356542761e+02
2.700146172638083613e+02
2.854324796083230922e+02
2.757484261385283730e+02
2.950436513731361856e+02
2.446111865468404289e+02
1.741339245417071311e+02
1.501772263620523802e+02
1.300293617467772833e+02
9.679450163284295172e+01
5.914303249112375482e+01
1.087189343122348077e+02
1.365436946021049494e+02
1.628941523480184799e+02
2.136204586568227626e+02
2.276476422536308633e+02
2.715389558362273306e+02
2.889835776816573798e+02
2.819440169911878797e+02
3.159405010633644793e+02
2.674309240378042887e+02
1.947035629645413337e+02
1.717992909384532538e+02
1.525904918303710929e+02
1.174697928422556004e+02
4.979035516816212947e+01
1.086524505387707933e+02
1.363974690108481411e+02
1.627331217235195027e+02
2.135556608037398689e+02
2.280891730676819407e+02
2.730484358641300560e+02
2.923004707448803856e+02
2.876290912212930948e+02
3.358464989256166859e+02
2.897628095593404964e+02
2.154833304989737712e+02
1.944391967645590853e+02
1.771543030429209296e+02
1.410058452774684099e+02
6.697593573040381898e+01
4.696339584915001097e+01
1.085962492531811705e+02
1.362747461390785304e+02
1.625994166555542222e+02
2.135049702180062638e+02
2.284649534096469381e+02
2.743258727990371426e+02
2.951152146396808575e+02
2.924936651274611563e+02
2.856843926525723987e+02
3.537937043390278404e+02
3.104112189563822426e+02
2.352397057289591658e+02
2.166066890890290040e+02
2.019520698338016302e+02
1.655832648574927646e+02
8.928383536195487125e+01
6.519278920779279929e+01
4.846374102637319226e+01
1.085510177049688849e+02
1.361791121807644629e+02
1.625044878966998283e+02
2.134998565721224963e+02
2.288382376987132432e+02
2.754962921357432037e+02
2.976292144889944211e+02
2.968073618294697553e+02
3.701628459672152758e+02
3.296060695954466837e+02
2.540180437215589393e+02
2.381888550638729498e+02
2.266914481663476693e+02
1.907232250041878103e+02
1.147451871257613050e+02
8.818090213762565099e+01
6.902342649829121513e+01
1.084350515319504922e+02
1.358554238918979991e+02
1.619151462307376050e+02
2.124372041839268945e+02
2.275653030938280494e+02
2.738663232531031326e+02
2.960576496808222942e+02
2.957975496866835670e+02
2.958114888143729786e+02
3.730456016560741546e+02
3.341016887122136723e+02
2.590339930193848090e+02
2.440014428907833519e+02
2.331243850241511097e+02
1.973584025330479790e+02
1.186688632765881550e+02
8.931464075679660652e+01
6.623805726411534067e+01
5.013073995286963225e+01
3.290651839042121907e+01
1.657204245099697744e+02
1.084128714476787820e+02
1.358206943452343296e+02
1.619203079424353007e+02
2.125862360169057297e+02
2.280613137443288565e+02
2.750761776485612131e+02
2.983803366332887208e+02
2.995623759368450578e+02
3.869589082161945726e+02
3.506393906068935848e+02
2.755380378890520205e+02
2.633965432008503740e+02
2.558184459573089953e+02
2.208526222526412823e+02
1.430330221174920382e+02
1.111921419545843150e+02
8.548858065402097850e+01
6.750974468128143258e+01
4.730417802531655269e+01
1.083891643237709417e+02
1.357770909152991408e+02
1.618971034129715179e+02
2.126583991510543399e+02
2.284056903323038057e+02
2.759840284158941017e+02
3.001974395236714486e+02
3.025894680781387933e+02
3.987588704077634247e+02
3.649188390766854582e+02
2.900568072477069563e+02
2.807771143054742424e+02
2.765435674339341858e+02
2.427522908177579950e+02
1.671393609191684959e+02
1.333493512062442790e+02
1.055809896907913839e+02
8.640757557578515957e+01
6.394560646125756165e+01
9.808601790243120888e+01
1.037451613676726510e+02
1.339725964248272589e+02
1.823550960691823093e+02
2.024052779725663811e+02
2.496893660578258789e+02
2.766796427534785607e+02
2.836528455148276748e+02
3.325600134038050442e+02
3.583652012184076625e+02
2.873584418727254501e+02
2.799710294423005621e+02
2.770931772829068223e+02
2.443293470113342210e+02
2.136396058607148802e+02
1.347101526665718438e+02
1.065067866347823866e+02
8.701463369724670827e+01
6.429258909897650653e+01
9.842318165169493227e+01
3.168766853226560443e+01
1.037664406064775022e+02
1.478875211081255827e+02
1.723883056022755227e+02
2.187319942291831012e+02
2.483945436264753539e+02
2.603002655626162891e+02
3.103686279449211156e+02
2.823130610772957425e+02
2.824311006733884710e+02
2.774589641462625877e+02
2.763741882790292266e+02
2.451360580077667350e+02
2.151155534747256297e+02
1.907060858188417285e+02
1.074494442362484676e+02
8.764207528190580376e+01
6.465550959035998346e+01
9.877803486222701679e+01
1.060390032974735419e+02
1.356577171525264021e+02
1.810081935590291664e+02
2.135134992109826726e+02
2.309178998212111367e+02
2.818214052143416666e+02
2.612325257676705519e+02
3.507836328652569478e+02
2.723871728696652212e+02
2.736736519108352468e+02
2.446542478609000852e+02
2.158090726660913106e+02
1.918473225166957832e+02
1.722107457832345574e+02
8.826774064399970143e+01
6.502461032795285689e+01
9.914289151507190923e+01
9.567372532754410486e+01
1.390958670709570129e+02
1.740874945478385030e+02
1.969130379069815717e+02
2.479422610639048798e+02
2.355642768151136295e+02
3.237434043317335295e+02
3.141310212161835125e+02
2.687750318919802339e+02
2.427121144939601152e+02
2.156045213480929021e+02
1.924657708539130851e+02
1.734638059122645188e+02
1.384953013402442252e+02
6.540391481584404687e+01
9.952232688925269599e+01
1.101645589994529075e+02
1.429913454047604091e+02
1.687982205490390015e+02
2.184841972880986702e+02
2.123810890374034557e+02
2.988570010086849607e+02
2.960194572419836732e+02
2.521739476018722428e+02
2.415949776172056147e+02
2.162094237958963845e+02
1.938083587881070855e+02
1.754240243428754411e+02
1.401874568788961426e+02
1.105024753920095861e+02
2.575316760399278451e+02
1.031838908035465607e+02
1.331722141681561027e+02
1.809888542769519972e+02
1.823265571644089391e+02
2.653129001800220976e+02
2.703072440183734102e+02
2.359786104007719985e+02
2.456584536870703914e+02
1.047495385092824165e+02
1.478886308907299565e+02
1.542834285245424155e+02
2.327202202015977832e+02
2.445058514904511924e+02
2.193499345346980647e+02
2.331775891181094096e+02
2.476195728174039630e+02
1.942313766345008901e+02
1.782997098812257661e+02
1.432596894541132713e+02
1.129887420056666798e+02
9.155204768773192825e+01
6.701149257092305334e+01
1.115620702080135374e+02
1.228278486764369859e+02
1.952217306107150137e+02
2.136683351083599405e+02
1.985576560328522646e+02
2.167339538857450805e+02
2.351638294095504875e+02
2.261810963030061430e+02
1.794054349452702866e+02
1.448240173639328816e+02
1.143772550681613893e+02
9.260227707791401031e+01
6.767112839666233981e+01
1.017915393231307064e+02
8.681282533607296159e+01
1.505024713802704923e+02
1.755169066645884755e+02
1.714970606975672638e+02
1.940982875372917817e+02
2.167869666350034947e+02
2.143693299982071778e+02
2.037734742471898244e+02
1.456788433593330296e+02
1.154656558467506784e+02
9.354216959453594882e+01
6.830649804612821185e+01
1.024558233845685322e+02
3.219711381277809181e+01
1.133516879866874234e+02
1.410654415236667774e+02
1.459919031805751786e+02
1.716601659229385746e+02
1.975945625164993089e+02
2.015629185210323726e+02
1.963666125143693080e+02
1.866701679372495164e+02
1.168815992929779810e+02
9.475469462338118376e+01
6.912076942041443317e+01
1.033007977583580583e+02
3.230541969208651665e+01
9.985862812733373062e+01
1.137821370934063339e+02
1.418497854599990831e+02
1.703725786293220779e+02
1.813742090819824284e+02
1.828780116789447732e+02
1.784823342270717035e+02
1.752618935642076394e+02
9.558649106963277120e+01
6.979964439658148478e+01
1.040613177171892829e+02
3.240626937846538880e+01
9.394031196818480112e+01
1.204777970590971847e+02
1.484684557334922204e+02
1.643454112607830098e+02
1.712450548291224948e+02
1.714452775715813289e+02
1.730941219280561256e+02
1.468230925071273418e+02
7.092294049138158130e+01
1.052530968083043206e+02
3.256023370993058563e+01
9.518504611264538084e+01
1.202190532431056340e+02
1.404123578502880036e+02
1.529918896824691501e+02
1.587546066702137750e+02
1.666392700170466412e+02
1.450186503775181279e+02
1.194506060629694133e+02
1.064244919049316138e+02
3.271660489213544309e+01
8.360626075668211854e+01
1.072110639934768130e+02
1.255312915295452427e+02
1.376146855395641637e+02
1.528986815054675219e+02
1.385708475285878478e+02
1.174157910024205194e+02
9.823657937628303216e+01
1.073249456067184298e+02
3.284905692147209777e+01
7.813645738211349112e+01
9.824082462581101538e+01
1.142671086672874168e+02
1.360313190898288838e+02
1.296936730051104689e+02
1.141188322097432035e+02
9.776949285119505362e+01
7.313095477815494405e+01
7.365295048333111083e+01
9.041592949897936649e+01
1.168470914131707872e+02
1.183056079310373008e+02
1.093059705649307602e+02
9.677186454543638661e+01
7.376860722135793935e+01
1.096379078944677019e+02
6.288154061803694361e+01
9.199496119889100498e+01
1.012575596093448382e+02
1.004843583020787889e+02
9.372000339883888387e+01
7.381654018798651862e+01
6.875221561207742127e+01
8.099742017318172316e+01
8.774788726426297103e+01
8.807140501986019387e+01
7.304846340165229890e+01
1.116600038988598271e+02
6.320052761386748585e+01
7.275330666313250561e+01
7.962533705073116153e+01
7.123564977700301881e+01
1.123462526744631873e+02
3.393531815444407584e+01
5.294501692526242920e+01
6.591091904099269527e+01
6.679614620073957099e+01
1.118785281247017167e+02
3.423998512451783682e+01
4.882600842943215724e+01
5.837538369211687694e+01
1.084824521795821965e+02
3.448711837082256437e+01
4.676323107044898819e+01
9.934290271711050480e+01
3.457688950478150502e+01
3.429360289195441425e+01
8.137622025809905324e+01
3.141062545382712301e+01
