9.966679542002577818e+01
1.147505305619317397e+02
8.909217346147863736e+01
1.725003611164218285e+02
1.454698895556761613e+02
1.024971691463925367e+02
1.780460423059103334e+02
1.826380557445363024e+02
9.741994874850111330e+01
7.796122883551468874e+01
1.428511100462813488e+02
1.153078136209564093e+02
8.238921536238717636e+01
1.466773772859261555e+02
1.424043549715328538e+02
1.761781231972252044e+02
7.008935407388061378e+01
1.226789536130282983e+02
1.281250021175907534e+02
1.926366590101094687e+02
6.530872364258472373e+01
1.118378270443944871e+02
8.595611101849308966e+01
6.306486312413439066e+01
1.129210078066266760e+02
1.050263217912978604e+02
1.186912923841430541e+02
1.600604385037436828e+02
1.111000540328989104e+02
1.263148003069722876e+02
1.714707694376558322e+02
1.397015436050885171e+02
1.130582788946516501e+02
1.092546885681470599e+02
1.387632548350335071e+02
1.558798509690944343e+02
1.181216534485235741e+02
8.355299880596672324e+01
6.322274301633581217e+01
1.131366471175261950e+02
1.042801115288167466e+02
1.164308365457398935e+02
1.142172574389280015e+02
1.800593102355309156e+02
9.270925277924133923e+01
9.265831876017469426e+01
1.487672074529641293e+02
7.606986522579227028e+01
8.877519855966887974e+01
1.246730638401402729e+02
1.053552471914989752e+02
4.362983598035010857e+01
3.582284605985253023e+01
6.508301236370145659e+01
5.996186651668107004e+01
6.784050691352570084e+01
7.231972149603062405e+01
9.205413512444255275e+01
9.459539859692647212e+01
1.010534935645286367e+02
2.065208849576818011e+02
1.395986788739170947e+02
1.140863108677607158e+02
1.447149339752374999e+02
1.484559295369731444e+02
1.048725188405542497e+02
1.059047029230385135e+02
1.717471387503242681e+02
6.531442836172210775e+01
1.098294493735298545e+02
1.260181792337519084e+02
1.368364073837046817e+02
1.193459955931714376e+02
2.471526288832207285e+02
1.699336214082942433e+02
2.235126013211815348e+02
1.499808750171244469e+02
1.593602881011490240e+02
1.033131862436729591e+02
2.110049885324490617e+02
1.430040348199991058e+02
1.297742991538026445e+02
1.668722149291096173e+02
1.765579457080812631e+02
1.298377639661365492e+02
1.046791600576552099e+02
1.164610613829563874e+02
1.257429363507476836e+02
1.105512372833004378e+02
2.409812517465411474e+02
1.635032797369778450e+02
1.774762151797851288e+02
8.405058331897410540e+01
1.610587139668183454e+02
1.631650106448082909e+02
1.120766275727388148e+02
1.923595462166224763e+02
1.335032066514134215e+02
1.484436146912636048e+02
7.867346966083239579e+01
1.652828671599295944e+02
1.157913487043783505e+02
5.341626688527461653e+01
5.997461832829011286e+01
6.649997394493601632e+01
6.046291010193898785e+01
1.329116358897015289e+02
1.140512589798273240e+02
7.893801140568118058e+01
9.694886670468295620e+01
1.599881239848251369e+02
1.393259745955342908e+02
8.403530325090297026e+01
1.626398821937020216e+02
1.630558420843231318e+02
1.131776894371457871e+02
1.790195279376869735e+02
1.227740918548727365e+02
1.370990485141929867e+02
8.418101709262919030e+01
9.787877351049567665e+01
9.307705394865831749e+01
2.053345136633934089e+02
1.757133703728346745e+02
9.024059575763280350e+01
1.776416395992813761e+02
1.672535435260364238e+02
1.606084766152050349e+02
1.425910443701234271e+02
7.839083654357160924e+01
1.537236932012549744e+02
1.613249613376678440e+02
1.139732453227482409e+02
8.567628578188127619e+01
8.504541713629117794e+01
1.834055874547552776e+02
1.531087043399662662e+02
7.962003348236585509e+01
1.533294025669084135e+02
1.379126555995659942e+02
9.926190905906432249e+01
1.617165743888809004e+02
1.525652077638798119e+02
1.384891828911393077e+02
7.579050656494185034e+01
1.517295242800014137e+02
8.290336026202446362e+01
1.723817186214118351e+02
1.390484307079811686e+02
7.360384245010796178e+01
1.436163336182200965e+02
1.548543125514526082e+02
1.143128380639518724e+02
9.097696387432000620e+01
1.438114943502935148e+02
1.274095711075043766e+02
1.185514795871758906e+02
1.462708163653452687e+02
1.104996617562143086e+02
5.961017515259467814e+01
1.181558122153036408e+02
1.284425794669614049e+02
8.130657223766280595e+01
7.034366494073850617e+01
9.835098655026466474e+01
3.649835240466315867e+01
7.389600942173211706e+01
8.114872908546232111e+01
5.266446310209409631e+01
7.845840261891011380e+01
8.021584928823750715e+01
1.323003846742537348e+02
1.442700770906650405e+02
9.593486673170484380e+01
1.441726988262768998e+02
1.308519695188794003e+02
1.269508071444990094e+02
8.307905288218459816e+01
1.216689639331521278e+02
5.622614946580531381e+01
3.669889361123494353e+01
5.273605348440869278e+01
5.594736867526955848e+01
9.938415641398295008e+01
9.073630334129047981e+01
1.076937196336051841e+02
5.971488083907296840e+01
9.165413712056943041e+01
1.067593751453375859e+02
1.132876220694666358e+02
9.597382185968459112e+01
1.333588675399637964e+02
6.146145885213711324e+01
1.386344150996545181e+02
1.775741639656274344e+02
9.666115046430857660e+01
1.116179400574536089e+02
1.406770941520715326e+02
1.572642905428371023e+02
9.425047574557569874e+01
8.541320367560697946e+01
1.323335582070096166e+02
9.586023535504965309e+01
1.248261840540139787e+02
9.706888704888353914e+01
1.760720522026786341e+02
1.522142947794422128e+02
1.381631283908148475e+02
1.681609515287887575e+02
1.366157922971998744e+02
1.126718752322185679e+02
1.546236762064587538e+02
1.460622738204760651e+02
1.350652388304903013e+02
1.343966334198312325e+02
1.083494990086169878e+02
7.484060485182047273e+01
1.416443445085693043e+02
1.638750745067844150e+02
1.250890395941361390e+02
1.348842104282761341e+02
8.876802872036016367e+01
1.264141246862880053e+02
1.746774784498956592e+02
1.699283996427855357e+02
2.056936795175336101e+02
1.590721549415081597e+02
1.631148311481200608e+02
1.230727164449944411e+02
1.377290855281651716e+02
1.277461774018868397e+02
1.100088539318725225e+02
1.665978687934058655e+02
1.900551470191886096e+02
1.846748827210738000e+02
1.331918555911389603e+02
1.504733620885683649e+02
1.340525126224794406e+02
9.654099030175343898e+01
1.604282741480204777e+02
5.852021962608223049e+01
1.623138940754534190e+02
1.742786771240278370e+02
1.828228468021590345e+02
1.527897683602155325e+02
1.288450217810427603e+02
1.457046348932461513e+02
1.962345046154876798e+02
9.796899793972775683e+01
1.000990449342213964e+02
1.767662540937368760e+02
2.063305405428139920e+02
2.077428912075450000e+02
1.782882516869943856e+02
1.609879784197408128e+02
1.754085750186414145e+02
1.705825629456086574e+02
1.761038218972730363e+02
1.507527945164993071e+02
1.732860333693893722e+02
8.379669775671175103e+01
9.050281558873894028e+01
2.060311735847212447e+02
1.872800446208391634e+02
2.052402456102678627e+02
1.815873160070187851e+02
1.824129642601288310e+02
1.276724328456174362e+02
1.494948009174114532e+02
2.126491601398982709e+02
1.314638042325715617e+02
8.257446519016983189e+01
1.247213968150186361e+02
6.143742848456203376e+01
9.938415641398295008e+01
1.003740845857374921e+02
8.626295701526181858e+01
1.036012747976076867e+02
1.071493906307358657e+02
1.125767567809246543e+02
1.055836336501538284e+02
1.051934631865186276e+02
5.179572067100603761e+01
1.012052555223970387e+02
1.007622138866819625e+02
1.086085047404465485e+02
1.160457266146195110e+02
6.438933211274972734e+01
9.451528389889156756e+01
1.292714526279128222e+02
8.227967427990029137e+01
1.428618791029091994e+02
1.010976179008197420e+02
1.303819579067788368e+02
1.123736865412346617e+02
1.315744402382388785e+02
8.802442226663534086e+01
1.589175231839023184e+02
1.313332313942601104e+02
1.005710150574053898e+02
1.339966493690115215e+02
9.363505091831076754e+01
1.785884158570492275e+02
1.521170370765960911e+02
7.776502211630956651e+01
1.002915872111042290e+02
1.000154745762690709e+02
1.125192485031827658e+02
1.350287998528843616e+02
9.695935717688463740e+01
1.917233712752436361e+02
1.682523860124233011e+02
9.244596693186103664e+01
1.301756599460097448e+02
1.355539706031390779e+02
9.911924194663464505e+01
2.008575216583249414e+02
1.806434030937353725e+02
1.052129681324258286e+02
1.579257274619233158e+02
1.293645909275294343e+02
1.089003041312928559e+02
1.365154035461766568e+02
1.014287449204537950e+02
2.103232979911020095e+02
1.946330140522597674e+02
1.197659998521049403e+02
1.918112556523235526e+02
1.580984363028650250e+02
9.930340727374436938e+01
1.115884812162822186e+02
1.346349588344696713e+02
9.989954362906853191e+01
2.059873749505868261e+02
1.880201003549805705e+02
1.167658082184180302e+02
1.870399170728776994e+02
1.451905300155648035e+02
1.337011141271798067e+02
9.934125490256559488e+01
2.047316768476092932e+02
1.861145601750963010e+02
1.172171456609224833e+02
1.898950376840022898e+02
1.486613709187266181e+02
1.154744180795399302e+02
6.509528308430826371e+01
1.342318153449762406e+02
1.004531444145353021e+02
2.091470359297664743e+02
1.927543696898248413e+02
1.246513133548821060e+02
2.085433275705789811e+02
1.858813474798061520e+02
1.781192574585683417e+02
1.478750480054091838e+02
9.170756595151085833e+01
1.539516772695883446e+02
9.891156879778614552e+01
1.109623444276228241e+02
1.338560867936478473e+02
1.003422251754624597e+02
2.091519391108376169e+02
1.927897048217033387e+02
1.261241264978957304e+02
2.136335630971263413e+02
1.599718535036308538e+02
1.022491877241274807e+02
1.743017163844797324e+02
9.880127117432093087e+01
1.107524728167637846e+02
1.334942672693284180e+02
1.001737016247872560e+02
2.088525389152044056e+02
1.923475661605108940e+02
1.268992854396692138e+02
2.168723836087977759e+02
1.954086019555357723e+02
1.695172533631745466e+02
1.110867046862752829e+02
1.923655942154526599e+02
1.427612975582204911e+02
5.480526678285362863e+01
9.878154987055935976e+01
1.107836383135120002e+02
1.336952773618655783e+02
1.006422812855985285e+02
2.107129469370275103e+02
1.951323468403875836e+02
1.303138684037016901e+02
2.260931221485874971e+02
1.901211506694754405e+02
1.294593331777595893e+02
2.337224764930433025e+02
1.791584329779204836e+02
7.209388773860504784e+01
9.873020046111996351e+01
1.107103365250451645e+02
1.336190630168016185e+02
1.007302697419497264e+02
2.112018500454120442e+02
1.958740969018919316e+02
1.317768284195498154e+02
2.306559453985307186e+02
2.031736918969540113e+02
1.419492740737513543e+02
2.627795824995606040e+02
2.043086573694007768e+02
8.404224600755698305e+01
1.033953195113038390e+02
1.243714730473724046e+02
9.628987809454541491e+01
1.994267501168208696e+02
1.835275316166983259e+02
1.260181410321934976e+02
2.232081382185957352e+02
2.101447656920799716e+02
1.427011870557532802e+02
2.650837299396958997e+02
2.058974127503380203e+02
8.463076714623784369e+01
1.065192306905202315e+02
8.733813965134723389e+01
1.779950782043479762e+02
1.630498044178431769e+02
1.155810821273023379e+02
2.087173357414330610e+02
1.993196552086452016e+02
2.117645971402424152e+02
2.654399794075556542e+02
2.065490797157532938e+02
8.500136335965433432e+01
1.277007713557491826e+02
7.279487297467439078e+01
1.458122337485006028e+02
1.340890079548178164e+02
1.000773235628568472e+02
1.864544616713211553e+02
1.822893716858590665e+02
1.987653135139566700e+02
1.909935052436703131e+02
2.059783733913422452e+02
8.508837931002909727e+01
1.280104311424948094e+02
1.275342879698301459e+02
1.095946486471649166e+02
8.637405353355254078e+01
1.652434144085630976e+02
1.648069755892540229e+02
1.847540167990029261e+02
1.823981443964048026e+02
1.358808727456381291e+02
8.524651581277896639e+01
1.284460154131589604e+02
6.607349871554896481e+01
6.201231483753893770e+01
1.284736031582853002e+02
1.352553045820025659e+02
1.597445140476417862e+02
1.650453285895180784e+02
1.276724328456174362e+02
2.516222555688475495e+02
1.281553553315783063e+02
1.260762838486893287e+02
1.505534913569683511e+02
1.593663364415085937e+02
1.264847919671957612e+02
2.526023663199524094e+02
2.028224224666721227e+02
1.220453080339535177e+02
1.280518245010044609e+02
1.159167368813943142e+02
1.385048084013453433e+02
1.505998840065899174e+02
1.235251524183608041e+02
2.511514808993989050e+02
2.030791401712972117e+02
8.618598200784623486e+01
7.503713570030828350e+01
1.016601480113389329e+02
1.217377978403243901e+02
1.080506168593618668e+02
2.314789898444627738e+02
1.938151321442684605e+02
8.451881818939577329e+01
1.302099940001174616e+02
9.025790829980682872e+01
1.107125217325327640e+02
1.031124326327219336e+02
2.255790604656619678e+02
1.912325067120581252e+02
8.498004819046303737e+01
1.318829709975222215e+02
2.124425572432556066e+02
1.836104725953015304e+02
8.436812148338047734e+01
1.330735991391979951e+02
9.447983652822915701e+01
1.948954286878627613e+02
1.708599782084706931e+02
8.257446519016983189e+01
1.339332208490899063e+02
8.719891383567896526e+01
1.456694058345730411e+02
7.682333416078665778e+01
1.319617182587925583e+02
1.639414208712423999e+02
6.129562683689393765e+01
1.203366252491721724e+02
9.565230247671549080e+01
6.356888474657455390e+01
1.243312584791902538e+02
1.251120889318024325e+02
1.280553836598699036e+02
1.255728011664645862e+02
9.094130836915776683e+01
6.143742848456203376e+01
