7.285351322152079945e+01
8.584489388229118845e+01
5.146791350238694207e+01
9.978766948562147832e+01
1.090469854767533349e+02
5.767729081094027777e+01
1.039049754873541787e+02
1.014561224680532661e+02
4.920506090515254272e+01
3.099332239500428088e+01
5.997682662073472670e+01
6.210591953252119879e+01
3.282468663647461682e+01
5.353009927019669334e+01
6.607469621744300525e+01
6.380311386983643729e+01
3.401284838186695225e+01
6.229120126932625823e+01
6.215038175998635950e+01
8.763472151254680398e+01
4.235223458142436925e+01
7.694349963336188125e+01
6.911664385431822666e+01
3.469055987171910971e+01
5.683769940249233343e+01
7.407491452483749583e+01
6.663335006917191095e+01
7.166412175075194568e+01
8.239566837391858201e+01
7.485490839689188647e+01
8.122093773422800211e+01
9.921807066890583826e+01
6.496304655053516797e+01
8.036885341220028067e+01
7.866430610083079955e+01
1.089788103001153132e+02
9.227383289600564353e+01
7.982349876386250287e+01
4.051343117913621228e+01
6.960234729745539539e+01
9.242503267059449001e+01
7.956334085408238366e+01
8.430860739374669777e+01
1.275017548933330573e+02
5.594644265836265618e+01
6.003360844677212071e+01
9.176387254623034551e+01
6.160225103011332237e+01
5.886307039312258382e+01
6.701266543832100808e+01
8.627912542815238339e+01
3.956056459260339864e+01
3.328791843180072618e+01
4.399898282530192972e+01
3.860039146282172595e+01
4.639486531810236158e+01
4.007133802109963483e+01
6.626720455132861787e+01
5.440685273758444396e+01
9.109267503959138423e+01
9.138602559025478911e+01
7.511415704020227224e+01
6.498412761416949479e+01
1.075792417860442214e+02
5.856288668975865619e+01
6.274806684483679931e+01
9.468998237902226833e+01
3.150166104507188436e+01
5.903583389459640074e+01
7.746314922178414974e+01
6.995947986330031654e+01
8.474308502832781187e+01
6.306521141229764282e+01
1.065030431705603036e+02
1.101217626661243401e+02
1.322471239593503185e+02
6.677910853149376180e+01
1.126802683031893366e+02
1.059654677644363829e+02
8.144420248069089041e+01
1.257734468010532964e+02
8.490242804851797587e+01
5.428401447967957694e+01
9.229520187148422394e+01
9.887556484235231835e+01
6.424497974498515873e+01
8.717276099583187943e+01
1.241270592455746140e+02
6.425207650033672735e+01
1.033803243546181534e+02
9.977438855976888021e+01
4.290864073242607191e+01
5.423473328731103749e+01
4.413944721685832917e+01
6.544744870169128603e+01
9.346982117388105848e+01
1.125445924741622008e+02
5.956005095248336545e+01
7.028672029795178844e+01
6.886914306233133232e+01
9.416387704731036479e+01
1.227764777946999715e+02
6.459555049123171955e+01
1.092163435700554430e+02
1.057244926260437126e+02
6.785206157659159487e+01
5.716920923040139968e+01
8.446774640102911746e+01
1.182074586119179571e+02
1.410043150351484371e+02
7.406033234143903599e+01
1.020156735720672430e+02
1.150735710816482396e+02
6.697260146338624054e+01
6.191937276987936656e+01
8.568082335593298637e+01
1.178628011460216243e+02
6.451548389563492947e+01
4.443159695150335864e+01
6.543138184296707038e+01
8.903908452195037171e+01
1.046497780864826126e+02
5.580990444413831852e+01
5.967725277996945010e+01
1.056375770404833077e+02
6.932042101900535158e+01
6.228199325014119836e+01
8.597715440621189487e+01
7.912169284531391611e+01
1.049654693538828099e+02
1.212472952022327348e+02
6.597708246175062641e+01
7.159465924676186432e+01
1.236618774413060748e+02
9.916298298316468163e+01
5.607274732214983715e+01
6.429106586016561664e+01
7.387968796559954399e+01
4.212753439724402682e+01
4.720694347924246870e+01
8.208499240924766127e+01
8.551559720367158945e+01
9.745365612776245712e+01
7.857375515721132331e+01
4.995424212963389721e+01
5.984256058678629131e+01
1.062274673183792686e+02
1.112383476754618528e+02
5.555256085038660530e+01
7.371263273225733315e+01
1.342054377902031206e+02
1.411695349696956043e+02
7.665925598645161188e+01
1.394862939441108551e+02
1.444090526923937432e+02
6.110271120033532100e+01
6.031687624619326016e+01
4.693225564512984249e+01
4.168104197812348843e+01
3.791412913270809781e+01
4.669684413573300930e+01
3.890491286608597932e+01
5.103178588780208003e+01
8.282122374624589156e+01
3.762455751651275193e+01
4.238055350404998478e+01
7.019751842518935803e+01
3.698047352855442682e+01
3.693242578170607260e+01
7.159607590632161589e+01
4.189478119011487678e+01
7.546294795863013860e+01
8.793514060878214877e+01
3.674149975514698241e+01
7.188036265233918698e+01
4.476866308920469351e+01
8.722477097013842240e+01
1.054525661512766135e+02
4.861623369328592759e+01
7.005800162362029937e+01
4.492242058590659326e+01
9.113664552537086649e+01
1.128056180526423304e+02
5.301879281300197988e+01
5.111108850765173628e+01
6.949978284815367147e+01
4.573687623568022786e+01
9.642738599367267227e+01
1.236497070073034905e+02
6.065567393653368100e+01
6.625568186700107276e+01
7.466114643522922734e+01
3.621946960708278596e+01
3.533795440650866482e+01
6.845680273331704768e+01
4.567907597715013424e+01
9.837122759604591238e+01
1.285608772186608633e+02
6.497500678705026189e+01
7.658015236678356530e+01
8.739746095434065865e+01
5.730932731110682710e+01
3.617803575600083121e+01
3.514471671648377793e+01
6.844261426363945588e+01
4.640124447038468958e+01
1.024707786866671455e+02
1.382204474259587528e+02
7.325707698512049149e+01
9.353391978283742958e+01
1.141293143618529768e+02
8.176653664039109515e+01
8.970001224018442088e+01
3.609851430422405372e+01
3.481267206317021845e+01
6.779680225867190302e+01
4.629816036294752735e+01
1.034657321288381411e+02
1.415394151539469760e+02
7.704275904151936061e+01
1.034367746037150368e+02
1.303362765206822473e+02
9.653055756012641098e+01
1.099103001086624545e+02
6.645599549743970158e+01
3.598273980766622770e+01
6.660900411277452804e+01
4.551286599211578476e+01
1.018587335431952852e+02
1.393119760213369034e+02
7.661186447056562088e+01
1.059488976645553038e+02
1.348798987105368212e+02
1.007640176258177291e+02
1.144517543787898717e+02
7.062003801277876391e+01
7.787365349376376855e+01
6.534746170115482755e+01
4.455131964017851232e+01
9.939841076362803562e+01
1.350462327737341468e+02
7.438770363998580137e+01
1.047137675360233260e+02
1.332123011092747333e+02
9.923804286145926312e+01
1.105101908149760135e+02
6.758628045635768444e+01
7.651479815926556682e+01
7.638514377777588038e+01
6.519142599981253738e+01
4.463191822655102925e+01
1.002381980373483827e+02
1.373770429000330466e+02
7.692204986914362053e+01
1.113250625328986843e+02
1.286312009248111110e+02
8.265320574480044513e+01
1.014841502536955460e+02
1.169257760842557019e+02
1.035625776911830940e+02
6.505916719934806736e+01
4.468791003132346162e+01
1.008804590628283790e+02
1.392006187093408300e+02
7.897621822427751681e+01
1.168834259339067643e+02
1.559627418838119013e+02
1.458991201980859671e+02
9.750395035031381497e+01
1.265420972336857091e+02
1.578952005892755892e+02
6.330277397412706364e+01
1.559112221929202349e+02
6.455867248526509172e+01
4.433824845170100559e+01
1.000797036942908846e+02
1.379591923281454626e+02
7.859819130367499440e+01
1.177959379779404543e+02
1.584767321115440097e+02
1.266962548291395478e+02
1.510919657486810479e+02
1.023514916452863162e+02
1.352520694954918383e+02
1.723370430321037077e+02
1.715747828394997043e+02
6.759390736106450959e+01
3.572532787006900890e+01
3.333812065584317708e+01
6.409798675613028252e+01
4.400175821823834355e+01
9.925798904393427335e+01
1.366091045117642579e+02
7.804307963056523079e+01
1.181198846911447475e+02
1.599458177647944410e+02
1.551528071982602057e+02
1.064743885457440626e+02
1.430440397161546002e+02
1.859722047393680100e+02
1.883409811756788770e+02
7.459328212493633714e+01
5.703507288599092107e+01
7.429533825697582472e+01
5.951494404510097525e+01
7.475089387973960697e+01
4.685068489669487235e+01
9.942140748504461101e+01
1.298627040202282217e+02
7.403973517002610549e+01
1.140568052335382987e+02
1.552238079131828670e+02
1.264896535819975725e+02
1.526723397988106115e+02
1.054085598049717873e+02
1.422495892347291147e+02
1.855684202901862818e+02
1.883767797004838087e+02
7.469459141591447349e+01
5.711925015941434935e+01
5.784814213617626422e+01
3.910779168753206392e+01
8.448011203559920546e+01
1.095270385959510406e+02
6.418033526669788102e+01
1.025973302908278129e+02
1.428106900233134411e+02
1.190285977184469459e+02
1.460052543744893967e+02
1.022968199906508602e+02
1.395887314507198482e+02
1.835906370827410967e+02
1.874298951273754028e+02
7.457340736392565361e+01
5.711813487880823459e+01
4.125204463031367652e+01
8.081179047828017303e+01
9.434481257276260635e+01
5.547284857405169589e+01
9.196232121019615136e+01
1.303955819801136329e+02
1.112410423335765159e+02
1.387171923948778272e+02
9.880068667706137830e+01
1.365364031212060638e+02
1.812984676642688555e+02
1.863426630032803928e+02
7.444265000586433700e+01
5.712378993081152601e+01
7.439519470687964997e+01
8.838442519819110998e+01
8.730700740893215084e+01
4.990997133381641504e+01
8.549386832136754322e+01
1.218862579762326561e+02
1.058504539636905406e+02
1.332676096363184115e+02
9.618856553019666933e+01
1.797868376588309332e+02
1.858829639629413748e+02
7.450422380635104957e+01
5.722592755353997518e+01
5.584572410323924885e+01
6.633284522413497086e+01
9.993501443410097806e+01
9.146599881865840587e+01
1.195743994785388935e+02
8.929097096200291617e+01
1.279955190814797845e+02
1.832148086003993797e+02
7.406952861632447593e+01
5.714123702993234843e+01
3.267479686043686371e+01
9.182118327290483251e+01
8.560469639164169564e+01
1.125620395281391666e+02
8.555030049296662753e+01
1.244387995081865483e+02
1.720746485147905389e+02
1.822304715393470929e+02
7.411331253845639822e+01
5.728340443002594640e+01
7.457646243378522399e+01
6.263167622024909065e+01
6.657632772727181703e+01
9.074565951501965344e+01
7.349455235749631754e+01
1.121728822543644242e+02
1.618048018758008197e+02
1.775331456457436161e+02
7.384272047126255245e+01
5.755643939620807004e+01
7.483260521446102587e+01
5.114037962844005136e+01
7.387486547167239337e+01
6.381301547309796263e+01
1.016284445011973787e+02
1.520551721377873662e+02
1.722950738812755844e+02
7.323586014120408549e+01
5.761352096337203221e+01
7.495898856996635118e+01
6.997129696701698265e+01
6.080870264124157387e+01
9.628284112730118238e+01
1.452884861382645170e+02
1.687226951805375847e+02
7.328180638749981313e+01
5.805900318980245345e+01
7.529111394773529753e+01
5.026019090559466207e+01
8.276568095621800580e+01
1.291930124324036626e+02
1.580455672720468954e+02
7.185721532645327159e+01
5.810959366544598481e+01
7.550806109095127283e+01
8.044879244965513010e+01
1.190866962924503270e+02
1.488334623367200038e+02
7.112331798385123705e+01
5.875103121922418126e+01
7.605949180299187162e+01
8.485339754362573217e+01
1.199626512077134493e+02
6.531406338812611523e+01
5.786381988797362652e+01
7.616789471205596840e+01
9.489471495853241834e+01
6.018439224007182275e+01
5.812843728619029804e+01
7.708562042303523754e+01
5.753828287819048626e+01
6.203340700183849776e+01
8.038005915175187965e+01
6.933897831533184331e+01
8.783187007753240039e+01
7.889148542472307213e+01
4.168104197812348843e+01
5.542693998884544015e+01
7.187856581560191671e+01
3.875403925773883884e+01
5.727688353707583957e+01
7.029414714868191538e+01
8.942545896699427033e+01
3.982573136576043282e+01
8.352731387706681687e+01
9.257904244193417753e+01
7.096438466491966324e+01
8.424911149324798032e+01
1.120094241216476831e+02
5.149421253395505715e+01
6.681017086767700164e+01
7.811788298554094467e+01
5.643807221421749176e+01
7.330117003055138980e+01
5.270903663268487094e+01
9.985865018547276861e+01
1.025038449699049465e+02
8.224260127629389672e+01
8.361792102906339608e+01
7.815738371689499786e+01
1.039607520106049492e+02
8.256376297582886536e+01
8.817630903497511952e+01
1.063755187497100820e+02
8.558053723708457028e+01
5.708953579548176549e+01
9.125016573126143271e+01
1.073909681265135134e+02
9.664046682624035611e+01
8.575464750899442379e+01
7.301633805702002178e+01
7.731277831715648574e+01
1.077452725509191112e+02
1.024411611516151481e+02
1.033080289778490197e+02
9.944629093659904129e+01
1.040178953370823507e+02
6.800068812993599465e+01
7.673084118923397057e+01
1.055818873373870161e+02
1.138378493830915801e+02
1.351655043107955123e+02
9.489536081066290762e+01
1.012558000953346635e+02
8.715518258104916072e+01
7.064827668101200686e+01
9.724430877132675732e+01
9.420371763587154135e+01
1.114904270530855257e+02
1.259528363817435519e+02
1.101836123485848162e+02
1.015161213583539563e+02
9.992191557852558503e+01
1.051259418248552464e+02
1.033103252622082948e+02
1.338485437086800118e+02
5.895638786041474333e+01
1.175866990067759161e+02
1.353660901573698538e+02
1.394170494250964794e+02
1.175790538758251387e+02
1.107450624886032671e+02
1.328052250560849075e+02
1.341211675004445567e+02
1.446019911866325742e+02
9.343582873824315982e+01
6.185419527535228923e+01
1.249948533818817822e+02
1.273513150143036086e+02
1.325172082592453933e+02
1.217669967577582781e+02
1.126983776357595701e+02
8.929097096200291617e+01
1.307579779145645205e+02
1.369880556225607791e+02
1.177841953092242733e+02
1.580455672720468954e+02
5.915717025741537327e+01
7.889148542472307213e+01
