9.934039622880534637e+01
1.163189747166463093e+02
8.940504807661243092e+01
1.744956293504797884e+02
1.452327874301616646e+02
1.022389678370444983e+02
1.739672050730305841e+02
1.847504478562124177e+02
9.785032688567426362e+01
7.752541136983018077e+01
1.439992517961755993e+02
1.149231474851519579e+02
8.208758911583959161e+01
1.431240414801191889e+02
1.409859545357927573e+02
1.776871033910297797e+02
6.952685025801477536e+01
1.188600865274325571e+02
1.279928201460461565e+02
1.961968532003343171e+02
6.513290531211761447e+01
1.125916105377845611e+02
8.522676497289154440e+01
6.235338112805931132e+01
1.088372532394627825e+02
1.010871366688048454e+02
1.173813676628096516e+02
1.593807517424790774e+02
1.081123000633707818e+02
1.263516528600675173e+02
1.729037135527626390e+02
1.430925321041522125e+02
1.097708865858196816e+02
1.075207397455475729e+02
1.384952372846457536e+02
1.599856873246012583e+02
1.178552279740121804e+02
8.327426535584157818e+01
6.321435844168217244e+01
1.103039014378137779e+02
1.020603263367396920e+02
1.171571911980043836e+02
1.147522750756533156e+02
1.825250348477932221e+02
9.286354420512492425e+01
9.263894600248842437e+01
1.499693513329096390e+02
7.451369886867544778e+01
8.903902076554933842e+01
1.258868678588136447e+02
1.080518363686489067e+02
4.338152495944616760e+01
3.588866101083498705e+01
6.326026769834000163e+01
5.878461958587926972e+01
6.809869559689231266e+01
7.225240037597984610e+01
9.252336881807218560e+01
9.745780668482657916e+01
1.008666554692620991e+02
2.060280448914453757e+02
1.436963761145868261e+02
1.122455179261087750e+02
1.435337571471529543e+02
1.510435811610073813e+02
1.028064062756580341e+02
1.041601132441474675e+02
1.702221348553306086e+02
6.303333285340015379e+01
1.121744405172710657e+02
1.045724934106580122e+02
1.226248719129606144e+02
1.330848825740462757e+02
1.175621006642714264e+02
2.427011504782123268e+02
1.722259030018003898e+02
2.215497703479390168e+02
1.507148736141708980e+02
1.612444366314348088e+02
1.032530446356088021e+02
2.094337068716731096e+02
1.461394106029166551e+02
1.281230380942610623e+02
1.655104260717351110e+02
1.782044620859338124e+02
1.273804163950758834e+02
1.042935266915776253e+02
1.162162803057142071e+02
1.252905964081293746e+02
1.112883532544300067e+02
2.396893794545430865e+02
1.638889793890661792e+02
1.797279138908214122e+02
8.535268323392801904e+01
1.663183619699582323e+02
1.633386626340900420e+02
1.157738930651637048e+02
1.906577378491001582e+02
1.334746788198514196e+02
1.500588714627090496e+02
7.931439435649785707e+01
1.648909182997763310e+02
1.187805522279156634e+02
5.294838729650131626e+01
5.921858739877092148e+01
6.624362515215887015e+01
6.104835496329599920e+01
1.326926235486258463e+02
1.140932581385189337e+02
8.160091656536285143e+01
9.445293568321163491e+01
1.667713782872535546e+02
1.370307488170503802e+02
8.435815066599593592e+01
1.667892083880579150e+02
1.611025897383831875e+02
1.158243775400810875e+02
1.759263572058451643e+02
1.212788424626756694e+02
1.384809968853771807e+02
7.870172305929195034e+01
9.443419230010431420e+01
9.166785041759149522e+01
2.005988578464096008e+02
1.717447478361083313e+02
8.965964507554204488e+01
1.811199604049688787e+02
1.680265654262555870e+02
1.656825363291046358e+02
1.398592636305220083e+02
7.752874902776207477e+01
1.563743334596525187e+02
1.558698136089555248e+02
1.147177726795051598e+02
8.256021642353023537e+01
8.317138991027488260e+01
1.771846031956079628e+02
1.468046011229434953e+02
7.790432092126974339e+01
1.561892002614547152e+02
1.348079750501811134e+02
9.438919482233617941e+01
1.653400352064969070e+02
1.597912520523950377e+02
1.393063905044974717e+02
7.654271655027199017e+01
1.583982782998206460e+02
8.607115977532332352e+01
1.759635554293737698e+02
1.393590728018761524e+02
7.576523902729421422e+01
1.543081510239550767e+02
1.637335797760378568e+02
1.128600547687983777e+02
8.800499436696020439e+01
1.486120933265580675e+02
1.345069494400330541e+02
1.219909812396479936e+02
1.461356091404331892e+02
1.057089567817641438e+02
5.927357993162554095e+01
1.232009431139041169e+02
1.329368999367065953e+02
8.009659527710000759e+01
6.941667175663980061e+01
1.008245942071158083e+02
5.677413745942767775e+01
3.447304895089146726e+01
7.442223687586820802e+01
8.246737236094962498e+01
5.163926561662101733e+01
7.559571017902197809e+01
7.850760029704093768e+01
5.792660290710949766e+01
1.280520744240229760e+02
1.437034961751926119e+02
9.383441593594878327e+01
1.382612896581446194e+02
1.298819127119730865e+02
1.316660072847828928e+02
8.636503533620562223e+01
1.222829318207537170e+02
5.732178360453174548e+01
3.851175757967954638e+01
5.241505227540622514e+01
6.089389286492540521e+01
8.041281106565087100e+01
8.856822454220930751e+01
9.955218397418988729e+01
8.980082293952591499e+01
1.077991025680410786e+02
5.950212139514145093e+01
9.173151575756011766e+01
1.051004895914737887e+02
1.113876197920284028e+02
9.500312612308459848e+01
1.330271419718018819e+02
6.052207893840848385e+01
1.386684145509859434e+02
1.771026217853283242e+02
9.652656961205055097e+01
1.076572771555855184e+02
1.410113510078068657e+02
1.574649717680727292e+02
9.306983665518903592e+01
8.343681213523677798e+01
1.317680882478338162e+02
9.626330584948365754e+01
1.212682154344558114e+02
9.695477863957513875e+01
1.760835517370036882e+02
1.528467791691429341e+02
1.363604615960748845e+02
1.658374100615295959e+02
1.368120991124850718e+02
1.111715545483486096e+02
1.540577982975017051e+02
1.458619956527644206e+02
1.352591558600244923e+02
1.322861224392158022e+02
1.088110828528948986e+02
7.280014497846505606e+01
1.431301534496071781e+02
1.627047309498000800e+02
1.263700661001098382e+02
1.391162737444028608e+02
8.872151147668539295e+01
1.237946265579595462e+02
1.771549423652807036e+02
1.701714303922732086e+02
2.055513448610157639e+02
1.614388894315725906e+02
1.663616139874149837e+02
1.256819391960467556e+02
1.406220717610508757e+02
1.267572711056386510e+02
1.070644096101193412e+02
1.692383154038527096e+02
1.922901729554419319e+02
1.834854576273484952e+02
1.358774188992647112e+02
1.556381453293302570e+02
1.356387954340663953e+02
9.848054281080182193e+01
1.621611137200345354e+02
5.644438411809299794e+01
1.647929997414516379e+02
1.780960173444005079e+02
1.907218790813777218e+02
1.556883127805262745e+02
1.316899363502517133e+02
1.475664428029719772e+02
1.970146308073642558e+02
9.802140961234384520e+01
1.003736458722141691e+02
1.808322509853753388e+02
2.109320709718908233e+02
2.132401190364721231e+02
1.824477752859736199e+02
1.670505104338546403e+02
1.813745858080388018e+02
1.741059456177775928e+02
1.793065302249972035e+02
1.508599001220039213e+02
1.753141677889239247e+02
8.195902597906130893e+01
8.568748413767301031e+01
2.119628324161789692e+02
1.942140772024217767e+02
2.158270892971808905e+02
1.883036580001265747e+02
1.887331731595755002e+02
1.330590653334753313e+02
1.524573187042436473e+02
2.177539482852821777e+02
1.299120680760043172e+02
8.232251712766330343e+01
1.124016363057863970e+02
4.703895073063500121e+01
9.955218397418988729e+01
1.004098062688111099e+02
8.502184098502341669e+01
1.037048652070444632e+02
1.048463212121679646e+02
1.122857728619870556e+02
1.022597780304225665e+02
1.048698101542840107e+02
5.156291231144432174e+01
1.012449583476496713e+02
1.008151966676202562e+02
1.048847877282479999e+02
1.156995556832298178e+02
6.418058088650944626e+01
9.131413993432998666e+01
1.084254842682316848e+02
1.288406576492620275e+02
8.189889039822151062e+01
1.381374176636256550e+02
1.011570744181364603e+02
1.287945064384047384e+02
1.084046119549255565e+02
1.314865146975198229e+02
8.812538436699792044e+01
1.567247226969561211e+02
1.312719523710982514e+02
1.006721444479471614e+02
1.086403712461224274e+02
1.340979200583700219e+02
9.399157750438817516e+01
1.776235064880742129e+02
1.523086808785314474e+02
7.768285554719898300e+01
9.591574678916242647e+01
1.004199116498003406e+02
1.001367528090800221e+02
1.084828915535556462e+02
1.350933401462376082e+02
9.732856053790771966e+01
1.913652082538991692e+02
1.686415255476152026e+02
9.291985305852060151e+01
1.277203306668004643e+02
1.356178655119340135e+02
9.952672641742138637e+01
2.010640799548500866e+02
1.812778304170669514e+02
1.060462141594597796e+02
1.563204092898146769e+02
1.266341984208102645e+02
1.124996961840430174e+02
1.365463235270584903e+02
1.018234969551534874e+02
2.107611698528770887e+02
1.952470079509413665e+02
1.206799611174472631e+02
1.901038347840648441e+02
1.650520579941971846e+02
1.625160611190877660e+02
9.941168051998961630e+01
1.074616448993261741e+02
1.346439761473721148e+02
1.003001971583806409e+02
2.069550627383868573e+02
1.889055243981775334e+02
1.179376540682850134e+02
1.863994190787099967e+02
1.503615274787703981e+02
1.336436001368537916e+02
9.969288345200442336e+01
2.059116474230177687e+02
1.871054068220041984e+02
1.185770663955348709e+02
1.900936691380956347e+02
1.565790485944786781e+02
1.190292757494377298e+02
6.524070149612852276e+01
1.341350166306692699e+02
1.007736851350857421e+02
2.103770268823427045e+02
1.937362863637121677e+02
1.260861552985956138e+02
2.088882684978540567e+02
1.858659322924838477e+02
1.882967509423927766e+02
1.536878059618447594e+02
9.387322001498284862e+01
1.528462391682018051e+02
9.898188514399410565e+01
1.067161857177273845e+02
1.336438754126384367e+02
1.005374086995974068e+02
2.101544222002834488e+02
1.932988483321270792e+02
1.271808310526057113e+02
2.132481782349515242e+02
1.981133275795786517e+02
1.660970956278156052e+02
1.053851985292243683e+02
1.761516006858219043e+02
9.886579992457780008e+01
1.064887737002668899e+02
1.332480811945723929e+02
1.003375663647488096e+02
2.099007834108916200e+02
1.927930032920895371e+02
1.278965890460567181e+02
2.163729572688248197e+02
1.964586508587613309e+02
2.056912619553679349e+02
1.761365387324428298e+02
1.149844918586614000e+02
1.956701802415022371e+02
1.477137732989003496e+02
5.526389287687021579e+01
9.885250860850750598e+01
1.065317428042648658e+02
1.334939405311183407e+02
1.008663551233274234e+02
2.120409074187934380e+02
1.959166719234584946e+02
1.316180796272141720e+02
2.262027610291539190e+02
2.246104341609694188e+02
1.985689798735801048e+02
1.349052911438857905e+02
2.393447405086868969e+02
1.851264028350422279e+02
7.125892080307299636e+01
9.881091292955174765e+01
1.064827697891555687e+02
1.334864845554777730e+02
1.010434664197188823e+02
2.129164859812800330e+02
1.971580163975161781e+02
1.335219027842648813e+02
2.317419919956715262e+02
2.366586631172669399e+02
2.139279699126713297e+02
1.494297374201876494e+02
2.721441946181045637e+02
2.126188432605796095e+02
8.288986898545327620e+01
1.017525351780112004e+02
1.250729249307773330e+02
9.660307572504986240e+01
2.012269158611891271e+02
1.844389698738988841e+02
1.273692434367374631e+02
2.234945021321620686e+02
2.108789213540203491e+02
2.126523638967921102e+02
1.499668596523190445e+02
2.743045253996574502e+02
2.142501637857379251e+02
8.356259518574604783e+01
1.167574330284722350e+02
1.070411337843717234e+02
8.728550132583812626e+01
1.795482478174432117e+02
1.635721869230447396e+02
1.165368180923563557e+02
2.082766641924079352e+02
1.994453804344506693e+02
2.235879125082397252e+02
1.488439777673797835e+02
2.744196208142570299e+02
2.148770468078227225e+02
8.401015232321425685e+01
1.174571576328730487e+02
8.984733830958724354e+01
7.266089805214049591e+01
1.469765489251279007e+02
1.341411650911026072e+02
1.005408501907676566e+02
1.851671234209535726e+02
1.816809297980660460e+02
2.088406104022508316e+02
1.992274801023031898e+02
2.717118113127427819e+02
2.141049832258675849e+02
8.413854591851367104e+01
1.179181251822014502e+02
9.013287817013346626e+01
1.277542047396562737e+02
1.094864260242169820e+02
8.666212536999043436e+01
1.635089838882111906e+02
1.638374208210800020e+02
1.932383540453842272e+02
1.896139983576227053e+02
1.418636753810679352e+02
2.134072936863946381e+02
8.437608925390640024e+01
1.185701522920949742e+02
6.587278917493065933e+01
6.219329823700512350e+01
1.267067303366999482e+02
1.342272082737015353e+02
1.664691319756386463e+02
1.711130416909908831e+02
1.330590653334753313e+02
2.590742125729195209e+02
1.184881863000431821e+02
9.063843243161547036e+01
1.235214807063520936e+02
1.545207490745851544e+02
1.634571805205289365e+02
1.308486574842860364e+02
2.587861743622320319e+02
2.099257550264639747e+02
1.200953118198127640e+02
9.149760869626219062e+01
1.247658563795377518e+02
1.143918710845905906e+02
1.409834763667167579e+02
1.535061966320409965e+02
1.272153607904448194e+02
2.564019451201851325e+02
2.096228382672094597e+02
8.549048743797467864e+01
7.420486271324581651e+01
1.026213514044379167e+02
1.235588829023621429e+02
1.109791910607611669e+02
2.358194369003863073e+02
1.996821805285843823e+02
8.390843606248492392e+01
1.216205196739013417e+02
3.377431299740796078e+01
8.701743430909030508e+01
1.101002333629135137e+02
1.046104285165637151e+02
2.278714203790235047e+02
1.956962891235575910e+02
8.437214941807512503e+01
1.238447670291368894e+02
2.120831207213776111e+02
1.859214589900651617e+02
8.363368568882268050e+01
1.256404041211410316e+02
9.566938974869719914e+01
9.224417761641548452e+01
1.962622789795936171e+02
1.725986527681575353e+02
8.232251712766330343e+01
1.279778689762244142e+02
9.779612345061059386e+01
8.922724936537282758e+01
1.446831921582619884e+02
7.655024312416853149e+01
1.273810465740933040e+02
9.946847981965341035e+01
1.643521202997125386e+02
6.034682927341409453e+01
1.167784476279021106e+02
9.816264927773231364e+01
8.978220735686895182e+01
5.888277770570636704e+01
1.205438753135479999e+02
1.042478344807542356e+02
1.258769992409335430e+02
1.111163798776896670e+02
8.424704505237936303e+01
4.703895073063500121e+01
