6.329011872202335098e+01
7.862110143213909907e+01
5.184217288624056863e+01
8.806046848721955200e+01
1.066362692331750850e+02
5.557920924103564175e+01
9.989045276666325890e+01
9.456882809194964068e+01
4.970346076317049011e+01
3.425208601479249637e+01
5.713116674883332280e+01
6.577504280821040084e+01
3.446790160700968642e+01
5.591294616195990841e+01
6.949383817804371688e+01
6.610695362883187443e+01
3.335659342864576615e+01
6.223691299308291747e+01
6.161069746123256863e+01
8.836307390557584540e+01
4.159615884807683983e+01
6.365914079518593383e+01
6.447985782305505609e+01
3.272161177545606847e+01
5.385072925458950266e+01
7.314824502486696645e+01
6.341056827723630107e+01
7.143002401647879651e+01
8.282469354578148568e+01
7.269662802479717811e+01
8.280790976504815148e+01
9.873960915279883466e+01
6.117619800200616709e+01
7.906406574317158231e+01
7.770317011066293844e+01
1.095640119145134150e+02
7.692010229366530893e+01
7.338966277485556589e+01
3.768487196094659453e+01
6.535873698952265443e+01
9.194868603138314711e+01
7.733818204009870101e+01
8.308985094306625285e+01
1.283801524627230606e+02
5.427151239825379747e+01
5.909774726410137902e+01
9.236317644078188493e+01
6.113806862854585233e+01
5.692372791790796072e+01
6.876105363674280113e+01
8.695690053946569265e+01
3.602366286352914670e+01
1.693360976149043751e+01
3.027891928854455728e+01
4.354269601727529704e+01
3.760579816914344065e+01
4.470579925338358862e+01
4.193960342787546836e+01
6.805983123522136680e+01
5.583664304502150344e+01
9.019702410854195307e+01
9.199000431619833762e+01
7.000872764832310224e+01
6.553644227515879095e+01
1.058168136395311620e+02
5.516084294659880527e+01
5.974205350858514407e+01
9.229531105119414747e+01
2.980946978814643700e+01
5.240811649620071933e+01
7.426153214900294586e+01
6.518333317869792154e+01
7.710164228780162432e+01
6.284343798681334903e+01
1.018544953613785680e+02
1.067636390577501118e+02
1.301824390824975239e+02
6.885997503095885008e+01
1.097220331725658866e+02
1.049561458567207808e+02
8.101262474958706150e+01
1.219948677322264530e+02
8.190375318239902924e+01
5.622295202195478225e+01
9.123497501893648121e+01
9.884216014558799657e+01
4.623795275257342752e+01
4.192759368527984520e+01
4.782060190180591519e+01
4.019554684137927580e+01
5.558166056328956728e+01
7.558179486819990700e+01
7.262844817681337872e+01
6.571062303460523424e+01
6.478669288430684503e+01
8.262211593321370628e+01
1.213453806722565389e+02
6.557834496542361080e+01
1.003450043686860198e+02
9.837661135345139485e+01
6.219842279107646021e+01
9.145043708572698904e+01
6.211996791023073428e+01
4.399694438028644328e+01
5.209989566911141878e+01
4.660091604877032978e+01
6.597603735217936105e+01
9.041162413047760538e+01
1.096559665249620963e+02
6.024913059164548912e+01
7.139713597180893601e+01
6.701587833643232273e+01
8.657170298613067416e+01
1.144877743882963586e+02
6.277292918543095368e+01
9.961459772937404011e+01
9.875931062638572655e+01
5.754393611556976396e+01
5.442907334419365384e+01
7.751043363310078860e+01
1.048693656198657322e+02
1.275456716847796343e+02
6.882495936699933736e+01
8.988179448170694741e+01
9.823954070689525508e+01
6.727149945350618054e+01
5.963034769948261982e+01
7.800976505146680040e+01
1.100290368869982842e+02
6.230140156424820219e+01
4.669215260884518415e+01
6.452905768944988552e+01
8.346331703277596148e+01
1.000276214854009567e+02
5.445033741798394544e+01
5.973294871343238555e+01
9.240565244730640870e+01
9.821230048095499399e+01
6.871986601014181417e+01
6.061890958297836818e+01
7.982746454249885915e+01
7.306867270591524743e+01
9.407663818689287893e+01
1.143963484216178728e+02
6.414091337809685456e+01
7.164144998826999711e+01
1.073051088793884986e+02
8.592536999179888824e+01
5.552452596755411918e+01
5.126193561930322318e+01
6.602599501376803914e+01
3.969791483793402165e+01
4.631912638188480003e+01
7.153568829027793186e+01
7.906424407816740541e+01
8.714780879669402225e+01
7.500438485922465759e+01
4.918597977562073709e+01
6.032163100548913093e+01
9.605919253192682561e+01
1.054907248799627979e+02
5.491059342908565100e+01
7.359308892800508772e+01
1.229400801500791829e+02
1.344034925014367730e+02
7.032668341573207726e+01
1.229668716354456421e+02
1.315439307935897943e+02
5.491589918538610959e+01
5.476004658580800566e+01
4.062036014231075853e+01
3.770453912119237572e+01
3.169718769765227506e+01
4.284256251628517731e+01
3.133029524797080967e+01
4.408660612037250104e+01
7.223026333979089486e+01
2.976231161880696874e+01
3.755181448084481843e+01
6.596691936989442695e+01
3.450367268942586207e+01
2.863645770558178683e+01
3.340745557401896093e+01
6.224612400596897288e+01
3.216595371761413702e+01
4.488162999769470218e+01
2.853032163523918285e+01
3.346447286501942386e+01
6.839525085563239770e+01
4.170880523938684803e+01
7.002789180114811529e+01
8.432309979694707636e+01
2.821539452007586490e+01
3.244839642446515171e+01
6.882839776346770577e+01
4.552547260469568613e+01
8.264407144046774079e+01
1.060729081782654646e+02
4.790746045221666805e+01
2.785018064484781064e+01
3.113908525209328104e+01
6.677755017930330439e+01
4.592162608174614746e+01
8.600328044762467528e+01
1.128341321261447234e+02
5.092116895117904107e+01
5.134779882579909582e+01
2.766976994135867329e+01
3.051396908325756741e+01
6.615735514314209809e+01
4.699293078593736794e+01
9.120477957265994462e+01
1.243566868288129399e+02
5.834414955346674247e+01
6.492013175437627126e+01
6.559547425989336489e+01
2.749998017907338976e+01
2.991650092102829817e+01
6.514713420806278066e+01
4.719320913769745829e+01
9.355116645959230937e+01
1.308527001964265821e+02
6.352203159856008341e+01
7.593166472687873636e+01
8.065651759880995542e+01
5.745993124449257294e+01
2.742025417419744926e+01
2.964782822572705001e+01
6.494858113427535784e+01
4.788746332943939876e+01
9.711689478016008081e+01
1.401450874965362630e+02
7.110848973712334953e+01
9.126045859594549370e+01
1.038514314925446058e+02
7.791261100208916446e+01
8.250579376600119019e+01
2.731207474965124504e+01
2.927020173247064605e+01
6.418634662975151173e+01
4.777319575175030053e+01
9.790246407504780279e+01
1.434212273606446217e+02
7.464966527617521308e+01
1.001751482041451027e+02
1.182436606625325624e+02
9.000844519102793129e+01
1.005352302733716385e+02
5.580278501895712395e+01
2.717555912107597393e+01
2.878976317452581668e+01
6.294317107918667631e+01
4.699942763599219830e+01
9.639775978927255551e+01
1.415449075740731359e+02
7.449455175458928124e+01
1.026361384136009889e+02
1.232540013838114419e+02
9.370721941493241047e+01
1.064670328768784202e+02
6.453716046903934966e+01
7.449774076025146030e+01
2.704045258370110361e+01
2.831492343469583162e+01
6.162422422827709312e+01
4.602051085755381621e+01
9.403348592344362089e+01
1.374644964818997721e+02
7.250412616969641988e+01
1.013216995086554277e+02
1.220851653483300083e+02
9.122574741536018905e+01
1.018679876957882016e+02
6.315021549672808732e+01
7.351425011639182117e+01
7.420594126095058130e+01
2.700138103611600826e+01
2.818243863373888658e+01
6.139896187885136669e+01
4.608045761139329244e+01
9.472936231518499994e+01
1.397692897582761020e+02
7.492871185151919633e+01
1.074635380188681069e+02
1.330050129758663502e+02
1.018458034747294079e+02
1.172193368278510661e+02
7.703066652505232526e+01
9.638461057546889776e+01
1.117534177381241420e+02
9.441969119651071196e+01
2.696708922830733002e+01
2.806620570796358294e+01
6.118316427535642532e+01
4.609041193979120266e+01
9.517052726646782901e+01
1.413884061435524302e+02
7.676446314309067986e+01
1.123913836000113662e+02
1.421695441232402288e+02
1.111285433914908936e+02
1.310178054818468354e+02
8.989776339570227037e+01
1.180851067520310806e+02
1.479315630955089773e+02
1.412983693777761118e+02
5.774730255148988789e+01
2.691795244544880106e+01
2.789751833604714548e+01
6.075592182961579368e+01
4.583677351496633889e+01
9.471708066516492863e+01
1.409390187350207100e+02
7.698715325873504867e+01
1.141534040582234439e+02
1.460808333131588483e+02
1.150548311578911154e+02
1.365552316385841038e+02
9.567058388155410853e+01
1.275290954170875892e+02
1.631671958092697139e+02
1.587804333437640878e+02
6.327074791184582381e+01
4.564958465308376390e+01
2.686813242499762566e+01
2.772753178411692332e+01
6.030045649571317057e+01
4.552177565419604832e+01
9.402683695726997826e+01
1.399082582263290249e+02
7.671451288007590108e+01
1.148238848382355854e+02
1.481950699425439666e+02
1.173732661524962282e+02
1.399725711599731426e+02
9.973708011456390921e+01
1.346799351322568157e+02
1.757505100446512927e+02
1.755900835169120739e+02
7.145675241381449894e+01
5.555415985366936837e+01
4.935751187355334935e+01
5.128623983436959577e+01
6.927534372337889579e+01
4.793381120202272427e+01
9.221483433312594968e+01
1.317641592210635224e+02
7.256007613957942226e+01
1.106469312404079659e+02
1.444100987321028811e+02
1.151704739647140343e+02
1.377800456715714290e+02
9.889210072140154750e+01
1.339619014459750872e+02
1.753139610224199600e+02
1.756143321513417277e+02
7.155252722618371308e+01
5.563965063343165696e+01
4.941142963225807705e+01
5.632564327519619241e+01
4.125344408288118103e+01
7.892548089078589157e+01
1.119590993872908058e+02
6.344774995293461473e+01
1.002842476109849343e+02
1.342687256967381586e+02
1.091538440960671750e+02
1.323325440984898478e+02
9.637622406200735270e+01
1.317442816071636003e+02
1.736330509660362225e+02
1.748784654690205684e+02
7.147481604648115194e+01
5.565840245365541961e+01
4.944248027176169558e+01
4.147992380812636526e+01
7.149482265349124077e+01
9.412108324032898565e+01
5.437518447549140177e+01
8.949262748389119793e+01
1.232290916940596048e+02
1.023783804417615784e+02
1.259826245629688941e+02
9.337301168551381636e+01
1.290417056593211100e+02
1.715507876473816111e+02
1.739546461514844964e+02
7.137449684183242482e+01
5.567892748205161269e+01
4.947908100854679248e+01
8.407332111965396848e+01
4.816862009815250900e+01
8.251097893938816696e+01
1.162190237816107583e+02
9.811728028960514791e+01
1.216055088501410069e+02
9.149459770174782136e+01
7.507908400701187190e+01
1.273498842544800880e+02
1.703773939280178524e+02
1.737614038753190471e+02
7.149798385339202866e+01
5.581385750593228323e+01
4.956779837912272058e+01
5.241232010557731513e+01
3.311444986445383165e+01
6.333995667282224673e+01
9.573617124145653179e+01
8.517401117184853376e+01
1.094841197892771589e+02
8.533605580360401177e+01
1.216802166704419506e+02
1.658279807985480829e+02
1.714596069995047003e+02
7.113357938614613829e+01
5.575907663907328526e+01
4.959041569164492103e+01
3.093836382733085344e+01
5.810543293167333445e+01
8.798240733283672910e+01
7.972583176032685515e+01
1.029647698909256093e+02
8.212782938621458584e+01
1.184521650386851803e+02
1.632468524138841417e+02
1.706169311422413841e+02
7.120124900189492223e+01
5.591948988934608167e+01
4.970876827312368107e+01
6.715471612678308588e+01
9.245210034201751625e+01
8.242466626315659539e+01
1.027300011463190401e+02
8.252989759550489168e+01
1.182925587391414695e+02
1.630930210763540060e+02
1.715843808332676304e+02
7.181647922192784961e+01
5.635400531013763015e+01
4.994845447168195562e+01
6.220030667291451465e+01
6.341959239629027678e+01
8.388305809190393347e+01
7.213935125923791247e+01
1.078573918813361274e+02
1.539858817526731514e+02
1.668373859449284566e+02
7.111259192345963243e+01
5.628668146691805418e+01
5.001782136317397942e+01
5.075222958281634078e+01
6.919681638034660409e+01
6.371650679867808975e+01
9.840610283347605503e+01
1.449154703183929769e+02
1.622285482109828649e+02
7.060883362938848506e+01
5.639129282253234265e+01
5.018674385289788376e+01
5.951666493305414463e+01
9.189704661621388482e+01
1.369096273502348140e+02
1.582688779213742123e+02
7.050998310160881033e+01
5.679561137821354322e+01
5.051774057908246363e+01
6.164402240858039050e+01
5.125621073001678241e+01
7.990612429237242509e+01
1.216162530105534785e+02
1.485635458996326292e+02
6.920056888271372486e+01
5.688736233730583081e+01
5.081020768030440848e+01
1.101279312128391865e+02
1.400098374809687414e+02
6.856909129881367448e+01
5.758917558604956355e+01
5.145714589348238377e+01
7.555765298692492138e+01
7.335180670193204833e+01
1.115128689775977051e+02
6.278481926414345793e+01
5.672284130794214008e+01
5.181821877348570382e+01
8.940124078056409473e+01
5.824408459894753776e+01
5.720360042842314385e+01
5.316896859804383269e+01
5.634041239830469294e+01
6.131019244026713011e+01
5.719309095454975278e+01
6.581438499771728345e+01
6.548550924789309136e+01
6.195015201996511678e+01
3.770453912119237572e+01
4.966703181572076886e+01
6.526151415573903591e+01
3.742508727510926292e+01
5.125395471349034437e+01
5.825940904758774508e+01
5.504146542536144437e+01
6.656980729182691903e+01
8.556315061804821198e+01
3.861121196660247534e+01
8.188564634230714034e+01
8.634743355987630764e+01
6.864070221463866517e+01
5.800663434742496349e+01
8.191212997855403444e+01
1.129135150740619622e+02
4.957517697249195265e+01
6.219636857856053780e+01
7.749599171052791746e+01
5.515531949694188540e+01
6.903451783254604379e+01
5.282484692706833584e+01
9.712098837814527030e+01
1.020334510080755877e+02
7.787984921880762101e+01
8.115576311872533211e+01
8.433838951961693908e+01
7.055236540079658880e+01
1.004904484420754756e+02
8.035394967028628344e+01
8.292805505384632170e+01
9.887937748731546606e+01
7.977867896511318691e+01
5.238045668668357990e+01
8.640419691912148892e+01
1.015268770762070005e+02
9.056429442995215595e+01
8.037170858449093203e+01
6.872805586406792600e+01
7.328919045736211046e+01
1.033063433493657897e+02
9.708026585349624327e+01
9.984553342489793692e+01
9.338918644403413793e+01
9.733589857200345818e+01
7.852761543766253283e+01
9.422751232073071037e+01
6.557256728362450815e+01
6.989105719512804171e+01
9.891838567446978914e+01
1.066815556350361618e+02
1.253623804934806714e+02
8.868365868278272046e+01
9.346907586043897709e+01
8.263051834789931149e+01
6.819316982914099867e+01
9.297679462434609832e+01
8.726410796426027616e+01
1.033754696197930940e+02
1.152954162419471373e+02
1.004962176246267944e+02
9.432439966655495311e+01
9.225852752502791532e+01
1.004012886124830430e+02
9.869047529232945237e+01
1.233231109141056976e+02
5.573573398477741137e+01
1.097181069389234267e+02
1.252247864075096402e+02
1.280601808310447893e+02
1.101914844178952535e+02
1.026329106630088575e+02
1.212108227271364740e+02
1.158168466971795993e+02
9.916814196453653096e+01
1.262137864032983572e+02
1.364920323822749992e+02
8.714537304808295914e+01
5.739082764547065096e+01
1.172106999972097441e+02
1.179332979922375131e+02
1.207433380971969967e+02
1.145858005266606625e+02
1.058609045459575526e+02
8.533605580360401177e+01
1.247135583855757233e+02
1.309207625052608819e+02
1.113572911488294039e+02
1.485635458996326292e+02
5.772448031863673634e+01
6.195015201996511678e+01
