7.904002001611236494e+01
1.062942595874314691e+02
8.062548562865710267e+01
9.625773951061781020e+01
1.045978474870009194e+02
5.897539022491393723e+01
8.880131844536617791e+01
6.582188197424578391e+01
8.156790154898793332e+01
6.052571367411093917e+01
7.170775397702901444e+01
7.573095994718231339e+01
4.316073635213265192e+01
6.030683402061490028e+01
6.405989164682276282e+01
5.552551252732847331e+01
3.912132737433966412e+01
6.151773916697190714e+01
4.717963651608464914e+01
5.485647164093140304e+01
4.975051485474192958e+01
6.023247572549421136e+01
6.269468116856581474e+01
3.681468015167953212e+01
5.315569507156121176e+01
6.720097637827231551e+01
3.988283377582618527e+01
6.128771916876446824e+01
7.224837115451650504e+01
4.305703086381133460e+01
6.633408536993647431e+01
4.801084476831229608e+01
5.611110200583734553e+01
6.214826906400551110e+01
5.517311409159172086e+01
4.939146540131501695e+01
6.555245793918092545e+01
6.435399377979221924e+01
3.863895673978863954e+01
5.779733273487983070e+01
7.431569289257011235e+01
5.253675595030911438e+01
6.269031217163935565e+01
4.224242807455038218e+01
4.470272389168587779e+01
5.345989738911184475e+01
6.268960676770823426e+01
3.801378201164288839e+01
5.972396086789883896e+01
4.431498483886391426e+01
5.231380790501290079e+01
2.982645688711154719e+01
4.446000361710343185e+01
5.605059358786957802e+01
3.681717929682201884e+01
2.829494916547904637e+01
5.477039309054120508e+01
3.988451600874356018e+01
6.074988293675914974e+01
5.693783606701670408e+01
4.178716948436803591e+01
3.096968684132492911e+01
6.027873874221108252e+01
4.435152522136339570e+01
3.782961065052710126e+01
3.939432323969511174e+01
4.767312262647433840e+01
3.105771005952941977e+01
4.760779991236472597e+01
5.922224309062134751e+01
3.840766818431416851e+01
2.965137111621835331e+01
5.637558413717771089e+01
5.270711956375173912e+01
3.910660516400922404e+01
6.375682960782575748e+01
4.414503663464472538e+01
4.692733167505360115e+01
6.058159825657583752e+01
5.541874531392321046e+01
4.059843437165448421e+01
3.370764785936459162e+01
6.255027228871013989e+01
4.513002973280762831e+01
7.237927511087707444e+01
8.214677106482434965e+01
4.873601208550199004e+01
3.602399531966678836e+01
6.598805350969205108e+01
6.604903181768848697e+01
4.592084066610558324e+01
4.886214763155629015e+01
3.269666129895394135e+01
3.917873531650163699e+01
3.972725760442292398e+01
3.601127699858054143e+01
4.818976530843788453e+01
3.404284100762813381e+01
3.688111942769101859e+01
4.567399969890829681e+01
4.143913373210371986e+01
3.092282046248915961e+01
4.866665872051779473e+01
2.705908584736286215e+01
1.936269262270397817e+01
3.407590589874230602e+01
3.279489821447422315e+01
2.477008838474223751e+01
2.209085098920605361e+01
2.556225742922548250e+01
3.810116460303764541e+01
3.476275772356991922e+01
2.689225222193021025e+01
3.244484257901921609e+01
3.078131965560074335e+01
2.800255879244258495e+01
3.403817367657659076e+01
2.375231074366285355e+01
2.541394457903337667e+01
2.778688609442386337e+01
2.089808562410748749e+01
3.677669296059993087e+01
3.474801830586871176e+01
2.641568801782687004e+01
2.122100167156954953e+01
2.538215895044340797e+01
2.814031212450868225e+01
3.350215344057961886e+01
3.050856746558772414e+01
2.239261625760591556e+01
2.649198027035217251e+01
2.886731256551767544e+01
2.578946160448096592e+01
2.721152930655248525e+01
4.581236905904789580e+01
4.061490336166936999e+01
3.026711799685559612e+01
2.427472271849103791e+01
3.144352852222782957e+01
2.847002738045562609e+01
3.218836683536984111e+01
2.208375813649922037e+01
2.542024798149114773e+01
2.312948706145006739e+01
1.925429753798236732e+01
2.282201076547879026e+01
3.595399674382718302e+01
2.905841684250140489e+01
2.076379148881188286e+01
2.311554614717320177e+01
1.586660064006158422e+01
1.708419170443041679e+01
1.540287698433833796e+01
2.185932354250570597e+01
1.551060605979537321e+01
1.222147367438707199e+01
1.503975543405703519e+01
1.185027549483543474e+01
1.590903652515228828e+01
2.424430089805072441e+01
1.878136995282732968e+01
3.026768929081369564e+01
2.438238508722501408e+01
2.888026291755887698e+01
2.273922886042340963e+01
3.045446199231086837e+01
3.663666202461441657e+01
3.470653143384677719e+01
3.581186733731680505e+01
3.800520567799325278e+01
2.867832341747796576e+01
3.713378637279462424e+01
4.268759846888128351e+01
3.091693494105492590e+01
3.356791008240099927e+01
2.548334751126587250e+01
2.634907182200662845e+01
4.045381629743120300e+01
3.953371691061236248e+01
8.335123681856705957e+01
7.211015047943968170e+01
8.241979488110338536e+01
5.539742525650852656e+01
8.870337301745809100e+01
5.539700712299487861e+01
7.413853681223226033e+01
6.742276033781929812e+01
7.945113345393043858e+01
3.826718838503520459e+01
9.474519272857403962e+01
9.857745211613767822e+01
5.644362957846943374e+01
4.768446246294017499e+01
7.979948042446679324e+01
9.933446303579745518e+01
3.959622391493412152e+01
4.568470630459799509e+01
6.786348400926705438e+01
5.032189546739935793e+01
5.225172362484448030e+01
3.219527508046998321e+01
9.421946940323056197e+01
9.519616735737912450e+01
5.543747778175142571e+01
5.906256637762259487e+01
5.053919931074376137e+01
2.346993774245497377e+01
8.026372605222070433e+01
6.470447307971379303e+01
5.165403886737605177e+01
6.403420195963097683e+01
2.779608284161695764e+01
3.530251385048349988e+01
6.016923465704491747e+01
7.321952398661359496e+01
4.399146968639821154e+01
3.045297421851103792e+01
3.263426977845792720e+01
9.084482650352462940e+01
8.411676618286507789e+01
8.732431020011674150e+01
5.740226013960232621e+01
6.496170470884150916e+01
4.175721791049035403e+01
3.029142728444026389e+01
4.436685402611433204e+01
3.086275025011849138e+01
6.775920214174988132e+01
7.945061198722228823e+01
9.622183583693606579e+01
5.550624479570419112e+01
4.148305461636512348e+01
4.350618485542462821e+01
5.188283494125059292e+01
3.661034304487298385e+01
2.749736564294017427e+01
6.987674159783452410e+01
6.572154890224683754e+01
5.318569651166566103e+01
4.967534408026958914e+01
4.904239247618679798e+01
5.515675143064354558e+01
2.790952263936373612e+01
3.813790753260228428e+01
8.293605734418743225e+01
8.411206651416846114e+01
9.302300034993147904e+01
7.088853191394186126e+01
5.941032880532258531e+01
4.252693196502965378e+01
5.557681730011214682e+01
6.960422498807248815e+01
4.316974294676461454e+01
4.272725826521700299e+01
3.327351050188136128e+01
2.786105483298473473e+01
8.457107404396180073e+01
8.029578760107517610e+01
5.923555559378252866e+01
6.211702847159693874e+01
6.615713592443538005e+01
7.749237999430786772e+01
5.519726582842732654e+01
6.008725963199471920e+01
3.965251232940433823e+01
3.262757026607461341e+01
3.681209611805745396e+01
4.204532203986022409e+01
8.335123681856705957e+01
8.424781061400430815e+01
6.864227760345204388e+01
8.766902422263152062e+01
8.752270749392381788e+01
7.948740228867187341e+01
9.664954335273124286e+01
9.810705204206588803e+01
5.650471031354577889e+01
8.864516195151340128e+01
1.018847053196441124e+02
1.150277381987651495e+02
6.293629490660236314e+01
4.599644532821091047e+01
8.905136889800733968e+01
1.073067859258324290e+02
1.341685867317887642e+02
8.368902092910383317e+01
7.094193169956754730e+01
8.989095501585386216e+01
1.100116024788888467e+02
1.450743192290107686e+02
9.679249979164222850e+01
8.764820471560197745e+01
8.474865724085020702e+01
9.023331915499771583e+01
1.113919681844477054e+02
1.513560694772575630e+02
1.049385959835345687e+02
9.904145708681929250e+01
8.677599273452045736e+01
3.551724939263699810e+01
9.035298307510439031e+01
1.128677991912923773e+02
1.573394678689852242e+02
1.137183129960701677e+02
1.141920004036292653e+02
1.039825845703420555e+02
4.249726399468412552e+01
3.721606472090151385e+01
9.058155735515059348e+01
3.527167117088173853e+01
1.141074692743137007e+02
1.622055609179085991e+02
1.212070738188936332e+02
1.282615509639758784e+02
1.237869290114794865e+02
5.388197838679233342e+01
9.079819522682916499e+01
1.146850385348488430e+02
1.648287072296982956e+02
1.253869589269558134e+02
1.366117461745878927e+02
1.353243297304159398e+02
6.032438972694337309e+01
9.086425352014569512e+01
3.039248571403363286e+01
9.090996348514164538e+01
1.151052484826298041e+02
1.667649225477849200e+02
1.285454436806525678e+02
1.431898074468384152e+02
1.452060657615635932e+02
6.660402032860679356e+01
6.726707318917036105e+01
9.097903331406719474e+01
1.155446022960520622e+02
1.685815264537611711e+02
1.314888568641584641e+02
1.493492864594427658e+02
1.551938022034691471e+02
7.356375997656338939e+01
7.756444119468717702e+01
2.192597863207736353e+01
9.105254702494802643e+01
1.159543640834116189e+02
1.701868680288926328e+02
1.340761301012938418e+02
1.547851884993826843e+02
1.643778098081422741e+02
8.029764844490610187e+01
8.810863566638290933e+01
9.109777163657751942e+01
1.162346118493961313e+02
1.713323954690952746e+02
1.359466210533631454e+02
1.588044682523342317e+02
1.712837901326928716e+02
8.554127816815598351e+01
9.671494611298516020e+01
5.140410801805165164e+01
9.114720888112155706e+01
1.165044693839436007e+02
1.723772501200125191e+02
1.376335569962726311e+02
1.624051041188306783e+02
1.775991642424257293e+02
9.045330337309754043e+01
1.050176743675859541e+02
3.894636207556159491e+01
6.341249051480654941e+01
6.162164011568240340e+01
4.249004209263699749e+01
9.117745967239501681e+01
1.166906622466352985e+02
1.731334077772290811e+02
1.388702296473600768e+02
1.650947902979431774e+02
1.823586314344694870e+02
9.424476932207502955e+01
1.116459229032004572e+02
4.432738632489421349e+01
7.377673901240441978e+01
7.212454633094938572e+01
4.954719217635247475e+01
9.119315890532604385e+01
1.168137364498305431e+02
1.736722465887353621e+02
1.397693496849013854e+02
1.670965126053372387e+02
1.859327731320978501e+02
9.716238830372289215e+01
1.169112382303259920e+02
4.893207320293667806e+01
8.286843930506479694e+01
8.167137324078922234e+01
5.653206578765244217e+01
4.009528608840301445e+01
5.287430517803674235e+01
9.178002318212099908e+01
1.406477875612771413e+02
1.171984864874693102e+02
1.455377456270568644e+02
1.660073855718650861e+02
8.965020133215328713e+01
1.113199917216330590e+02
1.245570763095120128e+02
8.323514713402629184e+01
8.204259481116281449e+01
5.678367007710180303e+01
4.024053015161022984e+01
1.015722371749312316e+02
8.952219807836760879e+01
1.175671679166480033e+02
1.389105469460473330e+02
7.852756804151292158e+01
1.016608622117853429e+02
1.172465060581241119e+02
8.163928758886623882e+01
5.669952855266264180e+01
4.024792095461266683e+01
5.296872455197549812e+01
6.324255559919465952e+01
8.966286734615114540e+01
1.102793665468749396e+02
6.621073516546239546e+01
9.038827446237699803e+01
1.082077159528967769e+02
4.645470803502973922e+01
5.650807831468196696e+01
4.022215571113447652e+01
5.294843165328622092e+01
3.827169105207116218e+01
7.373354869920422061e+01
8.802461119797926870e+01
5.595730037115703936e+01
8.096026994656639886e+01
1.006123760475640694e+02
4.541623163319339795e+01
8.043447248452604015e+01
8.067450316832595547e+01
5.655916373233301897e+01
4.032261691877147314e+01
5.301294134951051262e+01
3.830418492506670702e+01
4.751710768867548751e+01
6.450019780234362088e+01
4.336188076261574054e+01
6.756340261238842970e+01
8.805299127607673881e+01
4.271741620820689178e+01
7.749237999430786772e+01
7.885446256944833010e+01
5.592314722856431075e+01
4.014349062519231381e+01
5.289367672796567632e+01
3.828098992072992957e+01
4.751401074253952572e+01
3.525886655116488555e+01
5.800894399739821949e+01
7.764332490375433338e+01
5.280943396082285091e+01
4.008685665891104577e+01
7.448044591180710938e+01
7.690028366841242757e+01
5.526217750999625622e+01
3.998358227219947025e+01
5.278721435100374748e+01
3.826704273415712976e+01
4.751586155867248351e+01
6.743191497261859979e+01
7.978037491580406027e+01
5.137044753224285643e+01
3.902784103672859572e+01
7.290332207467680803e+01
7.554578816411149944e+01
5.487405239381639888e+01
3.997281973336174588e+01
5.276945348256751345e+01
3.828673251535368394e+01
4.753144559992473006e+01
5.941806236401816221e+01
3.996130360171721918e+01
3.227749998132162546e+01
6.337350574435404837e+01
6.843174290179639740e+01
5.174143957292179863e+01
3.878369517966173419e+01
5.199297039475344206e+01
3.807925029157988206e+01
4.746979150607806730e+01
3.202740595954838199e+01
2.701923811640812900e+01
5.460248534228290396e+01
6.083043814908584324e+01
4.812853567321585047e+01
3.736857954829923045e+01
5.104448413260070083e+01
3.783124353132896545e+01
2.714398851694545911e+01
5.062793288150969317e+01
5.453285224826760924e+01
4.455806448366003991e+01
3.587400542900675049e+01
4.995713410804152232e+01
3.755328250439004023e+01
4.732449305766289172e+01
4.118762868426512824e+01
4.337237514800677474e+01
3.775076190606947080e+01
3.262757026607461341e+01
4.757040198665365693e+01
3.688982236556235250e+01
4.712944912474174686e+01
2.967486337687258313e+01
2.847109119175602743e+01
2.751789204956706314e+01
4.350800044371118247e+01
3.570084617137915473e+01
4.677522024269265444e+01
2.959328061563103063e+01
2.631019321393696586e+01
4.057943248812689774e+01
3.470578698415328489e+01
4.648439065015159599e+01
3.207705720832232288e+01
3.972082473483093423e+01
3.390197172927448577e+01
4.620139604103107445e+01
3.661047206171719637e+01
3.163004127208419192e+01
4.532712738495636273e+01
2.608130985426890192e+01
4.284144287444600252e+01
4.204532203986022409e+01
