9.093608359351902948e+01
1.081896342633501718e+02
1.387159924858806050e+02
1.499868502880862877e+02
1.847068185120798205e+02
2.045789636917698715e+02
2.198662955764387164e+02
2.685111755200978223e+02
9.346588672327456493e+01
1.188512322957688383e+02
1.310239229149851496e+02
1.628472744921905928e+02
1.813997586342594559e+02
1.827487895935460358e+02
2.139231075301490819e+02
2.703553337860124657e+02
1.608363224221927794e+02
1.789420795737614753e+02
2.258867979391893641e+02
2.397759840357288681e+02
2.514948092925524179e+02
9.119795054808079726e+01
1.036849353427813583e+02
1.320546060546284366e+02
1.490795822616379667e+02
1.535902884704117355e+02
1.878719101462856997e+02
2.014579896225098992e+02
2.309727099031593696e+02
1.803058214623646336e+02
1.951429159040640684e+02
2.264768729751943113e+02
2.402279738937338323e+02
2.255361361271286853e+02
1.374189544660294473e+02
1.660861072420444202e+02
2.193840638939650773e+02
2.208563865751882531e+02
2.246404319694171647e+02
8.098551782487149353e+01
1.057126627697130914e+02
1.211725377978126090e+02
1.281751306100668728e+02
1.587575886088645802e+02
1.497076045675822513e+02
2.100404347493651755e+02
1.999431005149594682e+02
1.574291801039070720e+02
2.218307809769642063e+02
2.121854144768109336e+02
2.337144187330844431e+02
2.556646776118264484e+02
1.620090010498908839e+02
1.755931022017329042e+02
2.111249795225566857e+02
2.294601033267255161e+02
2.209569874027791343e+02
1.081048869722411183e+02
1.218242833614136771e+02
1.319685838076439666e+02
1.638673279685452542e+02
1.546983955158623871e+02
2.147432324154179071e+02
2.197521245305895548e+02
2.226018992020566714e+02
2.188289899352343184e+02
1.992223689507387974e+02
2.289330109518215295e+02
2.290862188616016795e+02
1.933703616102416163e+02
1.999208061609344611e+02
2.241419650706108087e+02
2.378753109106010299e+02
1.353019695858802152e+02
1.956925300519891380e+02
2.212114641709188732e+02
2.485979040619873217e+02
9.142025147703918719e+01
1.041225031412176065e+02
1.310301546760233293e+02
1.242121861207195508e+02
1.748116241572903675e+02
1.885262605665109845e+02
1.743078887704208739e+02
2.039860977357901675e+02
1.860335502892668273e+02
1.979156530712903361e+02
2.194100122927464440e+02
2.209898279315669356e+02
1.936879466975337039e+02
1.806296705925488482e+02
2.129462720237599456e+02
2.194927151316499589e+02
1.695148582698742246e+02
1.801087168308123410e+02
1.891470079473287740e+02
2.136517981668983737e+02
2.328019790278669632e+02
1.664867099244905262e+02
1.826300033765775765e+02
1.714759089755534660e+02
1.845302250181483998e+02
2.089875582201523798e+02
2.092086358633196710e+02
2.166412996149089736e+02
2.216513831347001258e+02
2.543752565139266721e+02
1.744492606384301041e+02
2.036157886483865695e+02
2.146646132033725678e+02
2.072753035981744461e+02
1.651845435656714756e+02
1.784884347754130545e+02
2.031213639128132229e+02
2.108926193534504137e+02
1.117428775346154310e+02
1.034531280199887675e+02
1.488415899830822013e+02
1.654777140574611849e+02
1.574204743435481646e+02
1.603602734321511605e+02
1.889698209119697481e+02
2.029289768646105188e+02
1.906567890863261709e+02
2.006183721784137788e+02
2.071743037810031183e+02
2.356580960163048815e+02
1.802848979128911537e+02
1.905593522092465548e+02
1.999953460575451629e+02
2.356988617159275918e+02
1.330646789761861442e+02
1.470412164902532197e+02
1.730589428698684742e+02
1.860741278628163400e+02
7.348130745876225944e+01
1.072297563481992313e+02
1.225385429401857493e+02
1.191396103929276222e+02
1.231713756661925601e+02
1.451884059389063566e+02
1.550347021950742317e+02
1.653682921006308675e+02
1.887098947988691862e+02
1.892292960279266367e+02
1.961341684666124650e+02
1.691930373593554862e+02
1.803275172863631042e+02
1.908237492907562967e+02
2.222703486109625430e+02
1.532101595716394229e+02
1.646964854124879878e+02
1.768616194508547608e+02
2.141300331116952123e+02
1.222172027544055766e+02
1.469798903051067214e+02
1.631858382164212458e+02
1.684969551812854149e+02
1.002595323875389113e+02
1.171436974381139464e+02
1.164590337677643674e+02
1.216714339679497812e+02
1.440935788298103546e+02
1.510003848755420677e+02
1.619625026515521711e+02
1.749306175458340533e+02
1.843573028099411601e+02
1.895247149551604195e+02
2.389587796284544083e+02
1.663360157097965555e+02
1.814010665625177978e+02
1.707641569046715233e+02
1.355664070069562115e+02
1.463134970606575962e+02
1.593267475007779979e+02
1.908310938495992843e+02
1.245740080922899296e+02
1.361149257927243639e+02
1.496090061631237802e+02
1.862515900267739539e+02
9.049336280001013222e+01
9.122053345187570983e+01
9.603451305861736387e+01
1.134163867496792619e+02
1.196716496531475400e+02
1.296368691183475903e+02
1.323128817099264438e+02
1.436550365089897809e+02
1.839258711413332890e+02
1.759734300837883438e+02
2.307421932198190291e+02
1.667330875214693151e+02
1.738349605080705942e+02
2.221001674501841876e+02
1.478210782867694491e+02
1.640662251154060414e+02
1.576242759204480990e+02
1.412693078186661921e+02
1.450561385508969181e+02
1.589281792486503662e+02
1.250043069832273375e+02
1.352152200652406293e+02
1.505732579933092268e+02
1.845775497126444122e+02
9.662327982611657262e+01
1.021131641480418466e+02
1.202768988252716866e+02
1.280526033829282540e+02
1.394995697973523647e+02
1.386799304329672964e+02
1.565468007070837473e+02
1.537141633650469998e+02
1.643744568908848578e+02
1.552903961283503520e+02
1.443282033475004198e+02
1.529809328493563498e+02
1.984499799765548005e+02
1.245548000076924353e+02
1.415683024107532333e+02
1.399171026959247115e+02
1.239765753504099166e+02
1.288409466812868516e+02
1.464314122188966394e+02
8.802313206534695667e+01
1.001146914094928917e+02
1.062295600074696011e+02
1.151029531423182846e+02
1.142488696446570202e+02
1.269331803862044268e+02
1.363007019822016730e+02
1.791946226920919116e+02
1.485458471324019740e+02
2.306797088309822072e+02
1.387839187062277801e+02
1.334765122287908810e+02
1.349768153170317646e+02
1.332362351528605302e+02
1.831455071511095127e+02
1.167632552836777364e+02
1.267176242519023788e+02
1.683479266857067955e+02
9.591892582596969419e+01
1.116111659907603979e+02
1.137894672733363848e+02
7.982313832942028853e+01
8.238500799593565205e+01
8.746818828219576858e+01
8.544012989680201997e+01
9.573843088686835756e+01
1.043596424735653301e+02
1.032983236824962319e+02
1.438442598367274456e+02
1.163041883393534874e+02
2.264502785890456948e+02
1.225639937097680843e+02
1.925040685574755344e+02
1.130482606706668491e+02
1.106637791357134688e+02
1.034741772750413702e+02
1.035648127796081042e+02
1.459961604664106858e+02
8.636318389764994663e+01
9.427486599382694976e+01
1.257825539886767956e+02
7.164056040391970726e+01
7.423427834721455554e+01
7.153790843830452673e+01
8.100355769792804495e+01
8.870199807540383574e+01
8.760764052251495571e+01
8.602698875647901389e+01
1.446426915298173697e+02
2.930156802716193738e+02
9.917263990236219229e+01
1.962955345081990117e+02
1.040582866586699140e+02
1.648960784392570247e+02
8.975693521910370976e+01
8.882024267142313079e+01
8.706348678017697296e+01
8.747118860226213144e+01
1.252053113871953229e+02
7.034512390386986169e+01
6.732267314020835158e+01
7.806909857443902467e+01
8.612678697917914405e+01
8.578120615010719519e+01
8.855182795517059446e+01
1.398777411111629192e+02
8.879161283535418647e+01
2.425996555274620050e+02
8.090325468618146942e+01
1.631226498907026894e+02
8.053085930300979101e+01
1.283943022490492183e+02
7.489369211214165034e+01
7.594381057001908175e+01
5.056635147246885253e+01
6.103717120213855907e+01
6.815014960046218562e+01
6.867004797566072227e+01
7.169629744687433970e+01
6.681704716740784988e+01
1.364400737027571893e+02
7.521733361022329234e+01
1.988249467046296957e+02
6.734661139061017820e+01
1.382521855990263475e+02
6.794305172324017406e+01
1.085075316512961905e+02
6.072137169265806023e+01
6.442625867011201990e+01
6.376166232305502746e+01
6.579689347047681736e+01
6.203137602322105693e+01
1.725543779102670499e+02
6.948018497818114270e+01
6.221677617772196101e+01
1.636321407958098746e+02
5.709263929090074186e+01
1.181971250946960481e+02
5.981589718973356185e+01
5.708980243051180992e+01
5.426867827298287494e+01
5.337209916098375828e+01
5.040869507204601518e+01
1.302085940515881362e+02
4.491133948329328263e+01
4.476227328858669807e+01
4.404906849493828247e+01
1.197198923666619379e+02
4.414371302841250611e+01
6.043550193296785267e+01
4.063983889924951143e+01
4.034973392843090068e+01
4.003787653037027638e+01
1.031084208479412183e+02
3.863669256771692062e+01
5.338024759500675742e+01
4.055251889103868024e+01
8.984154964910113961e+01
3.345309421081933721e+01
4.576124859496461994e+01
8.080113468504998764e+01
2.958006090096082019e+01
4.007813351872343333e+01
1.955538221843390190e+01
2.696988453825277077e+01
1.113566550106474153e+02
1.061303885560196818e+02
1.020918256780945939e+02
1.160179993363724549e+02
1.496283107569563242e+02
1.022962243068114105e+02
1.512285337947997448e+02
1.162344205009726466e+02
1.507666032711499895e+02
1.157744499396401920e+02
1.891168121908415571e+02
1.876235709364411832e+02
1.514359443879425271e+02
9.990553942603793303e+01
1.935560974320403886e+02
2.071320216815742299e+02
1.480000956645069436e+02
1.178447807019678493e+02
1.851114772920720384e+02
2.026380998714477073e+02
1.425372021900350035e+02
9.410955644740874959e+01
2.125631939431868318e+02
2.342986930444187408e+02
1.763391349107339749e+02
1.714556759335721665e+02
1.364916262111498781e+02
1.116484545942111879e+02
2.153207235643010051e+02
2.194601812607713782e+02
1.672927024118828854e+02
1.893217532045256633e+02
1.378733020175860986e+02
1.036554204916036213e+02
2.050575530218414428e+02
2.144618322617640445e+02
1.747198969500781800e+02
1.613734574700381472e+02
1.438429461153126283e+02
9.499433001161239076e+01
2.379562719364897703e+02
2.504246517378916224e+02
2.361730661281697223e+02
2.019929110284741967e+02
2.056477687265104066e+02
1.708494422520161606e+02
1.959150383455208271e+02
1.288442060072598849e+02
8.730274712091052436e+01
2.386109487779522738e+02
2.355390675074213505e+02
2.595789618596917876e+02
2.060011505393102311e+02
2.104651023357344570e+02
1.701311198604060451e+02
1.843412572758676333e+02
1.098190774766502074e+02
8.507858795200708357e+01
2.328294335702267404e+02
2.451199207467383872e+02
2.212067489847735260e+02
1.924939630836161086e+02
2.219938941654961297e+02
1.490583686075634944e+02
1.492272998699633888e+02
1.091737665492433820e+02
7.196394767430558659e+01
2.656772217353532710e+02
2.699845820389861615e+02
2.686028508426335861e+02
2.265041715964660227e+02
2.409293347553682452e+02
2.683606605005131769e+02
1.905210911736143657e+02
1.984656607551490026e+02
1.390584134809425620e+02
1.380104349413176976e+02
1.075969394490962685e+02
7.368019766590586528e+01
2.560599408850600867e+02
2.761612564617430507e+02
2.762611731718010333e+02
2.159786234454480791e+02
2.402960939775818758e+02
2.534459357284779344e+02
1.793967969329210064e+02
1.736843953526134783e+02
1.311781963445868371e+02
1.445490763054570493e+02
9.993806603617183271e+01
6.359018402385401458e+01
2.847808251573114831e+02
2.970721223618566569e+02
3.067058051646402532e+02
2.746232907060197590e+02
2.487968720898370805e+02
2.619729410820317526e+02
2.942456594242852930e+02
1.624133368259644215e+02
1.691697783452091244e+02
1.323195414720856036e+02
1.347702707196344534e+02
9.165089630727841552e+01
5.998506963095965006e+01
2.757294370689645575e+02
2.948659862727850509e+02
3.079801914625803079e+02
3.396475849567578962e+02
2.397652927523895130e+02
2.556460987924635617e+02
2.601999742866770475e+02
2.017844621105084570e+02
2.010030370312341859e+02
1.939954763728225657e+02
1.593012156220264615e+02
1.694823002666792604e+02
1.257483765398637985e+02
1.338997266495997280e+02
8.353824755122712986e+01
5.826433310823587419e+01
2.757234252161472909e+02
2.827114792558888325e+02
3.078806383260935036e+02
3.219067394280954773e+02
2.402719299442088356e+02
2.422680545291622423e+02
2.294371637545841622e+02
1.920739879858267045e+02
1.975812890005205418e+02
2.113349304660170276e+02
1.562701939923761643e+02
1.624052126955139954e+02
1.181619897936054997e+02
1.216955931430438653e+02
8.112669717389172774e+01
5.355084198331772427e+01
3.028513460328305769e+02
3.160649795083227218e+02
3.281087934541466211e+02
3.649309316696492829e+02
2.689894463631040367e+02
2.854670423663773136e+02
2.799078326551210694e+02
2.700474828684489239e+02
1.882689077492343301e+02
1.998512619390222369e+02
1.981974937189412458e+02
1.546183223642811413e+02
1.621840435961076707e+02
1.139994417418986927e+02
1.188519060501404851e+02
8.375401861046017871e+01
5.900715881644678973e+01
2.877040704470433639e+02
2.959292698595437514e+02
3.102397600346786248e+02
3.130235422044709139e+02
2.532517128136787790e+02
2.534592308886972205e+02
2.478431341728725670e+02
2.371102924650278396e+02
2.055703905341414099e+02
2.128804277343316187e+02
2.214082330770177123e+02
1.731098682029282827e+02
1.790692338278945215e+02
1.863634777547163992e+02
1.371485546936881406e+02
1.404607613306927760e+02
9.759692434285362594e+01
1.046101202651113056e+02
6.495007894635416790e+01
3.566339477511893818e+01
2.968011613965141464e+02
2.946027878525993629e+02
2.767505512126601843e+02
2.432832875450038728e+02
2.459807536958680032e+02
2.608596619156180054e+02
2.030983739577244762e+02
2.141360508313073012e+02
2.175843337738262449e+02
1.666994269168677363e+02
1.730478148115160479e+02
1.734254359835441051e+02
1.292308681953338123e+02
1.369784761403731466e+02
9.333875618314795020e+01
9.604138555589963744e+01
5.688866120173728547e+01
8.774487717236760886e+01
2.817723796777237908e+02
2.756401870662990063e+02
2.777334188041735956e+02
1.993909105963755906e+02
2.043972305062852683e+02
2.098984182309979474e+02
1.627547573844755107e+02
1.681743346111489075e+02
1.705636259856630090e+02
1.229275076449679887e+02
1.290763423022372365e+02
8.343677632234654595e+01
9.177458475581498476e+01
9.118477790422262785e+01
2.928896135787595867e+01
1.113566550106474153e+02
1.203296395379394994e+02
1.137509492420021360e+02
1.205404508070422622e+02
1.362761231104267949e+02
1.061630660694493571e+02
1.397312002506864417e+02
1.199053486351553346e+02
1.291975691880779777e+02
1.185619501590090863e+02
1.494385255713520451e+02
1.567176794620408771e+02
1.617723237987602261e+02
1.121232172618226883e+02
1.174177816133331049e+02
1.494684692842694460e+02
1.655942397781828959e+02
1.866886777728358595e+02
1.465922840686379232e+02
1.193606551598893475e+02
1.166656860636496873e+02
1.492620440543936695e+02
1.709404988996561485e+02
2.049003299766806947e+02
1.768503629955606016e+02
1.593720226910522229e+02
1.267791534926339949e+02
1.158612794485631525e+02
1.480143152335066645e+02
1.720240787954310520e+02
2.131043371822387087e+02
1.951478436980313234e+02
1.878988124805874236e+02
1.540408419554732973e+02
9.567885396054245462e+01
1.153799335848508747e+02
1.474076791551771635e+02
1.733378456116419386e+02
2.206416871870008265e+02
2.128735038518237559e+02
2.200223597225116521e+02
1.956442836902555484e+02
1.366915605708859118e+02
1.147481017967735824e+02
1.459824605774852557e+02
1.720101285873274435e+02
2.211591136600864900e+02
2.192160254344248074e+02
2.356282012742788368e+02
2.185972964896045596e+02
1.618846406514355749e+02
1.443913197201215723e+02
1.000724356341457337e+02
1.142502808569019379e+02
1.448170187147156014e+02
1.707140590300853091e+02
2.207362799830783047e+02
2.227846822899779227e+02
2.462271109665665847e+02
2.358844011302486194e+02
1.823807997384037094e+02
1.683863854760175229e+02
1.183105491805023064e+02
1.105517894729740362e+02
1.139390258981907209e+02
1.441522129550234297e+02
1.701769024632205003e+02
2.213144690153319800e+02
2.268525284195042673e+02
2.569055669124912811e+02
2.538166089705848663e+02
2.046877974054467870e+02
1.966613500001519697e+02
1.426940617263470301e+02
1.372420067479897625e+02
1.012099286941659670e+02
1.137076906797602476e+02
1.436696025912080472e+02
1.698141768448484754e+02
2.218445846697541413e+02
2.301429655922866004e+02
2.657257512505950672e+02
2.693917526223677328e+02
2.252769198068259584e+02
2.247641001340307980e+02
1.689727049319792513e+02
1.693785457523997593e+02
1.266426758933222487e+02
8.756838761894968570e+01
1.134780509224433729e+02
1.431345123787601779e+02
1.691817490445027374e+02
2.214877431758724242e+02
2.315469126950132193e+02
2.708869339442580895e+02
2.796759743808214012e+02
2.402923710821796135e+02
1.907877351397988264e+02
1.977611969294970322e+02
1.512332328210540879e+02
1.026151240235383568e+02
1.686899447638578806e+02
2.212071530308780609e+02
2.326414426638391717e+02
2.749969990481530999e+02
2.881200205974990922e+02
2.531108645071349201e+02
2.261478191829481830e+02
1.777886948112164873e+02
1.215668036028843488e+02
9.147512213818629334e+01
7.751801346508825930e+01
1.131400867252362730e+02
1.423445180697404169e+02
1.682151847503205317e+02
2.208029707459286897e+02
2.332369418499586402e+02
2.778612798201502301e+02
2.944490726257225788e+02
2.632977466847656842e+02
2.294256115044186117e+02
2.524364254008507942e+02
2.040622829680195878e+02
1.420165006099589391e+02
1.077509711760260842e+02
9.151485592381023082e+01
6.098645330141660281e+01
1.130200957558403871e+02
1.420697133916703763e+02
1.678899232089873408e+02
2.206011916617079294e+02
2.339073607240570141e+02
2.805157064148904169e+02
3.001794132814079035e+02
2.725378672865604699e+02
2.981508518074040808e+02
2.469226274676546211e+02
2.790580952210274290e+02
2.323627028271265829e+02
1.662889309014923072e+02
1.297586107028029971e+02
1.145103672259145355e+02
8.143980632622881899e+01
1.129171691367548931e+02
1.418310647774300435e+02
1.675941498866769166e+02
2.203670044014924088e+02
2.343395635694058683e+02
2.824897933054214150e+02
3.046223713741482584e+02
2.799620666529276605e+02
2.618535132426407017e+02
3.025538517243877550e+02
2.582212016270332242e+02
1.892144027281017600e+02
1.510774022071512945e+02
1.369000322824550722e+02
1.009472785880982570e+02
8.236553982587392397e+01
6.519174604949084539e+01
1.128280367609977617e+02
1.416223117822470954e+02
1.673259952587670227e+02
2.201206183018997251e+02
2.346100070155155493e+02
2.839740192692136702e+02
3.081062447317621604e+02
2.859759300913547122e+02
2.746232907060197590e+02
3.232833446016720700e+02
2.818019490933287443e+02
2.108429170968321671e+02
1.718660267566220625e+02
1.594538559594378739e+02
1.212836195541061812e+02
5.238864296077031213e+01
1.127616427979222067e+02
1.414750474543797338e+02
1.671606286272630086e+02
2.200384817138280198e+02
2.350201270236691187e+02
2.855177178776161782e+02
3.114785340104287457e+02
2.916136950617963635e+02
2.867481663245952745e+02
3.433062858407516273e+02
3.051618223103230321e+02
2.330186312386209408e+02
1.940383686811140933e+02
1.845307596037832241e+02
1.449662440104344796e+02
6.713708352075310870e+01
4.990667323311698311e+01
1.127079899974812207e+02
1.413593251921905676e+02
1.670399144435816652e+02
2.200083479860877844e+02
2.354225990618192839e+02
2.869116386498122324e+02
3.144692435047010122e+02
2.965899426158914594e+02
3.399874377208096234e+02
2.976987336813307365e+02
3.617330041663050793e+02
3.271785537421868639e+02
2.545323151188231918e+02
2.162374336246390669e+02
2.104701975673405627e+02
1.703517488075203516e+02
8.878821467345889573e+01
6.878054367977553341e+01
5.345821270359932953e+01
1.126762980624780539e+02
1.413057882614852758e+02
1.670322363224926221e+02
2.201817921050721054e+02
2.360629832454548875e+02
2.885871809497967888e+02
3.177323430079011928e+02
3.017057156951618708e+02
3.087003667873790391e+02
3.802767687491827928e+02
3.495850103021258519e+02
2.768972449346330222e+02
2.399412215404397557e+02
2.389443017069255006e+02
1.989673089597942521e+02
1.170734361267792849e+02
9.666535127715556541e+01
7.895901109975615384e+01
1.125419684084788940e+02
1.409210524391240256e+02
1.663126155303849600e+02
2.188280284907601754e+02
2.343341580103887338e+02
2.862379430712589965e+02
3.149863846013258808e+02
2.994848233299263711e+02
3.467739438411105652e+02
3.074386205724405272e+02
3.802978715647848276e+02
3.513498301471281593e+02
2.793067080142165537e+02
2.424270813198171766e+02
2.416398253885322731e+02
2.017974484400853044e+02
1.158436940862396511e+02
9.256691527853071477e+01
6.836671284658697800e+01
5.028312754137682106e+01
2.717777954960816089e+01
1.125269517477824053e+02
1.409086890297207617e+02
1.663637690389826957e+02
2.190715059505992883e+02
2.349720055535852055e+02
2.877301219098321781e+02
3.177454508668816970e+02
3.036699458309711872e+02
3.954287353580045874e+02
3.699238363571669765e+02
2.982393171056169194e+02
2.629278102760388265e+02
2.667442972153218648e+02
2.274898850875235041e+02
1.416634552813005712e+02
1.177180128420552876e+02
9.063820743301492655e+01
7.046342790118823984e+01
4.226692766239899157e+01
2.063640936890083992e+02
1.125024390631716216e+02
1.408621985522894704e+02
1.663336441478265613e+02
2.191266466979693064e+02
2.352892780174391021e+02
2.886332406363658833e+02
3.195699870411727375e+02
3.066330323719545845e+02
4.072315155023861166e+02
3.848043764309812786e+02
3.137431912634783089e+02
2.800372071172893698e+02
2.880931270278114198e+02
2.498123593184153606e+02
1.652602890095465398e+02
1.411098081913508508e+02
1.116972663627236670e+02
8.991972662081215617e+01
5.720881857824407035e+01
1.174196254637028574e+02
1.076618159368231460e+02
1.375958273936927299e+02
1.877366527675591215e+02
2.080442074977726747e+02
2.609201421127365847e+02
2.936827934619526559e+02
2.868851631954663048e+02
3.404833491981542579e+02
3.772321331812585186e+02
3.102501845322869940e+02
2.787252332365209213e+02
2.881903721031234795e+02
2.510446927828591868e+02
2.321421787447696374e+02
1.424196489207515413e+02
1.125808986552913069e+02
9.048978478106749890e+01
5.749536270127742910e+01
1.177859617568573185e+02
1.082530573385473076e+02
1.537317754882944030e+02
1.780465684358720750e+02
2.297248737073268501e+02
2.639516759329044362e+02
2.636987100603330987e+02
3.179763935455271167e+02
2.929606635534330508e+02
3.048130049653528886e+02
2.760615798136221883e+02
2.872648176005578762e+02
2.516995979841289000e+02
2.335052731641817445e+02
1.984284301554688454e+02
1.135086102531379026e+02
9.109545054382958540e+01
5.780282399765211210e+01
1.181805186721765466e+02
1.122268563665243875e+02
1.413881641055953935e+02
1.917795138394670573e+02
2.275899634665555311e+02
2.347793922215863347e+02
2.893761886521439806e+02
2.713261764250394776e+02
3.573480421315314857e+02
2.710300316251558570e+02
2.844367432997405558e+02
2.511463615775963945e+02
2.340996710433657881e+02
1.994933281050996072e+02
1.697875737618450671e+02
9.170640674089379729e+01
5.811920202897783128e+01
1.185903577031625673e+02
1.012827794494239271e+02
1.493821628850359104e+02
1.863636427401792446e+02
2.012180228783754217e+02
2.553894882488461349e+02
2.449870265683054242e+02
3.300486452229233691e+02
3.313392704072414858e+02
2.793623895863684083e+02
2.491200660086027767e+02
2.337304139538663605e+02
2.000197826848933289e+02
1.709129105966196960e+02
1.462296691244988835e+02
5.844454730603959547e+01
1.190165629162429468e+02
1.219590200654099732e+02
1.546261415809126731e+02
1.744835062321251087e+02
2.267631244530693380e+02
2.217540901998667948e+02
3.055162096579571767e+02
3.132031208961597599e+02
2.729825404442237300e+02
2.481372041082536839e+02
2.343556423611061348e+02
2.013752571118499475e+02
1.727812535148923700e+02
1.480013795185881520e+02
1.165834275323965699e+02
1.127243807682072827e+02
1.899532587505603942e+02
1.914788119377273006e+02
2.723269015282818373e+02
2.872299846750989900e+02
2.562269230843478454e+02
2.453856759191030221e+02
1.111446110482771701e+02
1.569645655034074139e+02
1.628434731532137505e+02
2.397718892866306248e+02
2.610813536837277979e+02
2.390119989067366362e+02
2.335673351241171929e+02
2.586906910025251705e+02
2.019377979184909009e+02
1.756298811986374631e+02
1.513242990238771029e+02
1.191857120396989274e+02
9.500563144829941109e+01
5.986719358687825832e+01
1.269737272558241870e+02
1.338096175411818365e+02
2.051653749374802373e+02
2.319940184888728538e+02
2.190010266005640744e+02
2.191483494724335799e+02
2.475231969774833942e+02
2.343784022063125576e+02
1.770982594931384710e+02
1.532777208446798340e+02
1.207858481787886831e+02
9.615603105107504689e+01
6.049074530034169328e+01
9.388046181163936410e+01
1.574488650839273873e+02
1.906209241091351316e+02
1.890229883090352985e+02
1.961533230895963413e+02
2.281162762402553881e+02
2.220362262910851996e+02
2.216151887377235141e+02
1.540926300532321704e+02
1.218425591955133882e+02
9.706407521364469915e+01
6.103772237527244471e+01
1.224249252098148304e+02
1.196606444644331901e+02
1.549403963116307636e+02
1.618226064206390618e+02
1.741574705833249084e+02
2.085584128727585949e+02
2.091850332087107631e+02
2.135812004609378505e+02
1.944147678335075682e+02
1.233003428005605286e+02
9.828151668108507977e+01
6.175854599265020539e+01
1.233954908035732103e+02
3.321582782471005402e+01
1.123217310364128139e+02
1.276758969431730435e+02
1.451677519492904196e+02
1.810260430560117015e+02
1.890912267404769693e+02
1.992727830714438539e+02
1.861252843108343598e+02
1.728887772793201520e+02
9.914862119223141690e+01
6.237831927853612513e+01
1.242866680923510785e+02
3.330517767784900940e+01
1.071883493065709274e+02
1.244590951798108875e+02
1.587737333563474635e+02
1.718815191726339435e+02
1.864660620794743409e+02
1.786344839371118098e+02
1.705636259856630090e+02
1.554500007948406619e+02
6.336363008216121528e+01
1.256411899518325015e+02
3.343864661937163163e+01
1.004626558930387716e+02
1.307441055058322377e+02
1.482256841746392126e+02
1.670106633484166423e+02
1.656505607412036341e+02
1.643309521139344724e+02
1.537493783851281535e+02
1.260209989611095835e+02
1.270109545532254458e+02
3.357676128239153002e+01
9.726370535609541434e+01
1.170332004994168926e+02
1.389652359210962231e+02
1.447340874758222355e+02
1.515710884540737595e+02
1.475759235741497548e+02
1.241993244039712891e+02
1.019704905894426332e+02
1.281251870888504527e+02
3.369683393508990576e+01
8.729793170756127552e+01
1.086561469866228293e+02
1.196650076100830660e+02
1.342459612758223102e+02
1.377648654601355247e+02
1.203878118985159915e+02
1.012529075082746175e+02
6.536677794768183958e+01
8.366993124044351759e+01
9.553318706152251139e+01
1.157608667301783072e+02
1.261095489172599713e+02
1.154445342875382750e+02
1.002285584536186605e+02
6.597620947820787762e+01
1.306650915027370274e+02
6.633293862813196995e+01
9.107050021549896712e+01
1.080966935012755954e+02
1.060930674175526462e+02
9.696770912442235613e+01
6.602313853576218605e+01
1.318657351557286006e+02
7.153056375699632952e+01
8.901294264628006658e+01
9.401242762555520471e+01
9.177458475581498476e+01
6.569720738960808148e+01
1.331387700264746172e+02
7.042395525104103626e+01
7.853826867661378230e+01
8.311364825381208732e+01
6.426912744489584384e+01
1.338736793115510295e+02
5.750989457279531081e+01
6.838190362032304392e+01
6.022963478767399437e+01
1.327843405976252029e+02
3.475065886082064281e+01
5.138550481871265418e+01
5.350849520664809944e+01
1.288299589962846312e+02
3.486833508012230709e+01
4.610349834542608960e+01
1.190936544777758286e+02
3.478773849904786175e+01
3.413898714689883462e+01
9.993522025947085297e+01
2.928896135787595867e+01
