6.492554143424757740e+01
8.986673507221311752e+01
1.216346205098295599e+02
7.873657874641706655e+01
8.702469943013970521e+01
1.466482747282482535e+02
1.427437081929249416e+02
5.647408943813623239e+01
7.730458458280646994e+01
9.723331038293078166e+01
6.345298660216167264e+01
7.139628212980139210e+01
1.308396359948549446e+02
1.086855507371846414e+02
1.260006662386118848e+02
6.922683793279789199e+01
1.176411939503053645e+02
1.164447059178306034e+02
1.391277359323425458e+02
8.280451642122000067e+01
9.124819218448132574e+01
5.938425752003420399e+01
6.798802555660793701e+01
1.244476889992068607e+02
1.010781295855010455e+02
1.165348603183012841e+02
1.345342393042765536e+02
8.706324909212838747e+01
1.019753371989920083e+02
1.196131091249437191e+02
1.414136370552146218e+02
9.988719950114604273e+01
8.462512524496574429e+01
1.020092201933276925e+02
1.317860625209725356e+02
5.812371559788960695e+01
3.908316013888695295e+01
4.652270263267178763e+01
8.585943603532797397e+01
7.024445111779613171e+01
7.595498138220592921e+01
8.647350352749117519e+01
1.034174166962219772e+02
8.919621604740805765e+01
1.020579152342782550e+02
1.226516112125798372e+02
7.755448279662525124e+01
9.191111145310566144e+01
1.089282099170807072e+02
1.318954135047384284e+02
5.515980915443540766e+01
1.006754439664588574e+02
8.172605668135368262e+01
8.987203879229247150e+01
1.106509750744403391e+02
1.010199526193444370e+02
1.311847033601235069e+02
1.148971090588901944e+02
1.651384811866016378e+02
1.456597091896950076e+02
1.404919036522551039e+02
1.251758047103168963e+02
1.596943461719140771e+02
1.265791908782451003e+02
1.428107707226654668e+02
1.706552537093174635e+02
1.095660163759764600e+02
1.807438917530678282e+02
1.358604257961647761e+02
1.475357271145061588e+02
1.791246055803647437e+02
1.498102850830222792e+02
2.186305449749596903e+02
1.981436342736539018e+02
1.203242733586305775e+02
1.487626485365059068e+02
1.853352804593160954e+02
1.024667915395154552e+02
1.515234600232097364e+02
1.393691314815007161e+02
1.231516050793979105e+02
1.136918369233112429e+02
1.532331317616448416e+02
9.903015792555380870e+01
6.869760307265094923e+01
7.517730826654722875e+01
9.118651373455321618e+01
7.661083205472762359e+01
9.295128773551226686e+01
1.162144364013432067e+02
1.469949155163748742e+02
8.943545857964087986e+01
1.431224920911442950e+02
1.584743154238935290e+02
9.556140158600189238e+01
1.012587138440655394e+02
1.298055337982387982e+02
1.683895887304283292e+02
6.550327815167543122e+01
9.870263926713232649e+01
9.393500744555446147e+01
4.603253552882541300e+01
5.470590088595993450e+01
6.856775174074827817e+01
5.915405948965241123e+01
7.379122051110734049e+01
1.148599121538716616e+02
7.035181889122782195e+01
1.349867778336133597e+02
1.124984591458904646e+02
2.212125651473600669e+02
9.260599182238570393e+01
1.501790048216666378e+02
1.501238601049317083e+02
9.152648328051435556e+01
9.874357955503715800e+01
1.258640714085905614e+02
1.629289840244359198e+02
8.523981862214571947e+01
1.042235905631341097e+02
8.939966611102508409e+01
1.129739100771145672e+02
1.752174128139465097e+02
9.904908085840006038e+01
1.631889365059915917e+02
1.880505157476791567e+02
1.074265010238402596e+02
2.144750474521372894e+02
8.088587111889296466e+01
1.326520413030475538e+02
1.500380450695031413e+02
9.366935131213601551e+01
9.117026120272369383e+01
7.373573331142246445e+01
9.121628075824233406e+01
1.356589140058785006e+02
7.649312867076199041e+01
9.573571194264786755e+01
1.910770612354363891e+02
2.339748146356681957e+02
1.691625026831650302e+02
9.726267632528494289e+01
1.963268204321349231e+02
7.154189438440938886e+01
1.183115399911520456e+02
6.730968297771443076e+01
8.412631812285893318e+01
1.210165044996101074e+02
6.871451144996208882e+01
8.719860585461474045e+01
1.561124408025311254e+02
1.508409928793799395e+02
2.244202366280061653e+02
1.696838910437245431e+02
9.476438590505554771e+01
1.889822596927706968e+02
1.015963773925940217e+02
1.370816089730464284e+02
7.731370551087518095e+01
9.908343527538345086e+01
1.780242195700635648e+02
2.299637802371099440e+02
2.068365142886761987e+02
1.618880306805642704e+02
1.205468502724226028e+02
6.632323142158291773e+01
8.531200981646979642e+01
1.526717202566430274e+02
1.939366654667583134e+02
7.264965952725529519e+01
1.885722876923450997e+02
5.390839116210621285e+01
7.636228428420503178e+01
1.433281454898608160e+02
1.855088902138771232e+02
7.121976157819192110e+01
9.822832264263016100e+01
1.889956657732937515e+02
2.449740227247784503e+02
9.613081004495947468e+01
8.865300407416172845e+01
1.091834965407844038e+02
4.358036167709753528e+01
4.021018098130955565e+01
7.731031324614023958e+01
8.321387840100052813e+01
6.026572485661509404e+01
7.187000954027509181e+01
8.300547020427154621e+01
1.043960184414667367e+02
1.308829255217445677e+02
7.175828235959694723e+01
1.075965722667804414e+02
7.415038212615243651e+01
1.291646802626976864e+02
1.807147098151375531e+02
7.104615701982092446e+01
1.068416033676585641e+02
1.181943485412972876e+02
1.015892389513279284e+02
9.598069691273890669e+01
7.756765880607227359e+01
1.101290429501090813e+02
9.235652637246089114e+01
1.255399193940642562e+02
8.144350249014840415e+01
1.528562166066164707e+02
1.162590328380778715e+02
1.173992383906557961e+02
1.530853915131198733e+02
1.033128659595604120e+02
1.039006158761344381e+02
1.371762968693290929e+02
1.506893669053535234e+02
1.295354215175815398e+02
1.235081548181872648e+02
1.090716195737010992e+02
9.276692467738860159e+01
1.358066876533482343e+02
1.608443059617165432e+02
1.284893786781011329e+02
1.247275830999889479e+02
1.044128487633496718e+02
8.664454427666572656e+01
1.560104468235127229e+02
1.697971030468558808e+02
2.175123467318931887e+02
1.519041217453127501e+02
1.400831216340427545e+02
1.290169169694124776e+02
1.468425189570989744e+02
1.047521397346274767e+02
1.297342282333569869e+02
1.709415192014604372e+02
1.846148066140673620e+02
1.723360059255284966e+02
1.466473255348933264e+02
1.561270720147740292e+02
1.333544946447153734e+02
1.263674132261841976e+02
1.475899090015602724e+02
7.543279903463637481e+01
1.724717448988454578e+02
1.706758418244324389e+02
1.623398150398505493e+02
1.528871717384746489e+02
1.591763555614648169e+02
1.500003202582702500e+02
1.360394406970845296e+02
1.268247227899593099e+02
8.992208812942304519e+01
1.713091511847129027e+02
1.912419962607971797e+02
1.739588911267567823e+02
1.464143057695707739e+02
1.511513623511566209e+02
1.703281198182616833e+02
1.518216953485243437e+02
1.328687484016219571e+02
1.215468078854896419e+02
1.741603454186651447e+02
7.574697552158174574e+01
9.971989811821396188e+01
1.827714562528990427e+02
1.777143367733846446e+02
1.873083163523204746e+02
1.677106394342870033e+02
1.582494967323597450e+02
1.457147816515072805e+02
1.377254534974195508e+02
1.735413516071855611e+02
1.210001576937452370e+02
9.247204102938574977e+01
1.125619492581487862e+02
1.467168989394982646e+02
7.731031324614023958e+01
8.787962925360886857e+01
9.294953739850461716e+01
6.176638095546052654e+01
9.351780058948772023e+01
6.662830885354797772e+01
6.330024423684110957e+01
9.877226280146658155e+01
8.042648456593683193e+01
9.089397082984253018e+01
1.352566755274740444e+02
8.891592788219290355e+01
1.132802995009593872e+02
1.781657472656987693e+02
9.466552754664535030e+01
1.001795831023938064e+02
8.935111414859203194e+01
1.174874899629477341e+02
1.763126687773761034e+02
8.702984944468711603e+01
9.104623893407641333e+01
1.246357169658718647e+02
1.925267004554700634e+02
1.013169673337418857e+02
7.448797553752487488e+01
9.995637856811650579e+01
9.193265077903889448e+01
1.291145014585240176e+02
2.037668716855696687e+02
1.131391881925995051e+02
9.080250180730202203e+01
1.270434280311541642e+02
9.190502283835598973e+01
1.307325239683773361e+02
2.078675508201258708e+02
1.195365506647575842e+02
1.017420380788736907e+02
1.466521357611290739e+02
8.091362416923639955e+01
9.232246512064952526e+01
1.330468124585114538e+02
2.146101106026982848e+02
1.281041428675296743e+02
1.155932727345103359e+02
1.765705251031015166e+02
1.267904684758899521e+02
1.066011100763492863e+02
1.131146247939431930e+02
9.233053752592456931e+01
1.340132351422253123e+02
2.175597108855743045e+02
1.331178248060859062e+02
1.251275807557470330e+02
1.989947418158566848e+02
1.462297308584889493e+02
1.269082189308441144e+02
1.351803225639060315e+02
1.134295898145491464e+02
1.327265791793066967e+02
2.139998458155014589e+02
1.321026367523586771e+02
1.268350241575306541e+02
2.049880590731550569e+02
1.501898351058935361e+02
1.334330611945169096e+02
9.973636506191894568e+01
7.494072339707847163e+01
1.337783913253199728e+02
2.171017120181289499e+02
1.363815285904918824e+02
1.346594732220094670e+02
2.248125215350211192e+02
1.702441587298407057e+02
1.543820446674987181e+02
1.659827616435328821e+02
1.308222457910446792e+02
1.156188883713612370e+02
1.327695353833581180e+02
9.176531413499580481e+01
1.342492646427177192e+02
2.185162858425507295e+02
1.389173866157208579e+02
1.399771092459420174e+02
2.392433797524236354e+02
1.932122748818865148e+02
1.577569139744424263e+02
1.525204512504831200e+02
1.998206511240225609e+02
9.126016637114035746e+01
1.333175681343729480e+02
2.158771368000001587e+02
1.376430776300295236e+02
1.400224328561218954e+02
2.414239670919998844e+02
1.879778055519134625e+02
1.776800986045134891e+02
1.978107557926362290e+02
1.598868786982953054e+02
1.580509828376970063e+02
2.100826540037301129e+02
9.418918908479305685e+01
9.055705260519815170e+01
1.318311138385116692e+02
2.116368153572721837e+02
1.347296481581912815e+02
1.375639639260134572e+02
2.374322766172769548e+02
1.902998771628070358e+02
1.491788915524328445e+02
1.462732707607942473e+02
1.888023672535824460e+02
7.987389408193453733e+01
6.788393231443083664e+01
9.066863077551442984e+01
1.322999888056387761e+02
2.129265763362312782e+02
1.364919083831369733e+02
1.409430211319501609e+02
2.466391839179910619e+02
2.094716106060683956e+02
1.679153407097389277e+02
1.706196398896634037e+02
2.293292576027061500e+02
1.022655166580297390e+02
9.447458709737009031e+01
1.262882981647872924e+02
1.749304311792199655e+02
1.161149448683708414e+02
1.851546760855398475e+02
1.223481496820159578e+02
1.303393847657702622e+02
2.329875816383764118e+02
1.861059143642369804e+02
1.663223326674645364e+02
1.701228577186866744e+02
2.293950666680723316e+02
1.024874889582145983e+02
9.474841783607359957e+01
1.265643046101264559e+02
1.750202089569142174e+02
1.518457973230470088e+02
1.046712144090093233e+02
1.162378648312711533e+02
2.136460398586578151e+02
1.743762629221714633e+02
1.741463112015194099e+02
1.686312522519878030e+02
2.286408624916156782e+02
1.025093433639464280e+02
9.493400475546961559e+01
1.267937338318387788e+02
1.750911018906298580e+02
8.765920388589765366e+01
1.019908509665546461e+02
1.929149328040669218e+02
1.611371479749035984e+02
1.650153904113526835e+02
1.933821451514873502e+02
1.593809536782876535e+02
1.666793532824189583e+02
2.275831859059792635e+02
1.024998314905790835e+02
9.514198337584777221e+01
1.270611120734395882e+02
1.751732139807744204e+02
8.136614833956853943e+01
1.619464076464164464e+02
1.407687558537177210e+02
1.498612059009477662e+02
1.807997626744046329e+02
1.522381407315106401e+02
7.993370937799134879e+01
1.623551093442019919e+02
2.244639608998054428e+02
1.019482090210097880e+02
9.508313924322015964e+01
1.271694301521966679e+02
1.751962709746541691e+02
1.394570501264113602e+02
1.241285163360170145e+02
1.370301151334092253e+02
1.697421752222169857e+02
1.457147816515072805e+02
1.586302008292931589e+02
2.220591215115788373e+02
1.017136142295939720e+02
9.528773582449572643e+01
1.275056498639716978e+02
1.752972778854067428e+02
1.283650582205684145e+02
1.398934878976126299e+02
1.716314929175313466e+02
1.462992169287227000e+02
1.606162376271256278e+02
2.251451526451484995e+02
1.032759206406697672e+02
9.666087490276571259e+01
1.287175016786690094e+02
1.756990887165201514e+02
1.197198398748783603e+02
1.000482971460233301e+02
1.170316471832294809e+02
1.506621091757878332e+02
1.333572257121455777e+02
1.521697348777934735e+02
2.187610568399525448e+02
1.021892820008570624e+02
1.290333443745279851e+02
6.473312757461657441e+01
8.780166656617618059e+01
1.224912557128156152e+02
1.151492523138066133e+02
1.391306217622621944e+02
2.079518914659668383e+02
9.996654740880245527e+01
9.612936402849054218e+01
1.291516357635362624e+02
1.758025690021620164e+02
1.066594455447031038e+02
1.332287428698555800e+02
2.032825299858048709e+02
9.989294461207111908e+01
9.720910083911026334e+01
1.305441668372757533e+02
1.762453337364913466e+02
9.920029935221680262e+01
9.177297570846874919e+01
1.201408806267028382e+02
1.897632790058557362e+02
9.722157970775931801e+01
9.712748449655968841e+01
1.313935253550858420e+02
1.764900029198703635e+02
7.605047517625922637e+01
1.043654445028309397e+02
1.700951168472265920e+02
9.247204102938574977e+01
9.631829933658015364e+01
1.321655306606891145e+02
1.766953869006730997e+02
1.026037391883544387e+02
1.563172976861017105e+02
8.867613978133906016e+01
9.666384721485785292e+01
1.343466365781424372e+02
1.773048152838389910e+02
1.339700689327887630e+02
8.006662463571493049e+01
9.439085060060054388e+01
1.357560159114264877e+02
1.776037509449108143e+02
6.421633828786964671e+01
8.837308714184294445e+01
1.367689347929930648e+02
1.778453763892291590e+02
9.400291864810456843e+01
1.498543568520447877e+02
1.817142602568731036e+02
1.192396715474850879e+02
1.725733560317834190e+02
1.467168989394982646e+02
