9.795636216437020494e+01
1.200143457058006362e+02
1.492306400285988559e+02
1.588483565701814655e+02
2.023760453493409841e+02
2.216566619630870036e+02
2.357635898950411786e+02
2.792187139676603351e+02
1.019977791450460813e+02
1.260235800906770578e+02
1.374032731817882791e+02
1.783840779829034489e+02
1.993479308356761237e+02
2.089765065070512549e+02
2.234689679167118754e+02
2.823704232509440999e+02
1.749367779161741225e+02
1.923700831448792030e+02
2.337988903898915112e+02
2.414919045001547602e+02
2.469966594136976994e+02
9.618609395799883544e+01
1.062608152237170600e+02
1.408932138117056354e+02
1.609799143626385955e+02
1.715269244134762516e+02
1.869299959792376171e+02
2.100852827079567078e+02
2.251069246524067182e+02
1.817616903338301313e+02
2.065479782438410723e+02
2.245809169214085443e+02
2.345817794979284088e+02
2.389670275832885125e+02
1.544105868472368854e+02
1.695719193289891109e+02
2.227967117224197295e+02
2.121997080591806650e+02
2.307531259327729174e+02
8.030152454151475183e+01
1.107741326520519181e+02
1.319850377110230113e+02
1.446265579214098125e+02
1.602501685489216925e+02
1.581057729648945838e+02
2.140947510232184641e+02
2.030023591355036103e+02
1.638436635160418859e+02
2.226722204416933550e+02
2.120702512720194761e+02
2.253358643838063813e+02
2.605483432990724282e+02
1.619212380342598578e+02
1.827755462714891053e+02
2.058122722209296001e+02
2.217270209329439865e+02
2.312922744707636014e+02
1.099491717235847403e+02
1.317247253234980917e+02
1.465797497709305048e+02
1.628759724840186038e+02
1.594026510543887412e+02
2.215050901606098535e+02
2.124980984433672688e+02
2.161193005226626838e+02
2.049150873537821838e+02
1.958058488613893644e+02
2.157699378607071594e+02
2.313600656860049298e+02
1.959955632633482878e+02
1.902428045949527302e+02
1.958087360568119948e+02
2.125208045071010758e+02
2.436974003555594663e+02
1.351864950317556122e+02
1.888387603176958578e+02
1.873986044639283648e+02
2.065977603124948132e+02
2.455650547831402832e+02
9.528138327871508295e+01
1.099816022478850215e+02
1.247697352941156339e+02
1.213409847879657661e+02
1.709695868683931792e+02
1.677593664726348948e+02
1.632790101862028678e+02
1.843357013552962087e+02
1.811921614628598434e+02
1.870852874473778513e+02
1.991836012056106995e+02
2.181419034945257636e+02
1.718329404749738671e+02
1.691034933907066886e+02
1.928744127364520580e+02
2.121524664834422822e+02
1.624431490368814934e+02
1.614384207815711818e+02
1.718054997932269714e+02
1.924438064277912588e+02
2.268607010923484495e+02
9.996191715690110868e+01
1.106213316974306764e+02
1.575692861871956154e+02
1.566698214109834737e+02
1.589905840990197134e+02
1.660166166091725302e+02
1.814039118172212284e+02
1.979594667958206458e+02
1.865128520089903361e+02
2.146327378682789231e+02
2.498190758393480735e+02
1.534854104852192052e+02
1.863994586416633581e+02
1.923460218527176835e+02
1.988344936519413864e+02
1.487782963492660997e+02
1.561508411935709830e+02
1.719284589127749143e+02
1.937041623701553021e+02
1.402535936134307519e+02
1.418075192610941713e+02
1.670151956738884564e+02
1.880285371685591826e+02
1.047057469489267305e+02
9.283126790193867350e+01
1.313959481663295037e+02
1.308689729343452939e+02
1.347713713576101497e+02
1.292638883838480979e+02
1.591903954415608951e+02
1.664652719858133310e+02
1.734813528661343298e+02
1.751121861253355121e+02
1.980980548812252096e+02
2.357704945515993415e+02
1.698588597314204662e+02
1.632651978840434595e+02
1.897788955382373217e+02
2.261295965006512461e+02
1.272057162448074052e+02
1.575210278892024576e+02
1.654519867963773549e+02
1.755272360216943355e+02
1.262777896927638324e+02
1.325501475763705344e+02
1.494747942168523593e+02
1.713814483929762673e+02
8.678174123100468762e+01
1.189288912940714340e+02
1.172047863924041309e+02
1.214216083164165383e+02
1.156972224466894090e+02
1.442051189032151797e+02
1.399620086003275503e+02
1.617079518386026962e+02
1.537362137833032705e+02
1.843125298432481429e+02
1.813893609426322087e+02
1.530507022423551291e+02
1.552670385407918729e+02
1.779338102808216604e+02
2.157670686131677087e+02
1.460133469409619238e+02
1.426316031790977661e+02
1.651234335467461278e+02
2.003952453549953248e+02
1.136727620733193476e+02
1.419366724031709452e+02
1.496754766026957384e+02
1.606752013099501823e+02
1.108442687774709725e+02
1.115265763837936106e+02
1.185316534226497538e+02
1.125153713631598720e+02
1.411335225917047751e+02
1.406417940556648603e+02
1.424519410344050812e+02
1.639455710252042593e+02
1.903281302982156831e+02
1.768270652780418288e+02
2.401692086076665191e+02
1.610250051560982456e+02
1.768955985857998314e+02
1.704241304265546830e+02
1.361802570731720436e+02
1.614794838561949462e+02
1.622687679621748771e+02
1.331199932036995506e+02
1.357959323616212259e+02
1.573634505135584902e+02
1.943664933400042969e+02
1.296790287262141419e+02
1.297072041154369515e+02
1.501500613877322223e+02
1.858475878676048012e+02
9.134254874469320384e+01
1.016224142971449567e+02
9.702382693213102982e+01
1.231316658009309322e+02
1.245505479936728932e+02
1.226834552712272881e+02
1.424413461350623038e+02
1.453435095638186851e+02
1.725680805385320014e+02
1.714856914455141066e+02
2.374871172749230368e+02
1.741568476073153704e+02
1.630196083123325650e+02
2.235722688097230559e+02
1.470370146193353094e+02
1.644382689076841189e+02
1.604678590274284602e+02
1.309313214773422374e+02
1.519214932508608342e+02
1.563109214197611720e+02
1.296261651600120501e+02
1.339427634827848976e+02
1.576842773897080860e+02
1.992974659837897491e+02
1.042597531670357824e+02
9.948308306315604455e+01
1.281435339664944877e+02
1.325276024340044216e+02
1.338841682294473685e+02
1.449670940329373252e+02
1.659383725462400889e+02
1.654520162876527252e+02
1.568099970857122401e+02
1.666264202250601159e+02
1.529520256665043121e+02
1.541499152138570707e+02
2.177247977333175868e+02
1.553252403447344534e+02
1.469762209873874497e+02
2.044362083830214658e+02
1.285540751906058574e+02
1.479757934491443905e+02
1.479460011435691911e+02
1.196832085854707088e+02
1.360145365164516420e+02
1.449401447623993135e+02
8.709806365620129043e+01
1.058706813360949894e+02
1.089486446078162487e+02
1.115653124782007097e+02
1.158442092142854705e+02
1.371986489514542598e+02
1.305444458146860143e+02
1.836797697106838996e+02
1.505100797208610288e+02
2.369540282269105944e+02
1.344263483654000879e+02
1.446373594620541780e+02
1.304279501487007167e+02
1.340372150641017015e+02
1.940548577646189585e+02
1.293710205525702577e+02
1.246382995216167018e+02
1.778237588115165408e+02
9.890086112870569934e+01
1.171730082044004178e+02
1.198417486162030059e+02
8.087855353110597889e+01
8.438855089697992184e+01
8.979933062660130361e+01
8.921467314374861246e+01
1.078747258618606111e+02
1.029696651477348297e+02
1.067145820959607931e+02
1.566978777309232669e+02
1.372810062902368884e+02
2.238586820295699908e+02
1.264318107884138414e+02
2.012847854277731017e+02
1.126678918600362209e+02
1.229405434284626182e+02
1.000593955273398308e+02
1.047672506756996853e+02
1.552906529922640289e+02
9.661981381682117842e+01
9.280263948845355060e+01
1.331085976038429806e+02
6.961842481165558638e+01
7.804502167426819881e+01
7.293975681196911864e+01
9.018561131150434562e+01
8.544969914057921301e+01
8.705578649560472115e+01
9.450696758486458293e+01
1.492233115293016965e+02
2.824196710837983346e+02
1.186066440874119081e+02
1.976812316737371304e+02
1.080838391938099079e+02
1.739597907146833791e+02
8.906897764698959463e+01
9.778372724457952359e+01
8.231113610774329459e+01
8.786156822058227078e+01
1.326710445293703913e+02
7.077266822155742432e+01
6.406751595515059705e+01
8.423699990345158994e+01
8.051684831222125638e+01
8.418152329581499771e+01
9.108033929335782375e+01
1.464120463975621362e+02
9.832039101189536723e+01
2.371992678178001199e+02
9.572479074388324705e+01
1.633926125038736927e+02
8.247650019360519025e+01
1.333258892724350630e+02
7.322038759650673967e+01
8.167611581667739529e+01
4.872745703502106096e+01
6.745952978723180138e+01
6.275323889223035678e+01
6.695464216553762071e+01
7.268325389354053812e+01
7.724101954849949436e+01
1.340837785457852362e+02
8.080511649802717500e+01
1.820334086283650663e+02
7.190661334850716457e+01
1.268159252926893004e+02
6.101319358739780796e+01
9.982645429572909279e+01
5.112755188040097920e+01
4.485304600781591944e+01
4.971963390275539751e+01
5.434158503991550759e+01
5.861690971711239229e+01
1.363680074266196129e+02
6.491014316972355402e+01
7.059664199122919115e+01
1.606551101625562126e+02
6.831582617363248744e+01
1.205480028991003394e+02
6.229080078581806390e+01
6.729311201742387993e+01
6.991935112697302657e+01
7.386048165831572021e+01
1.687145020293615403e+02
7.053308051800431144e+01
5.981172995113766433e+01
1.408976314883233840e+02
4.440838635844995252e+01
4.797019825157732953e+01
5.324578686288200657e+01
1.249954031084554487e+02
5.460702728396972105e+01
7.755172132280277708e+01
4.780959076265225605e+01
4.281631771424342503e+01
4.473881355617901789e+01
9.899866859004626463e+01
4.392362455909456287e+01
6.266977317742079379e+01
4.256849622264801525e+01
8.101243774709584500e+01
3.574210286221174471e+01
5.028552510683956456e+01
7.759348826618629857e+01
3.384672900567786513e+01
4.624683880264056768e+01
2.698411547460431592e+01
3.604977871999720662e+01
5.834586533879590320e+01
1.201721431321947762e+02
1.105207540630217409e+02
1.074981488545260646e+02
1.210052928071342535e+02
1.585899847503139597e+02
1.040237553155944710e+02
1.559169383240196396e+02
1.178928575403106720e+02
1.500649382820674589e+02
1.133113461896896013e+02
1.898719097118575405e+02
1.872585707743254204e+02
1.478789002321146029e+02
1.079307459289862123e+02
1.883300782993198084e+02
2.064090926061270466e+02
1.508709889633709906e+02
1.170192234026980032e+02
1.835187238533498828e+02
1.914983014667532188e+02
1.425824793108738788e+02
9.901293626540955017e+01
2.101352359614517695e+02
2.269336133760114649e+02
1.755628249564854571e+02
1.780995825508871917e+02
1.355924334239382461e+02
1.182603121281133838e+02
2.122660246868653360e+02
2.164990511406742542e+02
1.695116139195801850e+02
1.810108209571009752e+02
1.356537914859741250e+02
1.020845766510181249e+02
2.048208042273372769e+02
2.122495719919173212e+02
1.747330385488563422e+02
1.651448535210978150e+02
1.431893805838463152e+02
9.890121371757072666e+01
2.349460737592458486e+02
2.417890760120318419e+02
2.390363172290184934e+02
2.041385075353980199e+02
2.020121494079921547e+02
1.687780855330686336e+02
1.969525588193288570e+02
1.250683912337589021e+02
8.575938786301620098e+01
2.374437018687479224e+02
2.337562930395731087e+02
2.433198634623599332e+02
2.032606909870818015e+02
2.142354379796502144e+02
1.636587555656288373e+02
1.695908395599187770e+02
1.108177698082059095e+02
8.586008729507193493e+01
2.328280522725463868e+02
2.438887415844704663e+02
2.257760499052079410e+02
1.922194513633074848e+02
2.188364685254123003e+02
1.421461130770622390e+02
1.475276736852241015e+02
1.070311752368556171e+02
7.066142497550282542e+01
2.617254474972286289e+02
2.688014042663087935e+02
2.604954456080347995e+02
2.242601300395339194e+02
2.404670254817592081e+02
2.736840999005742674e+02
1.857430735749439350e+02
1.905065673893772100e+02
1.353132276955810198e+02
1.306199577791898889e+02
1.083498663932451080e+02
6.682347957802539895e+01
2.529743980491323612e+02
2.686188006842574509e+02
2.784800516443930292e+02
2.129120627706577125e+02
2.362445042896547136e+02
2.381937481624265160e+02
1.671443255498725478e+02
1.644571607751051658e+02
1.247929736309800006e+02
1.406638539796757641e+02
9.060701873760535818e+01
6.540906946598373395e+01
2.772959098607883561e+02
2.891782143017520639e+02
2.982301229327276246e+02
2.742879494953209019e+02
2.424122430821321643e+02
2.586587785965850799e+02
2.869647861365543235e+02
2.083500645542027030e+02
2.047809611011506945e+02
2.063886862523029038e+02
1.537631269266999539e+02
1.592209743947563538e+02
1.228295770520444989e+02
1.285098186659714941e+02
9.107166382660452086e+01
5.840267186518804010e+01
2.690581841606838793e+02
2.855062084125345336e+02
3.011848117165917529e+02
3.398755333980624869e+02
2.350017080970371808e+02
2.489435724363234215e+02
2.497758367252154983e+02
1.901640186252901401e+02
1.927409024198193208e+02
1.814292401851823797e+02
1.434673803693314653e+02
1.593323315739312420e+02
1.206397175509872568e+02
1.129527134036332967e+02
8.751743848407365078e+01
5.755640870970631084e+01
2.660510321744195608e+02
2.751652918591141770e+02
2.991462627880849823e+02
2.992242866276767472e+02
2.312805528333471727e+02
2.308837301133469566e+02
2.211556308783906672e+02
1.736788060531284543e+02
1.822489428883473863e+02
1.995019331988796409e+02
1.468788200492370208e+02
1.407714127043237511e+02
1.161597012995765397e+02
1.270477847703680681e+02
8.270590300299841147e+01
5.280878946681171726e+01
2.891283233432588418e+02
2.992628484110459794e+02
3.153437140374271621e+02
3.466966365002361954e+02
2.569887176607740571e+02
2.723198501078193772e+02
2.625636114593984871e+02
2.621127043031123662e+02
2.090910783572947764e+02
2.139872120829416531e+02
2.166069593181110235e+02
1.707922306765282769e+02
1.744115982982008859e+02
1.778102500001321573e+02
1.457821474716685657e+02
1.474723884909688536e+02
1.136437470298117205e+02
1.235613594122150971e+02
7.402216341941519318e+01
5.884877823939845598e+01
2.703225072987141289e+02
2.812083522983835451e+02
2.931787729975170009e+02
2.918269102073576846e+02
2.341184005900105944e+02
2.353982147695406297e+02
2.337547111422600494e+02
2.180183825403725564e+02
1.880534367698365656e+02
1.874648915158507805e+02
2.028669086005456279e+02
1.584106515763440939e+02
1.576420062903854387e+02
1.443170868441717403e+02
1.281244859423704838e+02
1.410599123332873432e+02
9.430199719994776331e+01
9.659404246133951233e+01
6.357028153792594338e+01
4.035816147753968153e+01
2.609729167964459293e+02
2.766648258257214366e+02
2.721508379381990608e+02
2.583996676610498184e+02
2.216514069211918923e+02
2.179085849998986646e+02
2.241146156375271801e+02
2.431284989301345831e+02
1.819480341952890967e+02
1.884809268464881598e+02
1.778427521851037909e+02
1.502417037837880969e+02
1.564915306643865449e+02
1.678042435387074534e+02
1.225821284234444732e+02
1.314254721777494410e+02
8.485449895703831658e+01
8.614731533647817230e+01
5.866658448889794641e+01
7.659357201345152077e+01
2.555801251321512950e+02
2.490488519677636816e+02
2.507658236303824424e+02
2.518122308853601794e+02
2.082893107737392313e+02
2.094659723211578637e+02
2.114609095127833598e+02
2.134508374353463012e+02
1.756683180341383093e+02
1.788083012163775152e+02
1.765791530314857596e+02
1.437193010444217407e+02
1.571009806608552992e+02
1.664164732655341084e+02
1.120385350075219009e+02
1.124050154538770272e+02
7.464497305419288864e+01
8.012617177931109325e+01
7.743313003531105210e+01
2.518176883088081652e+01
1.201721431321947762e+02
1.292869592199393196e+02
1.168208999458985033e+02
1.297524513827378883e+02
1.374303326932453331e+02
1.088609852732610506e+02
1.292889486048365768e+02
1.478018915801315245e+02
1.469377638386906426e+02
1.335199404083222419e+02
1.277530748279761070e+02
1.488645628829410441e+02
1.649953696596146244e+02
1.699212943228662596e+02
1.147129056980631958e+02
1.264494444962453343e+02
1.478538573181986351e+02
1.732388856773321777e+02
1.937451731931245149e+02
1.470647919491544542e+02
1.191700444118143025e+02
1.254993608737167250e+02
1.466682895500408961e+02
1.773267940508343372e+02
2.094423783376646497e+02
1.734847504472831758e+02
1.527863514029120040e+02
1.163635993945860605e+02
1.247248962259288021e+02
1.453671899773166842e+02
1.788456670747750081e+02
2.187527456844912024e+02
1.929382413630463304e+02
1.813549493817856444e+02
1.374992688770256564e+02
1.057800961974510727e+02
1.242041928194254155e+02
1.445361834128318890e+02
1.800666183551192034e+02
2.264119627395729140e+02
2.108292828634104410e+02
2.132555278426540326e+02
1.742343300908640060e+02
1.408821245348847526e+02
1.200840948168980020e+02
1.235197957445002288e+02
1.429066894051709937e+02
1.785261202569241732e+02
2.268423440265901547e+02
2.174713269232562993e+02
2.294880605693550422e+02
1.952427387471259124e+02
1.596541107408871198e+02
1.373741993933419963e+02
1.028348972703301314e+02
1.230569580636669116e+02
1.418409467665044019e+02
1.776340125291604579e+02
2.276197528345787759e+02
2.232519279257705307e+02
2.440507002716101113e+02
2.161923546695460061e+02
1.817668060479610403e+02
1.601362446744357442e+02
1.247147333029527232e+02
1.158502224430270644e+02
1.227336178848586314e+02
1.411173164645035172e+02
1.770985980754760476e+02
2.284262016034838325e+02
2.279729860755572020e+02
2.562018451018598739e+02
2.348004160405480434e+02
2.030522977062948655e+02
1.827902004057047236e+02
1.454997055735356639e+02
1.380590644547837371e+02
1.009029936135370065e+02
1.225180635744018360e+02
1.406697570702330040e+02
1.769169065006595929e+02
2.295214728518515130e+02
2.323551724491500465e+02
2.671984203922147003e+02
2.523888040019187429e+02
2.251160930123247397e+02
2.091257634965134855e+02
1.728010324927310251e+02
1.733485564953619757e+02
1.275244022821640897e+02
8.886669332931865029e+01
1.222840834958430634e+02
1.401132975306473156e+02
1.763040991749718387e+02
2.293540816308390333e+02
2.342932229989619941e+02
2.736237005878076047e+02
2.638828365701340886e+02
2.402857133142523196e+02
2.276655984142991827e+02
1.923044598701136181e+02
1.994788066938799602e+02
1.475965981925103279e+02
1.043848678428488483e+02
7.743087770142125237e+01
1.221158998550210555e+02
1.397284076505118833e+02
1.759367314390191268e+02
2.294520310115077564e+02
2.361470182881687947e+02
2.793031904810417245e+02
2.740923487210504277e+02
2.542686224114711706e+02
2.455463751862139929e+02
2.119160057924839293e+02
2.267425505866233664e+02
1.704016163988068797e+02
1.231173894558867516e+02
9.264812484404097859e+01
7.692902476257459909e+01
1.220012491020773382e+02
1.394844672660740343e+02
1.757821269082185438e+02
2.298136674803707251e+02
2.380352050230057728e+02
2.845526784967535150e+02
2.834187768035566819e+02
2.673564373588791909e+02
2.628993737873215082e+02
2.316251755139907971e+02
2.549155616867205651e+02
1.950619963905494672e+02
1.430992328565731668e+02
1.064341801643079890e+02
8.894278084339148904e+01
5.956645845647688731e+01
1.218753967845541695e+02
1.391893564922938822e+02
1.754501786436118209e+02
2.296897986301960657e+02
2.389865316113272229e+02
2.879689722688638653e+02
2.901138687587521758e+02
2.773265042633610733e+02
2.768413909722836479e+02
2.484079195502952473e+02
2.806461993450404862e+02
2.200238174981527379e+02
1.662169509267282308e+02
1.267897918993037365e+02
1.125878923264222351e+02
8.084227502495718909e+01
5.466971442429546357e+01
1.217579973451258581e+02
1.389041124730478600e+02
1.750816076028945645e+02
2.293774903535200451e+02
2.394440891298671943e+02
2.902411403752741990e+02
2.949407635718868619e+02
2.847555239268172045e+02
2.874379782558761462e+02
2.614055522934423834e+02
3.012462140499655447e+02
2.403381891380232389e+02
1.851753313759486161e+02
1.427954536998003903e+02
1.300067916623102917e+02
9.363783315404550933e+01
6.162460358234725533e+01
7.035018897984015496e+01
1.216725673476878171e+02
1.387057404679491128e+02
1.748600948756306650e+02
2.292920618385893476e+02
2.400705930212770909e+02
2.925288903109986904e+02
2.995343909394482012e+02
2.918222011917859504e+02
2.977001392326810674e+02
2.742879494953209019e+02
3.220544810598798335e+02
2.617606442287187747e+02
2.061286493395959383e+02
1.619078256555949906e+02
1.519905874248189832e+02
1.127883468900182038e+02
8.621485704328975430e+01
5.319378039383549606e+01
1.216083498707440356e+02
1.385628336362434823e+02
1.747251718343585765e+02
2.293225526785815873e+02
2.407370643372534289e+02
2.946709160849619025e+02
3.037086541216619366e+02
2.982443598931805582e+02
3.071304317100962749e+02
2.863097115162008208e+02
3.417822806356118690e+02
2.826098524096026381e+02
2.270740058606100433e+02
1.816049119084719905e+02
1.750716278607176832e+02
1.334191914062267585e+02
1.044630410069954536e+02
7.052234214207371110e+01
5.101900870232915963e+01
1.215504040702541886e+02
1.384316529535189488e+02
1.745892057153161829e+02
2.293022386798602099e+02
2.412306651104220236e+02
2.963685474883518509e+02
3.071043292709808838e+02
3.035570838986369040e+02
3.150564322946292464e+02
2.966028624840792531e+02
3.590886852280512471e+02
3.014070330650087044e+02
2.465150337803349032e+02
2.004412074159772885e+02
1.977712750721123314e+02
1.544621079311714595e+02
1.261865956732857512e+02
9.234506181092056920e+01
6.721840793525633728e+01
5.176230475823472688e+01
1.215023431675380863e+02
1.383243493734293281e+02
1.744832041518750714e+02
2.293036588120863541e+02
2.416743246875767568e+02
2.978478830695237889e+02
3.100479923496034189e+02
3.081809864643755077e+02
3.220128942363141391e+02
3.057433838504190362e+02
3.746898378724363852e+02
3.187031768846283626e+02
2.648130532147529834e+02
2.186200604634635454e+02
2.201813043442788853e+02
1.758057803054465751e+02
1.502248455097731608e+02
1.170659658557007532e+02
8.902843499263902061e+01
6.993026485136154236e+01
6.746092431508955656e+01
1.213675069104443480e+02
1.379485229338804402e+02
1.737795072736964528e+02
2.280418244969288537e+02
2.402227178034050610e+02
2.961433659650952563e+02
3.085523690679527249e+02
3.068197816342395186e+02
3.205090158176010959e+02
3.042977633397402428e+02
3.741851100353457014e+02
3.188842761769594745e+02
2.656811037901604777e+02
2.186892892410275806e+02
2.204484892993272922e+02
1.753655248987189736e+02
1.436357482939484953e+02
1.133901872739673991e+02
8.269019659735336347e+01
5.914525430103695669e+01
4.739798871683741766e+01
3.242438369799465647e+01
1.213476294425920798e+02
1.379169423481457386e+02
1.738034941717845641e+02
2.282480355483529593e+02
2.408361007661050337e+02
2.976779430267669682e+02
3.113013165512206797e+02
3.109809596070792850e+02
3.266855478944755191e+02
3.123572242245747361e+02
3.878311637836209229e+02
3.341238860588514967e+02
2.819808142371995245e+02
2.351041831639786608e+02
2.408286108719964602e+02
1.948377718631297739e+02
1.645723171989020557e+02
1.345588288797825669e+02
1.007699105570189033e+02
7.407465831501984610e+01
6.060777494155540523e+01
4.319456938821709002e+01
6.334625972925638848e+01
1.500143507783130303e+02
1.213170638239275405e+02
1.378495324903576034e+02
1.737384322585515690e+02
2.282502156183899729e+02
2.411114928832459157e+02
2.985917797332756436e+02
3.131227973740996049e+02
3.138516635388708096e+02
3.310237201030714118e+02
3.181119349110558119e+02
3.979050526865145798e+02
3.456075238146512447e+02
2.945280609617346386e+02
2.478177825186064354e+02
2.568620075704452006e+02
2.102678694894347586e+02
1.804653881572133400e+02
1.511192187737347297e+02
1.146219801240116283e+02
8.523761261949977097e+01
6.980295463401124323e+01
5.017205224859572610e+01
7.327090507678647668e+01
1.640565780034190198e+02
1.788938181106207992e+01
1.113216934378393006e+02
1.471853302020210776e+02
1.974033489455911194e+02
2.148372368457269204e+02
2.729348525313273512e+02
2.925316150036605336e+02
2.976562476659506160e+02
3.171551275796038567e+02
3.073023247468511840e+02
3.888760141196468112e+02
3.410503632884614262e+02
2.933437811945672706e+02
2.482506098828652910e+02
2.588211302384185046e+02
2.127066079828301781e+02
1.664084006959874102e+02
1.532651623446997462e+02
1.161625008457604622e+02
8.628189433145963960e+01
7.049919627961143931e+01
5.056882398213268459e+01
7.367556737543793588e+01
1.793423296230617936e+01
1.171399681277837175e+02
1.621674678502695315e+02
1.846787265530154798e+02
2.428600581266891822e+02
2.678578540139963593e+02
2.779113778373902619e+02
2.999628104875050099e+02
2.935559750938516572e+02
3.766471148074184612e+02
3.341893661379897935e+02
2.906670984010724510e+02
2.477707815457789593e+02
2.602029426684787268e+02
2.149325277252346496e+02
1.687610762842839165e+02
1.848119485959036865e+02
1.178274149335959606e+02
8.742418103960612541e+01
7.126515669000464470e+01
5.100710256461799474e+01
7.412342241295640122e+01
1.798391414184418835e+01
1.183743698648528664e+02
1.460206804194083077e+02
2.032454678098653744e+02
2.340266627622869180e+02
2.499701790329127675e+02
2.751154050775728024e+02
2.732017895874785154e+02
3.569517633513125361e+02
3.216221124809196681e+02
2.838349671509947143e+02
2.444109247095070430e+02
2.592128865807237048e+02
2.156894561821237630e+02
1.702926570292457313e+02
1.863600989294457975e+02
1.574809310830467268e+02
8.850375087983829303e+01
7.200625019068959887e+01
5.143907654665696327e+01
7.457023880666322668e+01
1.803381341507806823e+01
1.193352063910797227e+02
1.023852971050696397e+02
1.576932617490606106e+02
1.944956364318931605e+02
2.168057690880938821e+02
2.452277465628720279e+02
2.482752820454242908e+02
3.318747265579960413e+02
3.048229113906085104e+02
2.738921406700396801e+02
2.388961507938857096e+02
2.565091046092770739e+02
2.154661458352573788e+02
1.713612117563017136e+02
1.875785734786124124e+02
1.593358392409877808e+02
1.208611101532912357e+02
7.279455900342408370e+01
5.190401486942024434e+01
7.505439460336893376e+01
1.808807692294757885e+01
1.259737262316786399e+02
1.636276513904571175e+02
1.896941650942699766e+02
2.194697073077478819e+02
2.254067233305586058e+02
3.083924887341567000e+02
2.889466647932635510e+02
2.647190259021073757e+02
2.546338323277576023e+02
2.161059678818369889e+02
1.732522866341633687e+02
1.895248452776353361e+02
1.619350907323495790e+02
1.229265047152713777e+02
9.113084825518966170e+01
5.250487894000868749e+01
7.567387005972440761e+01
1.815708398861339035e+01
1.183186253294219483e+02
1.505734456583123801e+02
1.830571210218773501e+02
1.931066103148986599e+02
2.734972354212946470e+02
2.637004738863203670e+02
2.481261278559994423e+02
2.235777712535766284e+02
2.134508374353463012e+02
1.731594492323751524e+02
1.898937205099676078e+02
1.636060292293909981e+02
1.245317786599634502e+02
9.242011965614103985e+01
7.475962288711369297e+01
5.306914562307239436e+01
7.626866609305344014e+01
1.822418062868372246e+01
1.170196164037503905e+02
1.501942116851531637e+02
1.615326690421238709e+02
2.378393290805795743e+02
2.369441368254327926e+02
2.300205980952028142e+02
2.118294156083848634e+02
2.398794015770065471e+02
2.102186746421819521e+02
1.729647022609347573e+02
1.902237984399691868e+02
1.655552831575853077e+02
1.264440478282600822e+02
9.397386316929956251e+01
7.588853600371034247e+01
5.375145003472500349e+01
7.698629572624589912e+01
1.830502142713305957e+01
1.200267272964148049e+02
1.279470521515297605e+02
1.973288133468728347e+02
2.046708350687171958e+02
2.066599707524320877e+02
1.955671778601739277e+02
2.274838660774509549e+02
2.038355241560001616e+02
1.708481833039232356e+02
1.889586868913137607e+02
1.666577198122731431e+02
1.280004888489751806e+02
9.542077672524099796e+01
7.699940557677827258e+01
5.444680636200409651e+01
7.773164096630209485e+01
1.838984310449196258e+01
1.007012004938461587e+02
1.591305606794056189e+02
1.716096491492435518e+02
1.810717398505115341e+02
1.764312035219213897e+02
2.116907688842051698e+02
1.947895862802204761e+02
1.670289755881118481e+02
1.861293342448492183e+02
1.669626887739678693e+02
1.292511752017240667e+02
9.681411800558814207e+01
7.813484178632293720e+01
5.518275241529683939e+01
7.853390744459925088e+01
1.848196304673947310e+01
1.272249734130172527e+02
1.424333944747075122e+02
1.576287477716863918e+02
1.575556850716230883e+02
1.952672038305138358e+02
1.849936070737012699e+02
1.628083073649360699e+02
1.826524169761906364e+02
1.672354391220929699e+02
1.307074067919375295e+02
9.849849759240116498e+01
7.951938023471380745e+01
5.608350866591736406e+01
7.951462585849904485e+01
1.859437930658700822e+01
1.086476310315370029e+02
1.305412748037724953e+02
1.350936177171169277e+02
1.743924767777488967e+02
1.714254363485697183e+02
1.559689632805135773e+02
1.766253022925068592e+02
1.660667004506961746e+02
1.315611588833818928e+02
1.000540268550052900e+02
8.093449909818394872e+01
5.705283263450384368e+01
8.059503399971211479e+01
1.871952439920036682e+01
1.132021426211145041e+02
1.179657427661649365e+02
1.574517656895600908e+02
1.604584245750755827e+02
1.512372754133340322e+02
1.716271773674720578e+02
1.664164732655341084e+02
1.337495686793853338e+02
1.027471164466736440e+02
8.318576451077140632e+01
5.852575448000811775e+01
8.219128752958037865e+01
1.890150900964534486e+01
9.763729458136722883e+01
1.328044518373532412e+02
1.418983985761776978e+02
1.404217128550755831e+02
1.603781200592198388e+02
1.622427100895150431e+02
1.334640399993205335e+02
1.043649471567556901e+02
8.501058127841513112e+01
5.989080444933663472e+01
8.376199812670996891e+01
1.908558363344364395e+01
9.866328298573280620e+01
1.146526603239857138e+02
1.225730900956253464e+02
1.418208153514763978e+02
1.521289378552239100e+02
1.296523918218619258e+02
1.043224598870118740e+02
8.613435686212366704e+01
6.105746514444339823e+01
8.526006776724908320e+01
1.926936829933545425e+01
8.515217965408216116e+01
1.017237811191706101e+02
1.182296705935755057e+02
1.369211849137961678e+02
1.222862424879640741e+02
1.025239181885790458e+02
8.654015437272869349e+01
6.207224615868796036e+01
8.677191109846907580e+01
1.946489628129096516e+01
8.153767230483605033e+01
9.325883999715644279e+01
1.195853614702621996e+02
1.128584000875954416e+02
9.990385310799949536e+01
8.690632834931656703e+01
6.339552586268334977e+01
8.880413690436482455e+01
1.973043557818390425e+01
6.434134827453132743e+01
9.606708606310093046e+01
9.728649669803779432e+01
9.331642094533454213e+01
8.528082116795513912e+01
6.416516905711979746e+01
9.071922303459633952e+01
2.001113278972810150e+01
6.713264416783684396e+01
7.437306766704234917e+01
8.087449318827583511e+01
8.012617177931109325e+01
6.371208729801799109e+01
9.214743109554116529e+01
2.028839222400501185e+01
6.668066680900331278e+01
7.522216943569013381e+01
7.757749738802334605e+01
6.498061569064380194e+01
9.579724458391731901e+01
2.085893778470657622e+01
5.595297856518889290e+01
6.620458901722840039e+01
6.263609664611114880e+01
9.804452465471240430e+01
2.146110503660769808e+01
5.202380394872372449e+01
5.667844925715370152e+01
9.817169758272154922e+01
2.214100032706866372e+01
4.861334855145583589e+01
9.388662850928521664e+01
2.291646519416709182e+01
2.427914971769381935e+01
8.573492336154791360e+01
2.518176883088081652e+01
