5.140921552276452644e+01
5.732538526971403314e+01
7.462037108120901507e+01
1.268416028866829492e+02
7.198856487646369828e+01
8.536902394662335780e+01
1.542293447715560433e+02
1.303391015997947591e+02
5.125300399370810567e+01
6.197551764675673525e+01
1.022277432423776418e+02
5.819967925647745943e+01
7.167165491014502265e+01
1.395873128470650784e+02
1.161511720992788668e+02
1.242867015377185709e+02
6.756466425016870403e+01
1.283528685908414388e+02
1.149725702084957533e+02
1.391983850730401002e+02
5.769247841025551793e+01
8.838064475888513982e+01
5.015246221861955433e+01
6.521958738000581945e+01
1.305613842655928636e+02
1.172767914814741346e+02
1.158590780819808543e+02
1.377285483344666943e+02
1.033030449815554448e+02
1.036556685199862216e+02
1.249330328549562097e+02
1.473007415193050065e+02
1.071193899589101193e+02
9.467452937300744509e+01
1.087633095030691237e+02
1.415003708210859941e+02
5.574851576201086090e+01
3.196222709169193976e+01
4.514836498476616811e+01
9.373270649898267948e+01
8.642277453099450213e+01
7.896040370079583681e+01
9.559112640553342999e+01
1.166969770081144020e+02
8.861050624378852092e+01
1.076729645951478886e+02
1.317325885466401871e+02
9.140499027981611846e+01
9.470286312114980376e+01
1.179759299975414990e+02
1.445638349985311777e+02
3.163793355216174419e+01
4.854446448995933849e+01
1.019463226071623581e+02
9.424696706768186516e+01
8.817027225474105023e+01
1.157067541595531281e+02
1.067148869878775912e+02
1.397333493849741899e+02
1.159732058978825933e+02
1.708237225637042513e+02
1.507840255286772049e+02
1.403262721960568911e+02
1.281848245632600083e+02
1.665622830076551111e+02
1.147389480298518265e+02
1.410023533490609111e+02
1.754230000979515580e+02
7.261758659338758548e+01
1.505937503743753041e+02
1.356275314771689011e+02
1.299073131468302051e+02
1.715177135600047222e+02
1.462567480351394806e+02
2.202048669877605960e+02
2.016619351288961184e+02
1.245193724062449405e+02
1.547279193607641332e+02
1.934077710152322993e+02
1.029603601281833960e+02
1.556315313707748658e+02
1.433642594168651669e+02
1.209477446114700001e+02
1.140968715239111901e+02
1.554365185568498475e+02
9.814266803592278166e+01
7.487344462117256683e+01
7.136838650558030395e+01
9.206818051872669173e+01
7.799955678471262388e+01
9.576350820681601306e+01
1.192971373350564193e+02
1.496939641504754945e+02
9.224875114260703413e+01
1.466270690411466262e+02
1.637522293745185777e+02
9.785284779592987547e+01
1.025819139715380288e+02
1.320587098596461999e+02
1.716377176501507620e+02
6.569761606291280032e+01
1.006129430787690922e+02
9.520902076530532554e+01
4.420488415928505077e+01
4.837201774775840590e+01
6.603396823402088955e+01
5.866568921557912120e+01
7.457811780885880637e+01
1.163647550397506336e+02
7.060099189592081359e+01
1.368772807778039180e+02
1.118659917318837245e+02
2.280135990205885435e+02
9.361103100438491253e+01
1.512405112975312704e+02
1.494428182236937062e+02
9.064838710541519617e+01
9.655762990709423832e+01
1.245451014848229363e+02
1.620017619102482342e+02
6.500951283474613263e+01
9.098765582047312250e+01
8.361696115290348530e+01
1.090883275734577040e+02
1.712735071391469148e+02
9.756451176112062740e+01
1.602637040472058061e+02
1.918267924722478313e+02
1.050974786098410334e+02
2.164685500781289988e+02
7.991435424518166997e+01
1.309837812022718992e+02
1.455945203316089760e+02
9.145846364171794107e+01
7.200612752461616139e+01
6.583335612519054791e+01
8.561440655806252664e+01
1.309301613527245252e+02
7.503056772381953010e+01
9.290244647489041085e+01
1.902326786313493301e+02
2.306233378351449801e+02
1.647160598876297399e+02
9.182283867451505444e+01
1.883576650609017804e+02
6.811098145810181848e+01
1.115840906496455176e+02
6.652636912544966208e+01
8.121242773887340149e+01
1.143301583103397263e+02
6.415953837526343762e+01
7.959360132230391116e+01
1.428829279591680006e+02
1.345867864176404680e+02
2.197158075895632692e+02
1.673789796550271376e+02
9.363735381784277934e+01
1.843515465388759083e+02
1.032609723837304472e+02
1.415696685875998639e+02
8.006797387325860882e+01
1.016546310020767407e+02
1.818975125150652161e+02
2.306979095254026504e+02
2.012075839263554826e+02
1.627913716064498146e+02
1.167039507182157934e+02
6.567298843254661733e+01
8.562361817090143745e+01
1.518780299187542084e+02
1.903974470312086282e+02
6.949080996099124263e+01
1.886203616319087928e+02
5.397536911520474945e+01
7.932895454273297275e+01
1.462949684617660182e+02
1.876055412859054172e+02
7.116604442774355732e+01
9.970114816586199424e+01
1.837667268775948912e+02
2.378787331695951082e+02
9.466558870601262754e+01
7.357434038856396796e+01
9.279316438423313684e+01
3.941157635588389496e+01
5.721454455833707442e+01
2.937617532933802167e+01
3.909114176242078997e+01
4.335054264884458064e+01
5.891850438399351475e+01
5.484183217575177594e+01
5.550372960962756252e+01
7.405922073397327665e+01
8.803812326871411642e+01
1.190829529754389000e+02
6.600250999949163599e+01
1.054790170118535286e+02
5.983243831602540297e+01
1.202504523759099300e+02
1.742736571493806252e+02
6.653700550119948787e+01
9.611630936251889068e+01
1.158286050479094200e+02
9.742763726437766536e+01
9.196708176820966685e+01
7.078995769851962905e+01
1.067323003213441268e+02
9.084760198340154602e+01
1.198063009751741390e+02
7.214460436311455283e+01
1.493670580020323371e+02
1.122730634480805492e+02
1.176155477031891508e+02
1.538970703595156522e+02
1.015718734046007086e+02
9.713593243881821593e+01
1.352096099954396777e+02
1.494015779190276021e+02
1.285156835661207992e+02
1.292580052282961560e+02
1.053201840674169745e+02
8.999989504591003708e+01
1.330188806572607803e+02
1.638492779632258589e+02
1.265168433736053970e+02
1.129884075317200995e+02
1.006752048730892426e+02
8.707411713597093694e+01
1.500305286598084535e+02
1.695731108273506038e+02
2.161394499176543604e+02
1.506388296595093266e+02
1.372052887006688309e+02
1.237924538906781322e+02
1.447690336370153261e+02
1.026002827770504524e+02
1.283728582820378961e+02
1.666440204701544872e+02
1.803407011644411284e+02
1.786473022999998648e+02
1.444394326701387570e+02
1.480409722970900361e+02
1.316598977120784468e+02
1.230843136852853661e+02
1.449039351554771713e+02
6.882586768577414205e+01
1.680416524944805872e+02
1.650239543116119876e+02
1.440212120704277652e+02
1.465103628445954200e+02
1.537360866537057689e+02
1.476517146082130409e+02
1.353774561337186810e+02
1.234575085938573551e+02
7.630571582130735919e+01
1.644210542929019141e+02
1.843515973128238272e+02
1.663527616141358010e+02
1.428906489984169355e+02
1.412269537690949903e+02
1.629479013113567873e+02
1.496145593591344038e+02
1.300936916602160238e+02
1.199397140308129650e+02
1.736546011518742034e+02
7.180261607208751684e+01
8.600476747542269607e+01
1.770248022135484121e+02
1.692386224567895567e+02
1.707096147509280115e+02
1.626319035114362919e+02
1.534882192773015674e+02
1.388159593873461120e+02
1.367510701491111718e+02
1.740151671249826961e+02
1.171910616295150049e+02
9.113279850683362326e+01
1.092683029297715080e+02
1.251752976635425938e+02
4.335054264884458064e+01
3.939116041516978584e+01
6.267405302112419463e+01
3.615370492941313785e+01
6.764814739151306355e+01
5.653561508293598337e+01
3.213963083866607917e+01
6.072302731870597370e+01
5.758255902075148214e+01
5.202337655134370209e+01
3.132552609566624824e+01
6.235024799560786590e+01
7.041637064426757320e+01
8.321900474216353416e+01
1.060517812628716285e+02
6.211121267691029146e+01
7.674345617066290970e+01
1.049410842505072026e+02
3.059282039651472829e+01
1.618953656065223186e+02
9.433835072874281025e+01
5.869681101389279831e+01
7.431660317121378512e+01
1.059380901141724678e+02
1.699852036896270420e+02
8.768194662997487399e+01
5.364074236616249181e+01
2.934017665066786051e+01
2.861808671173011831e+01
5.681115582519565521e+01
7.324232998224810842e+01
1.082748403650492293e+02
1.837562751349179848e+02
9.766418977280122249e+01
7.063864780422140655e+01
8.397513322240490652e+01
2.819359773597174268e+01
5.577278918528239871e+01
7.290640410798914672e+01
1.108650103752232638e+02
1.972094550908415442e+02
1.095570085493804129e+02
8.900368570823462733e+01
1.188830095251606309e+02
8.076751951696205367e+01
2.777385748039637292e+01
5.457279448962284363e+01
7.170077883264767138e+01
1.104404288046093967e+02
2.014845899980916215e+02
1.146534034393165626e+02
1.003049788827022581e+02
1.428530500553299021e+02
9.722632984954728386e+01
7.786097025035240904e+01
2.753156166221760870e+01
5.394437886501930990e+01
7.128634705067007360e+01
1.112202854494835833e+02
2.078985364892122050e+02
1.219690450137403701e+02
1.138476606482017814e+02
1.738077688980137907e+02
1.249809788868578408e+02
9.925835763124446487e+01
1.147148848422039009e+02
2.730009135142642762e+01
5.328321791943709940e+01
7.058160389996460538e+01
1.108517575103835071e+02
2.102531794817259083e+02
1.257066291373104292e+02
1.228043363377186523e+02
1.966279829511055084e+02
1.464927318339539681e+02
1.155634912296824552e+02
1.366564949815960404e+02
1.101504857544185398e+02
6.911405175512128096e+01
1.083555066850195772e+02
2.060306566722401840e+02
1.235065886422504065e+02
1.238748535917113713e+02
2.030187547264063141e+02
1.523228981489439207e+02
1.162602287534630534e+02
1.321415671312716995e+02
9.754207701108721551e+01
7.554784578933613659e+01
6.890586029878649299e+01
1.085878902704197912e+02
2.086213423678391052e+02
1.269441698853473639e+02
1.312084413179282194e+02
2.227523000045025299e+02
1.733554231721626877e+02
1.367070611761433270e+02
1.623437756522414759e+02
1.271902388413163010e+02
1.172692720089415701e+02
1.323953030770903752e+02
2.678948776083433359e+01
5.174896697874346785e+01
6.860539599692270940e+01
1.084417008234375288e+02
2.097597296988334392e+02
1.289221324331024618e+02
1.362700300729174501e+02
2.374823038703367502e+02
1.898523503640906824e+02
1.532010422289920939e+02
1.870445318661874410e+02
1.517899602287764935e+02
1.529331206181561242e+02
7.744549774318311108e+01
1.958614368768119220e+02
2.662033334242574512e+01
5.119621033106245278e+01
6.772650057183248862e+01
1.068209668896878526e+02
2.065479097184320096e+02
1.269448682914093069e+02
1.358216847008161778e+02
2.395967650558763467e+02
1.931101234681999586e+02
1.554736990710053988e+02
1.886005119523927647e+02
1.517503913179895108e+02
1.569234266001604396e+02
2.073221584621255431e+02
8.499331026187849147e+01
5.751377781213643203e+01
2.643571955505351312e+01
6.666826924839260471e+01
1.046946680598252186e+02
2.017080597475226966e+02
1.234032603085526603e+02
1.328993386007385595e+02
2.355908239486781781e+02
1.897345747106252531e+02
1.507425940236014981e+02
1.787668392564210933e+02
1.395968783855922766e+02
1.437631769449139938e+02
1.886857222280237636e+02
7.754555660761877789e+01
5.802769170332174298e+01
6.623317481725834455e+01
2.639474674699494372e+01
6.661078335422166674e+01
1.048348216330665537e+02
2.028331876999569658e+02
1.248750920416150336e+02
1.361507124005293008e+02
2.450526072041838859e+02
2.008197980975726864e+02
1.963898192127419122e+02
1.567601255303446521e+02
1.673119286444455440e+02
2.298010458867338173e+02
1.010721521274029868e+02
8.555743712923889177e+01
1.195325534898587136e+02
1.605010308715612553e+02
5.109431608984195350e+01
9.331060772865606623e+01
1.797165918613160329e+02
1.119240160679105145e+02
1.261640120733066510e+02
2.322923112029880031e+02
1.936479377242248745e+02
1.586656841704163980e+02
1.933390141749182192e+02
1.551198326043736131e+02
1.665149499607329346e+02
2.294429681017318217e+02
1.011694104223917066e+02
8.576962021813173465e+01
1.197627953050339471e+02
1.605778630819819739e+02
5.490785935052269195e+01
7.800742409791054399e+01
1.503600685893484297e+02
9.579905165461617855e+01
1.131272415106251685e+02
2.147387482794041205e+02
1.832288875398258767e+02
1.528892556190829737e+02
1.885283621794891644e+02
1.525154836981829760e+02
1.650807992886256841e+02
2.285873760596165880e+02
1.011685447212110205e+02
8.596191645818171878e+01
1.199939881044383156e+02
1.606540159075778149e+02
6.458030155829057151e+01
1.201951641975441021e+02
7.865188771084883967e+01
9.898139072004290995e+01
1.951746333108526414e+02
1.713166075620897573e+02
1.462164564536253692e+02
1.829401462883967326e+02
1.494988297842801899e+02
1.634632400199299411e+02
2.276899734507619826e+02
1.012247237106100215e+02
8.623668536634735915e+01
1.203081789700325857e+02
1.607592037941234651e+02
5.603143214610014411e+01
7.896417794293286363e+01
1.658295224171699260e+02
1.522923869244583841e+02
1.347723319898494481e+02
1.728907542335833227e+02
1.439266787765169795e+02
7.763287173667136187e+01
1.599938687367038312e+02
2.252183420105827167e+02
1.008984614583363708e+02
8.635736908073398865e+01
1.205378060234702247e+02
1.608334597608556180e+02
3.997730858964637690e+01
1.423815234727952088e+02
1.359333765275033272e+02
1.248047331248831853e+02
1.638769361672939624e+02
1.388159593873461120e+02
1.569972725092208634e+02
2.233332263991945013e+02
1.008634789516676022e+02
8.673345990108005310e+01
1.209932288933000564e+02
1.609865607214178738e+02
6.978037865232390402e+01
1.463148939797189314e+02
1.358231416283888393e+02
1.261956011631472592e+02
1.654156323134760953e+02
1.398775975689177642e+02
1.591741642385033799e+02
2.265379466146540608e+02
1.025451221567206943e+02
8.823017571257611280e+01
1.223205662911440896e+02
1.614437924589082343e+02
1.146982865208298108e+02
1.068978530264766675e+02
1.068271557429463456e+02
1.462963302035221318e+02
1.283860841158148958e+02
1.512587292197097213e+02
2.203445566780828813e+02
1.015764794585368094e+02
8.836968966348084109e+01
1.227308860297314652e+02
1.615765138113882244e+02
6.590168935247749005e+01
7.941170412700296311e+01
1.187541104696151706e+02
1.112785424216470318e+02
1.385026295562151688e+02
2.095276710027785896e+02
9.944664164719276300e+01
8.808611374203270827e+01
1.229535732774557886e+02
1.616466872928350540e+02
7.002901913054920158e+01
1.059242016185474569e+02
1.021584773272915641e+02
1.318657412541130896e+02
2.040709756081112118e+02
9.929525304300030086e+01
8.931816865599071775e+01
1.244233738868253880e+02
1.621392606078841823e+02
8.390969162498031153e+01
8.573412684672210560e+01
1.174573653857909363e+02
1.894487319921736628e+02
9.652515780856148808e+01
8.951763870960658664e+01
1.253883933485702471e+02
1.624553889862935137e+02
7.338991646426656246e+01
1.015810166443890381e+02
1.679576332554550504e+02
9.113279850683362326e+01
8.870947149585782654e+01
1.259348500661019585e+02
1.626133445197368133e+02
1.026530596110772962e+02
1.569453134897344739e+02
8.836199130607748486e+01
9.032748265730323567e+01
1.285964833210183826e+02
1.633922687538812681e+02
1.318050430257956975e+02
7.962314226552021523e+01
8.938759972491860140e+01
1.303870475920251408e+02
1.638775626220140396e+02
6.408227188471461488e+01
8.603308360395929810e+01
1.325131943946659590e+02
1.646017423448901411e+02
9.384217563661763961e+01
1.453547118298236569e+02
1.688249081807331606e+02
1.094505031133398774e+02
1.592432538164915172e+02
1.251752976635425938e+02
