6.05184614881150e+02
8.85249393296252e+02
9.98464559305243e+02
1.01978408074505e+03
1.00371812038387e+03
9.63496233972823e+02
9.09139687102619e+02
8.41967275490941e+02
7.63586800906525e+02
6.79086169096214e+02
5.94074965677349e+02
5.12624859427040e+02
4.38041505578597e+02
3.71433316763942e+02
3.14521490024330e+02
2.67316742826117e+02
2.28585495550352e+02
1.95846043939722e+02
1.69241417745022e+02
1.46332769159122e+02
1.26910341577252e+02
1.10550843861890e+02
9.50624206579812e+01
8.14942973056899e+01
6.96818172093882e+01
5.88430367669590e+01
4.95522353216913e+01
4.20421447365083e+01
3.55004031447989e+01
3.03609139755705e+01
2.61278079336760e+01
2.27208412239635e+01
1.97003562917289e+01
1.69334746420288e+01
1.39522457289770e+01
1.02059231466197e+01
5.04970484853696e+00
-2.02237597995434e+00
6.80385923316725e+02
9.64837037410367e+02
1.11555093891106e+03
1.18469047237906e+03
1.20008772681328e+03
1.17969849248598e+03
1.12825990858053e+03
1.04988469013821e+03
9.53364466389151e+02
8.48384488391534e+02
7.42417586502312e+02
6.41804842403310e+02
5.49466958982582e+02
4.68975731837008e+02
4.01184556065805e+02
3.44871477794502e+02
2.96722347792436e+02
2.57237743356549e+02
2.22918876478224e+02
1.93582423463971e+02
1.68684021395738e+02
1.44944292465239e+02
1.24012419228489e+02
1.05695482673689e+02
8.88299762033592e+01
7.43605067444634e+01
6.26247461314793e+01
5.24319015852496e+01
4.44297928209297e+01
3.78793392330824e+01
3.26550227032495e+01
2.81235937423285e+01
2.41124745606198e+01
2.00163582111350e+01
1.51619261213026e+01
8.73942455935744e+00
4.63223520223375e-01
6.29759779839059e+02
9.49370057027743e+02
1.14760670840767e+03
1.25437158532191e+03
1.30105005759820e+03
1.29633927973744e+03
1.24578642309287e+03
1.16087025638481e+03
1.05501810612661e+03
9.39346043130310e+02
8.23795426833175e+02
7.13800499846285e+02
6.15421796666694e+02
5.30958438024801e+02
4.59721091702155e+02
3.97942794758395e+02
3.46738170557070e+02
3.01726115470204e+02
2.62878689999869e+02
2.29627234831768e+02
1.97620007440111e+02
1.69181979319695e+02
1.44131277385166e+02
1.20956464662780e+02
1.00979318292179e+02
8.47341032393373e+01
7.06086603525181e+01
5.95055029207105e+01
5.04338756689769e+01
4.32248097002406e+01
3.70408625498761e+01
3.16656564106207e+01
2.63467361555908e+01
2.02815393998564e+01
1.24923439566156e+01
2.93048473983527e+00
6.35875205523878e+02
9.16957908428491e+02
1.12075286804952e+03
1.24837962322841e+03
1.30970820100538e+03
1.30946817229840e+03
1.25898314284783e+03
1.17337327913322e+03
1.06635790937707e+03
9.51139910826371e+02
8.35854707805000e+02
7.29250460041240e+02
6.35512624383893e+02
5.54973529116210e+02
4.83925195019108e+02
4.24302314613068e+02
3.71189773577046e+02
3.24846760242608e+02
2.84802923666211e+02
2.45814918858097e+02
2.10873945060711e+02
1.79863134929285e+02
1.50986603577390e+02
1.25971512857288e+02
1.05527665053749e+02
8.77248038280406e+01
7.36911905942381e+01
6.22219335549158e+01
5.31149391547249e+01
4.53457445417371e+01
3.86566368475775e+01
3.21568254719226e+01
2.49235297043829e+01
1.58282759998576e+01
5.04302008726415e+00
7.12697712903937e+02
8.94784333969277e+02
1.08122639451821e+03
1.21013721855182e+03
1.27045243452320e+03
1.26868751661086e+03
1.21860241446737e+03
1.13460757564868e+03
1.03221825957139e+03
9.22046270836022e+02
8.15492192275534e+02
7.18875032624910e+02
6.33938950051923e+02
5.57433208120801e+02
4.92285734026883e+02
4.33339405433235e+02
3.81255555321412e+02
3.35770681009531e+02
2.90894281136273e+02
2.50284967486051e+02
2.13940522428454e+02
1.79835566654528e+02
1.50114778912040e+02
1.25710202594521e+02
1.04369285245253e+02
8.75114227458056e+01
7.37059955500518e+01
6.27378168721722e+01
5.34066687271655e+01
4.54164772741380e+01
3.77426181110309e+01
2.93463559903576e+01
1.89571548368944e+01
6.96237393242793e+00
7.30559964513103e+02
8.71086662285764e+02
1.04376967232857e+03
1.16401275593453e+03
1.21814726347398e+03
1.21391337331978e+03
1.16371750157619e+03
1.08391993945417e+03
9.87029153953434e+02
8.86943958093060e+02
7.92305641689611e+02
7.06578972032748e+02
6.27299009790125e+02
5.58569131520275e+02
4.95193792846852e+02
4.38358321730034e+02
3.88110012808291e+02
3.37756365028264e+02
2.91685448617808e+02
2.50061270927789e+02
2.10650856065106e+02
1.76072132803440e+02
1.47522492791452e+02
1.22447203469824e+02
1.02557343997010e+02
8.62461386931217e+01
7.32619467462443e+01
6.22295711687805e+01
5.28151900057308e+01
4.38504094212779e+01
3.41713785016407e+01
2.23546329261392e+01
9.02900046541664e+00
7.43576603640697e+02
8.59738308914439e+02
1.01544536770803e+03
1.12484113719693e+03
1.17307957400952e+03
1.16557048191265e+03
1.11716470110727e+03
1.04111340320938e+03
9.53399181404234e+02
8.65092841298076e+02
7.81679903727306e+02
7.01749196779357e+02
6.30850794577755e+02
5.63888040550397e+02
5.02728924013388e+02
4.47854744756791e+02
3.91824912825619e+02
3.39896196756917e+02
2.92464645217617e+02
2.47083505620642e+02
2.06953127921593e+02
1.73614460786467e+02
1.44171215070270e+02
1.20724567058577e+02
1.01425682585803e+02
8.60468986231373e+01
7.29750908263899e+01
6.18457695926979e+01
5.13197783372251e+01
4.00837640356310e+01
2.65297704914023e+01
1.15916180456596e+01
7.27264250654268e+02
8.44170668472575e+02
9.89045605791280e+02
1.08973105525135e+03
1.13140419835266e+03
1.12314650269070e+03
1.07664047288222e+03
1.00874172669145e+03
9.32625799886696e+02
8.55939555941687e+02
7.78578650283893e+02
7.07780461320389e+02
6.38752471546242e+02
5.74212359657791e+02
5.15231527132985e+02
4.53592839274363e+02
3.95578332364747e+02
3.41901547045131e+02
2.89905406081923e+02
2.43504852718412e+02
2.04684410513668e+02
1.70173643659701e+02
1.42560391491564e+02
1.19748923468857e+02
1.01509399495508e+02
8.60096997332694e+01
7.28202328482386e+01
6.04093012583905e+01
4.72855203963375e+01
3.16198219812383e+01
1.47289170066592e+01
6.76460022780357e+02
8.22725087289279e+02
9.67152987834776e+02
1.05937271288299e+03
1.09764575345065e+03
1.08909815487865e+03
1.04927162154541e+03
9.92401575657010e+02
9.28049474342855e+02
8.57521924287322e+02
7.89941716204854e+02
7.21007929187249e+02
6.54501503772672e+02
5.92256203676772e+02
5.25242248628956e+02
4.60963715998705e+02
4.00562868807589e+02
3.41177414889628e+02
2.87612277766774e+02
2.42431774567761e+02
2.01950885974949e+02
1.69382124002487e+02
1.42350748992552e+02
1.20667099286466e+02
1.02194834450469e+02
8.64927974675044e+01
7.17606160909845e+01
5.62994844013524e+01
3.80076583013012e+01
1.86941455552656e+01
6.37557975013138e+02
8.10147413046110e+02
9.50040724278328e+02
1.03653648698644e+03
1.07180148580278e+03
1.06791827135060e+03
1.03819869918960e+03
9.93121085072019e+02
9.35097245839668e+02
8.75114587729659e+02
8.09517699826054e+02
7.43321568966251e+02
6.79336256441760e+02
6.07677507698620e+02
5.37288685257022e+02
4.69879059708644e+02
4.02396949837554e+02
3.40751384012530e+02
2.88262033410494e+02
2.40792401866347e+02
2.02357589084777e+02
1.70278388606205e+02
1.44437575411811e+02
1.22365718913027e+02
1.03570876018801e+02
8.59878954038997e+01
6.76270510761665e+01
4.60583472532655e+01
2.37242671411703e+01
6.60687445808302e+02
8.14463856639089e+02
9.42080248264281e+02
1.02098099804652e+03
1.05769194117051e+03
1.06226412902289e+03
1.04406603222657e+03
1.00552423303369e+03
9.58938755583472e+02
9.01272282056478e+02
8.38845247375141e+02
7.75611472985335e+02
7.00825406679936e+02
6.25062617945572e+02
5.50763230705238e+02
4.74717196474245e+02
4.04186679261073e+02
3.43465578467367e+02
2.87941063360758e+02
2.42653566868486e+02
2.04603350972887e+02
1.73799289549108e+02
1.47384820064647e+02
1.24847279349211e+02
1.03754566378535e+02
8.18232283560326e+01
5.61788013014300e+01
3.00841592349133e+01
5.88119103618130e+02
7.92862725938330e+02
9.24505986041178e+02
1.00247001692481e+03
1.04494622903245e+03
1.06020726477199e+03
1.04893374714607e+03
1.02317295281224e+03
9.80060275510497e+02
9.26937133424881e+02
8.68911107813651e+02
7.94469498781412e+02
7.15848288750394e+02
6.36342550275185e+02
5.52670291397816e+02
4.73625463913355e+02
4.04680374450324e+02
3.40798796225141e+02
2.88249878264933e+02
2.43751162334931e+02
2.07512779922779e+02
1.76278685030857e+02
1.49536354464696e+02
1.24470678228092e+02
9.84178063571417e+01
6.80473012261163e+01
3.75620256710985e+01
6.36399889015497e+02
8.02015102987398e+02
9.16646035415719e+02
9.93244602649415e+02
1.04319695238831e+03
1.06439404139517e+03
1.06613062272297e+03
1.04440561394328e+03
1.00672820267503e+03
9.59081774468459e+02
8.89143630002677e+02
8.10733610775127e+02
7.28126113714785e+02
6.38021471550320e+02
5.50951703418792e+02
4.73815059200902e+02
4.01207973535444e+02
3.40888501016728e+02
2.89337571381069e+02
2.47064846219040e+02
2.10397986484569e+02
1.78858548675827e+02
1.49197103078901e+02
1.18331367120200e+02
8.23393574394572e+01
4.66244580811741e+01
6.79412409153797e+02
8.09535703483663e+02
9.11206608818707e+02
9.89167154702195e+02
1.04242573824556e+03
1.07571057167572e+03
1.08171317080737e+03
1.06627639636686e+03
1.03534003741315e+03
9.75563579821406e+02
9.01961455646472e+02
8.19779038938604e+02
7.25771680630771e+02
6.32303490730369e+02
5.47917542162982e+02
4.66961038204707e+02
3.98923069439879e+02
3.40143557255028e+02
2.91553100805728e+02
2.49081518813461e+02
2.12334405509406e+02
1.77599606363967e+02
1.41326227279105e+02
9.89336146531734e+01
5.71862248710986e+01
7.06449360801069e+02
8.11880901169320e+02
9.06193959465810e+02
9.82768888470451e+02
1.04537666710536e+03
1.08225847126184e+03
1.09484848158181e+03
1.08715991064188e+03
1.04417040499048e+03
9.81218840911728e+02
9.04308184466477e+02
8.10242792432433e+02
7.13189519864367e+02
6.23478583902379e+02
5.35379306483756e+02
4.60317041086820e+02
3.94633796757938e+02
3.39821918554994e+02
2.91469660626353e+02
2.49332636970545e+02
2.09230004028047e+02
1.67108861081642e+02
1.17647909931313e+02
6.91726894316080e+01
7.18184529545540e+02
8.09956957234866e+02
8.97090525850408e+02
9.78263906394047e+02
1.04244892962704e+03
1.08517200967788e+03
1.10578284497632e+03
1.08614503249319e+03
1.04032731760583e+03
9.74501413829474e+02
8.85370957288684e+02
7.88650083894214e+02
6.96510231078676e+02
6.03332880792494e+02
5.22623374380360e+02
4.50909461626749e+02
3.90397403713515e+02
3.36428265448737e+02
2.88987607981140e+02
2.43444560905833e+02
1.95226571105683e+02
1.38203870270620e+02
8.24173028507522e+01
7.60573283919978e+02
8.15182433412002e+02
8.94853188893840e+02
9.73828284595029e+02
1.04227713032117e+03
1.09265414096746e+03
1.10136483459261e+03
1.07873658451731e+03
1.02992355796392e+03
9.51051929939771e+02
8.58949429904694e+02
7.67584967191780e+02
6.71627134552963e+02
5.86802143029100e+02
5.10016437762366e+02
4.44363989795575e+02
3.85038723423846e+02
3.32349588171179e+02
2.81229654329099e+02
2.26556216059088e+02
1.61294428755999e+02
9.74108297236392e+01
7.96411705431376e+02
8.22989990590307e+02
8.93236045492574e+02
9.74227283437077e+02
1.04981816133745e+03
1.08877022552763e+03
1.09428397074190e+03
1.06839615936916e+03
1.00558823768572e+03
9.23004650023227e+02
8.36201764090698e+02
7.40234597656058e+02
6.53187791898959e+02
5.72541550477542e+02
5.02475095139366e+02
4.38151519451949e+02
3.80314301061320e+02
3.23475824425214e+02
2.61922833269663e+02
1.87590180738281e+02
1.14632359892940e+02
7.92242128454953e+02
8.18693332765453e+02
8.92502629157948e+02
9.81093115165402e+02
1.04665962450074e+03
1.08260104418443e+03
1.08486552742322e+03
1.04434861944582e+03
9.77033314205426e+02
8.99487650209788e+02
8.07144329087063e+02
7.20462212018101e+02
6.37719673779759e+02
5.64379824559611e+02
4.95722556216466e+02
4.33057205866401e+02
3.70505796808652e+02
3.01724420028047e+02
2.17473777399525e+02
1.34384416704232e+02
7.87238589945375e+02
8.15915955730140e+02
8.97748930028528e+02
9.78450064382134e+02
1.04163803532654e+03
1.07473334064426e+03
1.06220799047623e+03
1.01639913843327e+03
9.53649199958336e+02
8.69496025895336e+02
7.86590638064654e+02
7.04191946522766e+02
6.29254723019655e+02
5.57341595282917e+02
4.90476995332328e+02
4.22442534563201e+02
3.46225898726136e+02
2.51251177928607e+02
1.56929610320551e+02
8.22266822285171e+02
8.33064446125592e+02
9.04225549660786e+02
9.83982507006247e+02
1.04623337541176e+03
1.06554250391885e+03
1.04705692004791e+03
1.00481794085189e+03
9.33625117086088e+02
8.58041103600228e+02
7.78408622230260e+02
7.03413682088162e+02
6.29066571997336e+02
5.58289807340100e+02
4.84529776995205e+02
3.99992298529143e+02
2.92453917552680e+02
1.84696073888366e+02
8.61800223783214e+02
8.44618634830483e+02
9.11551639450073e+02
9.92907670984220e+02
1.04409411834951e+03
1.05803740943674e+03
1.04295991721324e+03
9.91214826654241e+02
9.28250348216948e+02
8.55401222501735e+02
7.83216938862676e+02
7.08341087960483e+02
6.34808253084943e+02
5.55772540906416e+02
4.62565699071583e+02
3.40992355042760e+02
2.17762950137135e+02
8.56806657730156e+02
8.45562394950540e+02
9.21188573639509e+02
9.97603948608273e+02
1.04615607861367e+03
1.06447673625933e+03
1.03959891147375e+03
9.95887642688428e+02
9.35135854173978e+02
8.69707550465959e+02
7.97035721287361e+02
7.22475729894294e+02
6.38951682027136e+02
5.36773377642891e+02
3.99324419683933e+02
2.57972331032753e+02
8.22958762131403e+02
8.42227808382948e+02
9.26004601691226e+02
1.00612642200212e+03
1.06217802903169e+03
1.07207080036642e+03
1.05580555716562e+03
1.01432511889239e+03
9.61309069941426e+02
8.95011488425804e+02
8.22282158880442e+02
7.35860501599249e+02
6.24864129544048e+02
4.69655497415747e+02
3.07107673883422e+02
8.34884510854797e+02
8.41982846370191e+02
9.29100551744222e+02
1.01972129334552e+03
1.07004535398984e+03
1.08988095825993e+03
1.07673791484349e+03
1.04410935694313e+03
9.90754376525740e+02
9.24933959204801e+02
8.39286827633566e+02
7.21594549285791e+02
5.48660726167834e+02
3.63312451103780e+02
8.62474085618834e+02
8.50383712966135e+02
9.46590993517009e+02
1.03626773763333e+03
1.09927403377275e+03
1.12408501169016e+03
1.12120890489193e+03
1.08888887699790e+03
1.03636310749873e+03
9.56053114022005e+02
8.34051111966734e+02
6.42641818454523e+02
4.31424558613010e+02
8.39193875292532e+02
8.52368613989395e+02
9.57643707757774e+02
1.06489232787537e+03
1.13653763257329e+03
1.17433210416144e+03
1.17384364595280e+03
1.14401072461111e+03
1.07664925339178e+03
9.55690358352100e+02
7.47844727533686e+02
5.09685022913575e+02
7.92270801284469e+02
8.37659790209738e+02
9.67979784577268e+02
1.08793727409411e+03
1.17501734896019e+03
1.21778441390973e+03
1.22224140525804e+03
1.17871143367304e+03
1.06833396762503e+03
8.51337942276586e+02
5.90006006974470e+02
7.61367047925957e+02
8.35348762554206e+02
9.83779966906811e+02
1.12210077254644e+03
1.21742208847151e+03
1.26779646326093e+03
1.26017202418776e+03
1.17156439311054e+03
9.54137018737267e+02
6.74071337765847e+02
7.28264339334883e+02
8.38179931283536e+02
1.01260883965411e+03
1.16498550134848e+03
1.27188917565770e+03
1.31337090853727e+03
1.26012601008441e+03
1.05382702620274e+03
7.61537032714206e+02
6.88523485857916e+02
8.40436594799118e+02
1.03911595148829e+03
1.20710678315578e+03
1.30911347826594e+03
1.30692792251070e+03
1.12934980758480e+03
8.38432133942273e+02
6.01077043957182e+02
8.39263648817212e+02
1.07568858466211e+03
1.24858928819610e+03
1.31278087897723e+03
1.18247489559489e+03
9.07498596347120e+02
6.20471934913649e+02
8.78424865574402e+02
1.12553786354011e+03
1.27014602821528e+03
1.20752256805988e+03
9.66162531412010e+02
6.24837823468545e+02
9.24324712691196e+02
1.16371814543366e+03
1.19242904290080e+03
1.00731916355203e+03
7.39185682347750e+02
9.94534669679764e+02
1.12618926843515e+03
1.02349578597094e+03
8.73718026841048e+02
1.01776433275134e+03
1.00893528898304e+03
9.31831673251072e+02
9.45405139387480e+02
7.93375793093291e+02
