3.853271951090109582e+01
3.634030260836105697e+01
6.602480237646692274e+01
1.048782803474792900e+02
6.053175711822694183e+01
6.919252373387790556e+01
1.280356348275484777e+02
1.111347974554622340e+02
3.805868710099339580e+01
6.324595799829931764e+01
9.794606649131200982e+01
5.663224597067020483e+01
6.745676778420602204e+01
1.393921232013456404e+02
1.102350235300212660e+02
1.226249285713623323e+02
5.683179289222423591e+01
1.098734564195329995e+02
9.987595851665881241e+01
1.100026418540213200e+02
6.134748274153139391e+01
7.853480073072941536e+01
4.164431125166655789e+01
5.076487931400360765e+01
1.052244693916622396e+02
8.547802560807002692e+01
8.825438807282573350e+01
9.937350564697753441e+01
9.021858959620584528e+01
9.575955079205228060e+01
1.108556652522830035e+02
1.320701827132843675e+02
1.005471221801353749e+02
8.312469520627081465e+01
9.762678623008650902e+01
1.164890260965690345e+02
5.358347665839620078e+01
3.178593263864951268e+01
4.394321626328269303e+01
9.786697745594121045e+01
8.353356829986351784e+01
8.191551108267888992e+01
1.004840603500687166e+02
1.116573796561087732e+02
8.728741481193824825e+01
1.079252645243601876e+02
1.208183930471816865e+02
8.848884003801194353e+01
9.939862810432332196e+01
1.226000769908595771e+02
1.546038318205069970e+02
2.752845744765523861e+01
4.349325145668392167e+01
1.028664381667928467e+02
9.130758093162097566e+01
9.350860061183662708e+01
1.228832458559804053e+02
1.179261970826648138e+02
1.451385158085716682e+02
1.180358774992057675e+02
1.500514562146545074e+02
1.406711387402683897e+02
1.335669827736572302e+02
1.270946767677028646e+02
1.555532097295641734e+02
1.073626710904575248e+02
1.371303690195072988e+02
1.614702881388282663e+02
5.668107767307140676e+01
1.297066627132666667e+02
1.108755715315807748e+02
1.152717510792083999e+02
1.523795695848495768e+02
1.423212316089099829e+02
1.873591691549075051e+02
1.838217874226308197e+02
1.121669684038405137e+02
1.383078667777154465e+02
1.840805616846419639e+02
1.056300604557875999e+02
1.397423850777003054e+02
1.376730096598905959e+02
1.105467858655678839e+02
1.078639199401645499e+02
1.383434404821101964e+02
9.557405543224832911e+01
6.746187655301316966e+01
6.793636639062816585e+01
8.665694111064932770e+01
7.913152498604081586e+01
8.706524759642151423e+01
1.077119864691962476e+02
1.436914840332297558e+02
8.939137834583868880e+01
1.331187761058781973e+02
1.424553744826741877e+02
9.466626699650321086e+01
9.010538903093892316e+01
1.154455099707122088e+02
1.600600841736552979e+02
6.449428400980679044e+01
8.711686130343086631e+01
8.753063728729337356e+01
3.846033050971860234e+01
4.373400274371925889e+01
5.901349388930924533e+01
5.612816972865506671e+01
6.439284309377110560e+01
9.639543190816695528e+01
6.472779830591402117e+01
1.280755442932180301e+02
1.026428227840709297e+02
2.153305133273125591e+02
9.085513722100309053e+01
1.379620978804817639e+02
1.260351891427994389e+02
8.473814428704906732e+01
8.375854213785119384e+01
1.077940577600335104e+02
1.489463223208695695e+02
5.670196481221935869e+01
8.051316627439958040e+01
7.902010451772029853e+01
9.479726287654438011e+01
1.438468169045074490e+02
9.268600575375670303e+01
1.428292281576150629e+02
1.691735726750087565e+02
9.371230692733705325e+01
1.981120594293145984e+02
7.364408108405031328e+01
1.132000511022023659e+02
1.184253825201274992e+02
8.237348397523817312e+01
6.011075498101481429e+01
5.722199140335470702e+01
7.005912138637847875e+01
1.039080562440564961e+02
6.699520965715178988e+01
7.921930012079249650e+01
1.647169142781760343e+02
2.260240602919592448e+02
1.415944772537197309e+02
8.121735721648150275e+01
1.695226557651241421e+02
6.225036850662831256e+01
9.573791791283159114e+01
5.367696293740143432e+01
6.628807825463570680e+01
9.343276778619024014e+01
5.954083517082265331e+01
7.108520618339454700e+01
1.228383877156425399e+02
1.317883881606410341e+02
2.086493729768461947e+02
1.418416466634573965e+02
8.355245886211405093e+01
1.651816377611621363e+02
8.505668070643859835e+01
1.163811743481085443e+02
7.423157288240261664e+01
9.066950789131830390e+01
1.549438053151103816e+02
2.171375659961052804e+02
1.974369020710708185e+02
1.461768886922245656e+02
1.014432535487126046e+02
6.557375252527585019e+01
8.336749392547504556e+01
1.411685285588870897e+02
1.943502883973782218e+02
7.813640915056576830e+01
1.684919187891005663e+02
4.231439587932255364e+01
6.189603552520607366e+01
1.094670474610959303e+02
1.537262573577869205e+02
6.425357207979983798e+01
7.580489870067656000e+01
1.342303130828683493e+02
1.866286241836833142e+02
8.118450462677020596e+01
6.814952608626074948e+01
8.866691266814268602e+01
4.056130459631769014e+01
5.045102336204693927e+01
2.799250451803223072e+01
3.695027676961082364e+01
3.784639087383281719e+01
4.869306427458881359e+01
4.619149712471158864e+01
5.459477989465244718e+01
6.529455923624557556e+01
7.633875727468539196e+01
1.087044453730409543e+02
6.210670958684235643e+01
9.431319996275367146e+01
5.047326656185916960e+01
1.103602244349943646e+02
1.528736581566578536e+02
6.102839747333063514e+01
8.860282227677275557e+01
1.046851359133304271e+02
9.102442691029558830e+01
8.420539212878249202e+01
6.066676316738097086e+01
9.699020174601947986e+01
8.041758134033200633e+01
1.065373884948093917e+02
6.200455665170547093e+01
1.336882263178675032e+02
1.013003766923139324e+02
1.049586702637371474e+02
1.424074850684664000e+02
8.912028766107026456e+01
8.279409198174195694e+01
1.223895179389623564e+02
1.371404915981986221e+02
1.178893504561941796e+02
1.136517219121826088e+02
9.474938126755567680e+01
7.994848180473887567e+01
1.209775095304131725e+02
1.485160828933993571e+02
1.157230269234126752e+02
1.065006935054797736e+02
9.631184355826884769e+01
7.103479211402192561e+01
1.381845484369828512e+02
1.545924802963418472e+02
2.036148214245430097e+02
1.399866842392094668e+02
1.252770407401016683e+02
1.197080770437192569e+02
1.356811549625993223e+02
9.155708953160291230e+01
1.040305937825091149e+02
1.555020186493504184e+02
1.685301278040651596e+02
1.594323515389623651e+02
1.391127785566060311e+02
1.419130764315160604e+02
1.216829110805224019e+02
1.257463907455883003e+02
1.172661968557191443e+02
6.240108293779650950e+01
1.612364391143129581e+02
1.542381292306939713e+02
1.385336793746078854e+02
1.403975178753345290e+02
1.545840687025170155e+02
1.318710433706105789e+02
1.189672779775186768e+02
1.077024988306103239e+02
6.344856788260673852e+01
1.587362745565779676e+02
1.753493001118656025e+02
1.554333110876000319e+02
1.366523593326122921e+02
1.420347175383920160e+02
1.584956626300854055e+02
1.396101315161457705e+02
1.275375588269827745e+02
1.068858565934725107e+02
1.471442930674074887e+02
6.866909691993754450e+01
7.515178916026047773e+01
1.702133829805665357e+02
1.661195710349306864e+02
1.672932441552184173e+02
1.538826648944135798e+02
1.512498452780612013e+02
1.502983509642466515e+02
1.280684030618591862e+02
1.522543958827288009e+02
1.047285726056962858e+02
8.892003908083857766e+01
9.582657271230601737e+01
1.063083547196511489e+02
3.784639087383281719e+01
3.774002880459603659e+01
5.377016034118702237e+01
3.407892096229908674e+01
4.619424999728744297e+01
5.224912081462420588e+01
3.019595574466790922e+01
3.539217813368873777e+01
5.046442602408983902e+01
4.847679342428688898e+01
2.936910972307200396e+01
3.442972640169322318e+01
5.982095518270927670e+01
8.053393096556466446e+01
8.795769053057362896e+01
3.307040077271679479e+01
6.379619227724541020e+01
1.037383483067282128e+02
2.867710137931688408e+01
1.401972002797498931e+02
9.034095766398981198e+01
2.740289383866410233e+01
2.947149377114278579e+01
5.893166593584113144e+01
1.040260389554624254e+02
1.477065035997931943e+02
8.118681223329886620e+01
4.745961008611282494e+01
2.766870473032658495e+01
5.674889717378832898e+01
1.065681761305809658e+02
1.624689597716704554e+02
9.188327481629137594e+01
6.367098013749203744e+01
7.487248833509644896e+01
2.673835842339579472e+01
2.651130298611381875e+01
5.527064891723269824e+01
1.082506959140023213e+02
1.742603284137382218e+02
1.027137728760790907e+02
8.011436386224255557e+01
1.083168248040128958e+02
2.630758080694577572e+01
6.829749620043540403e+01
2.589265186341611980e+01
2.537203646680219293e+01
5.326371991955094387e+01
1.069679788202712558e+02
1.779011090728218392e+02
1.073926925697181787e+02
9.049566936116936233e+01
1.322075555912028619e+02
8.367626178765780764e+01
6.496925365547137687e+01
2.562464097780647521e+01
2.465094670772036523e+01
5.204188638220755081e+01
1.065227130406649536e+02
1.820332116504894771e+02
1.130332565716676214e+02
1.016732920372602393e+02
1.600014742671779970e+02
1.070642140863938891e+02
8.628453721350874162e+01
9.715740594454179302e+01
2.541092186927609831e+01
2.407450132103839024e+01
5.099202315118230899e+01
1.057579047918653430e+02
1.841997421760399902e+02
1.167367790047742346e+02
1.101762932012344294e+02
1.829922499682138266e+02
1.272850181450717599e+02
1.043510750837943988e+02
1.203287121134615631e+02
1.004928381780131588e+02
2.336225145248745960e+01
4.942055795966631138e+01
1.031512022367464851e+02
1.812247993888637154e+02
1.155836628931990759e+02
1.124682880246288335e+02
1.928595485764315072e+02
1.360429003907427159e+02
1.105203509053445003e+02
1.239561942341020142e+02
9.866429617951126829e+01
6.044467637951598249e+01
4.891685177758432701e+01
1.029145603920031817e+02
1.829959977502961124e+02
1.184792814315948135e+02
1.188930240754676362e+02
2.116051256102166747e+02
1.548321206768002014e+02
1.305275231159116061e+02
1.527966358689151036e+02
1.294497198326837122e+02
9.550978841855199164e+01
1.021618083076577790e+02
2.494377099316882251e+01
2.281402017290690409e+01
4.842708730594651456e+01
1.024717241773666956e+02
1.837960824345923925e+02
1.202844944684574813e+02
1.235760340484815600e+02
2.263163592177135683e+02
1.703362359442805882e+02
1.476938115311777722e+02
1.780820335762076070e+02
1.567208938669134284e+02
1.271057054313446741e+02
1.533245075882390438e+02
7.326915825851187947e+01
2.478904666948916002e+01
2.239592090951250114e+01
4.744883475208414580e+01
1.005933228025217403e+02
1.809172507149863236e+02
1.186162379225462473e+02
1.236185189929414463e+02
2.301445689479593000e+02
1.753162612735034713e+02
1.531717436173452711e+02
1.850869346078403623e+02
1.632354517418849582e+02
1.377181161930649296e+02
1.714252766219255477e+02
8.325653649729001415e+01
5.180071252947068672e+01
2.459696106589293763e+01
2.187568742971147273e+01
4.615005421780733030e+01
9.774949961699368828e+01
1.755225691345474672e+02
1.145551833271443769e+02
1.202993026233593810e+02
2.256900075400704395e+02
1.720382295479081733e+02
1.493551492230606641e+02
1.775997738487224922e+02
1.534503309177797803e+02
1.308510957802190262e+02
1.621514627701983784e+02
7.808959110480134314e+01
5.436280690639944879e+01
6.074366710534754787e+01
2.454634919043354913e+01
2.174341503940165055e+01
4.589736318296998263e+01
9.749866977086441011e+01
1.758470681290760069e+02
1.154225641857328384e+02
1.227027993056116060e+02
2.337808806661232097e+02
1.812413634931976958e+02
1.944093003824787615e+02
1.718893567330474639e+02
1.524547192742499817e+02
1.975604187136433154e+02
1.012431172218510653e+02
7.969943807575124595e+01
1.074641155318090568e+02
1.328798416564635829e+02
3.286834986329736097e+01
4.121693359604365270e+01
8.549415738028436351e+01
1.542583994937976968e+02
1.019806569576380042e+02
1.121794521461483924e+02
2.191059481861691438e+02
1.728153708773392054e+02
1.550301546018337149e+02
1.898050357254730613e+02
1.690070155957899658e+02
1.511773492135341428e+02
1.967744606395202425e+02
1.011442335492087636e+02
7.980246878315237780e+01
1.076051356183540975e+02
1.329504411491408007e+02
3.912646930673929546e+01
7.462881376845010095e+01
1.329245626319014093e+02
8.836966551146615245e+01
1.014800172636363556e+02
2.040122747785560762e+02
1.640650585039392979e+02
1.495666110662252777e+02
1.850178815877363547e+02
1.659941660980855431e+02
1.499529469317997723e+02
1.961203277538111536e+02
1.011336919796258655e+02
7.999087404463303130e+01
1.078227670989160316e+02
1.330549499220532539e+02
6.585014017251387486e+01
1.064540218568496357e+02
7.081744995403408893e+01
8.650506009836762189e+01
1.810524735810985533e+02
1.498706777337473568e+02
1.401030547677994491e+02
1.764672597500486688e+02
1.605635984454714560e+02
1.472336854448243741e+02
1.942290705991819664e+02
1.007519876509248320e+02
8.002194280917605340e+01
1.079442918995152922e+02
1.331237149082559483e+02
5.190933010052751229e+01
7.068143881739514711e+01
1.569921906728381202e+02
1.350070974575708647e+02
1.302035898445158182e+02
1.674781342113153073e+02
1.548125762326988877e+02
7.154316860488262364e+01
1.445036617105230334e+02
1.924768821565310475e+02
1.004971452484278842e+02
8.018946267439719122e+01
1.081916687262163776e+02
1.332488139301595993e+02
3.586342936457951680e+01
1.371266080440938708e+02
1.226920721205457454e+02
1.223557080370647725e+02
1.604495108330725088e+02
1.502983509642466515e+02
1.429444216885782453e+02
1.919967338246877375e+02
1.007960029102474806e+02
8.075580934120669951e+01
1.087635215207000385e+02
1.335114897717725739e+02
5.698731505756099835e+01
1.335730029507719792e+02
1.184252756012295862e+02
1.204252225545169779e+02
1.588249710714835032e+02
1.491608785536667767e+02
1.442099725189781623e+02
1.943381127798726311e+02
1.022280519687188871e+02
8.207964465822281852e+01
1.099229374689592476e+02
1.340149596013924906e+02
1.086333605026308646e+02
9.423924648019307426e+01
1.018828140218955411e+02
1.400130859408242827e+02
1.361555936020613728e+02
1.370766744442495053e+02
1.891736305625630337e+02
1.012249959416361236e+02
8.222969598058932661e+01
1.103105184600662625e+02
1.342231184429796542e+02
5.776630032450431429e+01
7.461089803589099745e+01
1.122176408854125640e+02
1.165182499869312522e+02
1.249852789754115605e+02
1.795220393405655557e+02
9.887425178763221822e+01
8.188228663828913056e+01
1.104556277235413972e+02
1.343587601498642528e+02
6.294321507124772097e+01
9.756776577436890818e+01
1.041548711259679294e+02
1.181739699530439083e+02
1.744333206853340243e+02
9.837593941306595013e+01
8.292552575253937164e+01
1.117084374788780821e+02
1.349428181859726692e+02
7.325631229877662065e+01
8.293442607378523235e+01
1.031850702128416657e+02
1.603339750565655208e+02
9.479344695182138025e+01
8.272019347148108181e+01
1.122936379612324771e+02
1.353059189826258262e+02
6.413235655606756325e+01
8.702312449340494993e+01
1.411938199826729203e+02
8.892003908083857766e+01
8.177232230991646134e+01
1.126230563515222229e+02
1.356147430362995578e+02
8.577546688286081178e+01
1.308395198412390243e+02
8.524202502297715967e+01
8.288426147233431607e+01
1.146358524415121565e+02
1.365474154008059315e+02
1.124744323858613768e+02
7.766653149623530794e+01
8.298250765338951851e+01
1.166761310809802552e+02
1.375858243129409573e+02
5.624544240956232954e+01
7.594561951772399766e+01
1.157149609504642740e+02
1.380784654019404343e+02
7.586659264168403638e+01
1.203542768025488385e+02
1.408765131495642038e+02
9.424064088886680679e+01
1.342963616753064002e+02
1.063083547196511489e+02
