9.636678299371615708e+01
1.274697457760939869e+02
9.693184934489157456e+01
1.972462691814411073e+02
1.676232861753250063e+02
1.177871171103367232e+02
2.018802456136560863e+02
2.301335500876762694e+02
1.069444657817814033e+02
7.962030021906377897e+01
1.497533050955237570e+02
1.182503874119888678e+02
8.378408397270000307e+01
1.529405036726009257e+02
1.414179469314991309e+02
2.066704322052603970e+02
6.886518917591087074e+01
1.190035306323390358e+02
1.329336818431423239e+02
2.614185733359812502e+02
6.449056794235730194e+01
1.128168768730406271e+02
8.313027164418051029e+01
6.034496935152053254e+01
1.105266508112533330e+02
9.295843157179753291e+01
1.190138753675629033e+02
1.847427512435450296e+02
1.029867487534625070e+02
1.325559353775714726e+02
2.076639012883473185e+02
1.980489446660182580e+02
1.135900067310740269e+02
1.056018954107030083e+02
1.527994738697534274e+02
2.201910369921283461e+02
1.162016856811949168e+02
8.110331390478053493e+01
6.197858136856819300e+01
1.153388566410099969e+02
9.903734435781385059e+01
1.219774400234836236e+02
1.209706288934346929e+02
2.330142356496006357e+02
9.478362604849786521e+01
9.549667536256401945e+01
1.864995081584187062e+02
7.216857472339145829e+01
9.242542397979906355e+01
1.466958911191153732e+02
1.463810648820027609e+02
4.136421614951517967e+01
3.412395083716975819e+01
6.437565960903322093e+01
5.682656330331521843e+01
6.903419684846771531e+01
7.454381844687435432e+01
1.013999694580747928e+02
1.269910734713959215e+02
9.950354487172984363e+01
2.457129329023190962e+02
2.001774086261571881e+02
1.132643593858724529e+02
1.542150308456191681e+02
1.930601709616739470e+02
1.005163441684434247e+02
1.022264688822085503e+02
1.952569158977418056e+02
5.279852071622354970e+01
1.042430271267174504e+02
9.754540924369655386e+01
1.184930278982325405e+02
1.300809704025582505e+02
1.120972683911966072e+02
2.688652012883380280e+02
2.253039270249296351e+02
2.497717583217191475e+02
1.820338460208515983e+02
2.073164363387982405e+02
1.019434105457873301e+02
2.340377279371474799e+02
1.935807979558984186e+02
1.281041289396885929e+02
1.736495583036314372e+02
2.160928069195579155e+02
1.201545076921364483e+02
1.061895234388242528e+02
1.185337457780196644e+02
1.269756617521913000e+02
1.122003852421895971e+02
2.630307354667877462e+02
1.896004964699489790e+02
2.260067201110745714e+02
1.098539630370299278e+02
2.278299670817644085e+02
1.850836594122123131e+02
1.530194767981976440e+02
2.045311897826217375e+02
1.515878044902349302e+02
1.854870389540174074e+02
7.878691920819014172e+01
1.768093217300424840e+02
1.532317202072041482e+02
5.058122618405372606e+01
5.657782551913223301e+01
6.317341818778965745e+01
5.969629208728407832e+01
1.368178265326755536e+02
1.185664749457311729e+02
1.017005799752557209e+02
1.020281670976156221e+02
2.256837198957389603e+02
1.614666905160601402e+02
1.053317866064560491e+02
2.213554200127605611e+02
1.712152371485535980e+02
1.490579732168813507e+02
1.850284690214521106e+02
1.322144388222223768e+02
1.710910476111399134e+02
7.854151292543608065e+01
9.350072235652370978e+01
9.708464758544404560e+01
2.125380390398030102e+02
1.793348802491039464e+02
1.118638568169526195e+02
2.400939835144899064e+02
2.117539426063385406e+02
2.042266730255404923e+02
1.541328367715198908e+02
8.662091311114242842e+01
1.873026063805360764e+02
1.388825180291804031e+02
1.309230608295380023e+02
5.766836159898576852e+01
6.954186272248706757e+01
1.427994586161353539e+02
1.157830541784336589e+02
7.769605129874850036e+01
1.651787500247121727e+02
1.314141388185452115e+02
7.692612513733408264e+01
2.154511510598366328e+02
2.009170354799489928e+02
1.625380282274988417e+02
9.060903861738586329e+01
1.997277392774514624e+02
1.005982320390534852e+02
1.785012904891075607e+02
1.318660252515352056e+02
9.798235871052406765e+01
2.087905049088206795e+02
2.340522527902205070e+02
1.105417961322290807e+02
7.528340323718428806e+01
1.985933821032699598e+02
1.748150195110493996e+02
1.553697925146136924e+02
1.191796998753793702e+02
8.051796646707376226e+01
7.079361090766455789e+01
1.554160981355921933e+02
1.848851077178510138e+02
7.413257261992380620e+01
5.788656587949422772e+01
1.181782200867930470e+02
1.916254519600414241e+01
2.466564358088840336e+01
6.067572436783066081e+01
8.003764951804237171e+01
3.494148777985217436e+01
5.697034194998279588e+01
6.940797138347717521e+01
5.684739477949898401e+01
1.283312365174008676e+02
1.826373261618346646e+02
8.906172648098083755e+01
1.321129303229910192e+02
1.097771696125070378e+02
1.458575532755899644e+02
8.232170430713779297e+01
1.004013018305452078e+02
2.165304546482336079e+01
1.788801986372435593e+01
2.321335249917934362e+01
5.577331843758972241e+01
3.814804536916742705e+01
1.656525744121685051e+01
8.802167971697330984e+01
8.422851585535121899e+01
1.105488526521506998e+02
5.876623116279496628e+01
9.256959780208791244e+01
1.006382174658351261e+02
1.109256750884557476e+02
9.230967121791599084e+01
1.344738163978512659e+02
5.571521677064257005e+01
1.408384070200130509e+02
1.788489683760652724e+02
9.605097797742847376e+01
1.050918981748452268e+02
1.430107545220627117e+02
1.615394214131331125e+02
9.339885672661559113e+01
7.005613003364250346e+01
1.339332972383344895e+02
9.518840510899202911e+01
1.123192018034236952e+02
1.019834171689082041e+02
1.793498052707938086e+02
1.550137801145644403e+02
1.280959084489660995e+02
1.700654194014863094e+02
1.314357490184883659e+02
9.225122659058281727e+01
1.478108845180635456e+02
1.461530017984236451e+02
1.309771390913915923e+02
1.129147361048710536e+02
1.057609282992392110e+02
6.132181430254912158e+01
1.392068527663238910e+02
1.514116243652131288e+02
1.245444920946191871e+02
1.434110051538062862e+02
8.436687495999932196e+01
1.138937990540631517e+02
1.694764540374884803e+02
1.557412390764185659e+02
2.016658438175686285e+02
1.574383618750192966e+02
1.552829889405544179e+02
1.209181818317418760e+02
1.432195039702445172e+02
1.193217289944897033e+02
8.383846368978355201e+01
1.558135629102305018e+02
1.734292176848730946e+02
1.453891436882362314e+02
1.213118903013249508e+02
1.498036630216442973e+02
1.303552901833812712e+02
8.297700718182474589e+01
1.572445698512537433e+02
3.983258003589737939e+01
1.394821129029233759e+02
1.499145446249299880e+02
1.670553026462040123e+02
1.377591167463922091e+02
1.116122875753584367e+02
1.338541577556693198e+02
1.876708999491713428e+02
8.052215739136197215e+01
8.448017498629542388e+01
1.501922727768499897e+02
1.774248364352753811e+02
1.701388052069036405e+02
1.542660204785838687e+02
1.415179192910914594e+02
1.604294509235325563e+02
1.523891530542603050e+02
1.581280933208034583e+02
1.289464954678737456e+02
1.483940345773439731e+02
6.157149748334860107e+01
4.241522386121864940e+01
1.757347986763841163e+02
1.546434702585640935e+02
1.831636743093932012e+02
1.578773065688531290e+02
1.599208482733931476e+02
9.965888511499926494e+01
1.289169465182751537e+02
1.925775240357890539e+02
1.061509827831095834e+02
6.963979514541284743e+01
8.726364185656346706e+01
2.734200652545429122e+01
8.802167971697330984e+01
7.847299309658609445e+01
7.814333990794065699e+01
7.830483031446946995e+01
9.175192952978476058e+01
1.101897059304885431e+02
8.471678712899000629e+01
1.021843042307667702e+02
4.984077497701883175e+01
7.393943784803748542e+01
7.254576602295924204e+01
8.496076695767514764e+01
1.127557885214436340e+02
6.291361374737115852e+01
8.286135349472223766e+01
8.701006014303166580e+01
1.254694532857617872e+02
8.094364996230842735e+01
1.326353196490595394e+02
7.234019096292477968e+01
1.249051382088075286e+02
8.583514761694274853e+01
1.269144434249557207e+02
8.647789350167616362e+01
1.529610963895389091e+02
1.332360453744558697e+02
5.927824577337423761e+01
7.140771003993204147e+01
8.560542826227113267e+01
1.293882740573168348e+02
9.240614023859755832e+01
1.751675881107294686e+02
1.543258430804800980e+02
7.494599597604170071e+01
9.623296670684307230e+01
7.097165055299956293e+01
7.047693735882994304e+01
8.494309792428569494e+01
1.298236276714738153e+02
9.541819265605793987e+01
1.893279937924572778e+02
1.705227915887496977e+02
9.010334401775121194e+01
1.289194562699970561e+02
7.359951574593875989e+01
7.006930271178242720e+01
8.433722221600255864e+01
1.297758736325205291e+02
9.724801312800317987e+01
1.991877387321894730e+02
1.832162835438017510e+02
1.033545806366326190e+02
1.593519568759028857e+02
1.034409519471510350e+02
1.226139376544314956e+02
6.987188513894727748e+01
8.417093410246590679e+01
1.304560246837028785e+02
9.942854164633286018e+01
2.093018480314681824e+02
1.973906160767303106e+02
1.175532733283508549e+02
1.918898170461672237e+02
1.334064299188674454e+02
1.642812289166200230e+02
1.137217840842241685e+02
6.920236280371639737e+01
8.266208992269389455e+01
1.273037563836536350e+02
9.678922270864144650e+01
2.034361821039912002e+02
1.880233734546305300e+02
1.131552843837042417e+02
1.846024745434704357e+02
1.282697255089701400e+02
1.514242238089116199e+02
1.032584856735084742e+02
2.933503142391628771e+01
6.871748858888476263e+01
8.160649506203746739e+01
1.251901896462657078e+02
9.515424121373516186e+01
2.002581202225274524e+02
1.835428482435133901e+02
1.122549791144580666e+02
1.859303804680531869e+02
1.329477975980303768e+02
1.624759927767213981e+02
1.241522064075704748e+02
4.890011272611257453e+01
8.846168349190152469e+01
6.856847602575588496e+01
8.138172429662242280e+01
1.250773142421039523e+02
9.561111126977645824e+01
2.031098227955716595e+02
1.877182884437899304e+02
1.175100543598696845e+02
1.997886236719100452e+02
1.479808218633938850e+02
1.877845928982806925e+02
1.550962800477676069e+02
7.145193425730180081e+01
1.495530665318687227e+02
1.163862625060022253e+02
6.823675755188854453e+01
8.064810863471252844e+01
1.235334138184168324e+02
9.426814477102051626e+01
1.998359676936471772e+02
1.825898405095017267e+02
1.147101351042394271e+02
1.946731924517025902e+02
1.444497298821825950e+02
1.817110135243723903e+02
1.549602100391396675e+02
7.781992157775809460e+01
1.694905664543668706e+02
1.291978533436838177e+02
2.345500047845251146e+01
6.798532852720164499e+01
8.009670936255861307e+01
1.223773112078741008e+02
9.325868718278213976e+01
1.972918253366543979e+02
1.783382743110637989e+02
1.120957433100007563e+02
1.889203223378800089e+02
1.390833573025115868e+02
1.701737949993034249e+02
1.459001654624372293e+02
7.688797139493830457e+01
1.615821048257961365e+02
1.134147409946028091e+02
2.692664782948255109e+01
5.210156291481377622e+01
6.795913323842752618e+01
8.011315434328808749e+01
1.226465000871360616e+02
9.384164174252079249e+01
1.997477357018138093e+02
1.817576317484385129e+02
1.157500134326272558e+02
1.979621526796102842e+02
1.484023966551024216e+02
1.842628449170585156e+02
1.626617849295867586e+02
9.007942531427286781e+01
1.926812287498831040e+02
1.323723713156818178e+02
3.555099532773574111e+01
4.489564207832232512e+01
1.813247986716163140e+01
6.788074152954746410e+01
7.998386921151097795e+01
1.225048203930541604e+02
9.390670196865075070e+01
2.004536513118353298e+02
1.826383232514332633e+02
1.171668561838233984e+02
2.017711246959398750e+02
1.526031426668816664e+02
1.900664745362274743e+02
1.709074063996619941e+02
9.818308711685055812e+01
2.123290239104098873e+02
1.463538097960491484e+02
4.315962732300226179e+01
5.138045870574262608e+01
2.120696477527383195e+01
1.841329802122662729e+00
9.084412144803702915e+01
1.249440780829344533e+02
9.506365880926860257e+01
1.994820113940841111e+02
1.789634623991344426e+02
1.172906003533778687e+02
2.040988662440196322e+02
1.560040538105768917e+02
1.940615386074924231e+02
1.762108492579870074e+02
1.026631044736307388e+02
2.218163760643111289e+02
1.529252388994572129e+02
4.539723624955026793e+01
5.392434019295853886e+01
2.228100350732643520e+01
1.938590166403453274e+00
1.130215160881382133e+02
8.752107765010748608e+01
1.806440574488550794e+02
1.607390274656030158e+02
1.092750688292026240e+02
1.944122183163916873e+02
1.518086448407055684e+02
1.904253434667864155e+02
1.759019185414734920e+02
1.045223209235815460e+02
2.268861672008533219e+02
1.571197543493202602e+02
4.705351009011448582e+01
5.590801621421021395e+01
2.315027918899949100e+01
2.018897480982313919e+00
7.231696527849614142e+01
1.476489287658073692e+02
1.315847563629404817e+02
9.482995800809425191e+01
1.749173518338193958e+02
1.411797434087295642e+02
1.802063906403067790e+02
1.706836220428292563e+02
1.041223042022516978e+02
2.282917195309702834e+02
1.594612696189191468e+02
4.830189851667074663e+01
5.753386186404112834e+01
2.390041712821786035e+01
2.089953896935420996e+00
1.268912905218409009e+02
1.071168469145150510e+02
8.261518904053473022e+01
1.576811189603309344e+02
1.317353499151529945e+02
1.702972712924920415e+02
1.657273509474356388e+02
1.043435179783047317e+02
2.309653669166139025e+02
1.628408510950274035e+02
5.003719202954430756e+01
5.975232972441467183e+01
2.491765735262234216e+01
2.186134871299350024e+00
6.373544762392011620e+01
5.924615153003175294e+01
1.234277156387497598e+02
1.106215573475528231e+02
1.486355608003095199e+02
1.513530910280956618e+02
9.965888511499926494e+01
2.255458743839724889e+02
1.620084004863209088e+02
5.075070580081897731e+01
6.104556552259923308e+01
2.560929836509785318e+01
2.255759106117673163e+00
5.501184217319895708e+01
1.142431257028577818e+02
1.059009374746742793e+02
1.404212379171678435e+02
1.470706840890354954e+02
1.014330638924465688e+02
2.306417088696876192e+02
1.674380661676025568e+02
5.371909086445845105e+01
6.482675284162432661e+01
2.735833770132067144e+01
2.422016480446298914e+00
1.181291144030424363e+02
1.060379682113559312e+02
1.326859851481579824e+02
1.418315029411828334e+02
1.034332320001793875e+02
2.346855389525212559e+02
1.723355872601669603e+02
5.708404573518335212e+01
6.924621323674421092e+01
2.945999890272747379e+01
2.624461578036086262e+00
6.977145699637146947e+01
9.697931041661647100e+01
1.148379633698392013e+02
9.270333784568947522e+01
2.184029905166129026e+02
1.667407553444107009e+02
5.784958738886815155e+01
7.146083533013643319e+01
3.082762203417540903e+01
2.769100662714576888e+00
8.495189960134547391e+01
1.049787304312950482e+02
9.414830157786128950e+01
2.170808685061178949e+02
1.685392561487676062e+02
6.220365744810648323e+01
7.789948316281630980e+01
3.415073661556489526e+01
3.101311703548101484e+00
8.302426102892349036e+01
1.939431975117222180e+02
1.579919297478466831e+02
6.397251019846720510e+01
8.274500512536995700e+01
3.725322345263649737e+01
3.435951621370999742e+00
7.430415749034325756e+01
1.871794402587237300e+02
1.505172392112812929e+02
6.963979514541284743e+01
9.302260016763709416e+01
4.340261987768675311e+01
4.092749544156956354e+00
9.432927432410187407e+01
1.213052103390096477e+02
6.992876546779976366e+01
1.008195475573255635e+02
5.013563110902694575e+01
4.894286957602251853e+00
1.438909165231533507e+02
5.250871505560104424e+01
9.278777274494586891e+01
5.243972326700068010e+01
5.434651013104259576e+00
5.751225324150274787e+01
5.513969266501912614e+01
1.046604095494201232e+02
6.983750374896395385e+01
7.986690381316849496e+00
1.227202114668514454e+01
1.075826914487796699e+02
8.888094529619792183e+01
5.534056688002645075e+01
1.298501934187913776e+01
2.734200652545429122e+01
