9.605134752166338785e+01
1.138633616700092546e+02
1.454947684129045342e+02
1.547516015093568171e+02
1.934245209151502252e+02
2.133634861135022334e+02
2.334670729999232606e+02
2.774312552681768125e+02
9.746919656433288992e+01
1.233458410573726667e+02
1.344400953710643023e+02
1.693772782788163340e+02
1.884886595250286803e+02
1.943603552082940951e+02
2.232865270607201751e+02
2.802605096490690926e+02
1.654601954928879479e+02
1.871526992167783021e+02
2.305542592087061280e+02
2.499232581523787076e+02
2.620660540452865348e+02
9.338022967183178480e+01
1.051092045122304626e+02
1.349048346274005041e+02
1.522941575007499182e+02
1.601052277990563084e+02
1.934223391925663122e+02
2.052266290061592713e+02
2.338259636769894882e+02
1.855338507340185004e+02
1.989493643367879656e+02
2.296221696193670709e+02
2.477923960044240914e+02
2.391674626020591461e+02
1.420733175547848646e+02
1.687429437608923308e+02
2.215176106374728420e+02
2.259866435886136458e+02
2.318297533536098740e+02
8.130322601360040835e+01
1.064445504949316899e+02
1.224728772572093902e+02
1.317659548174914619e+02
1.613086544528290744e+02
1.498990284004083833e+02
2.099663301559032789e+02
2.030139942283112475e+02
1.577498926305144380e+02
2.220048830137462232e+02
2.156641375827067861e+02
2.411697167567220390e+02
2.593740681292817953e+02
1.639802745159533686e+02
1.764511317807521777e+02
2.106831444931717954e+02
2.329543903447050184e+02
2.305757694195789611e+02
1.088455023243425472e+02
1.234547930561250979e+02
1.349175955566861376e+02
1.655071192075251645e+02
1.542884445980155874e+02
2.169845243221972169e+02
2.181366246100506316e+02
2.257865860273331577e+02
2.126671426101945315e+02
2.013404327797188387e+02
2.321415565180317060e+02
2.335054880133596953e+02
1.922831745647623336e+02
1.954626100177972319e+02
2.044315182261238704e+02
2.246054647290260959e+02
2.391909668429834426e+02
1.318524508699802027e+02
1.909001935883078716e+02
1.925645345573291536e+02
2.226722453241732183e+02
2.462141092639398039e+02
8.990611648074194306e+01
1.019060244745195263e+02
1.266124421654327818e+02
1.190248364026874270e+02
1.700127520211557623e+02
1.771034841951287149e+02
1.700965696825870168e+02
1.995215926423352357e+02
1.878874816663989691e+02
1.974171019294768712e+02
2.219271392363651216e+02
2.260306909947017857e+02
1.866919425906352217e+02
1.806182696008833375e+02
2.131469396537491434e+02
2.206448456777755780e+02
1.689324234316913191e+02
1.755624277546685050e+02
1.880374920026188477e+02
2.125598780858915973e+02
2.321669802112582772e+02
1.001740119083525542e+02
1.164408650067424560e+02
1.683144453391979027e+02
1.777281647520201489e+02
1.736992288328126790e+02
1.843264596824512580e+02
2.115197217368292115e+02
2.072742299957118348e+02
2.197347627177792333e+02
2.237906486537241904e+02
2.558566638349530535e+02
1.724760745436062166e+02
2.034715315685373298e+02
2.151276202422785104e+02
2.107437875526758830e+02
1.638159185092750363e+02
1.747975231686006055e+02
2.018851132525229275e+02
2.119686046580929712e+02
1.060539589205439768e+02
9.915360541870586530e+01
1.455517968239529978e+02
1.559864083649169402e+02
1.547083446839464784e+02
1.560255746374121202e+02
1.857629659364540657e+02
2.003310240777529998e+02
1.959529518405670956e+02
1.997713272657541097e+02
2.110519953890295426e+02
2.372361615769429477e+02
1.781903255689746857e+02
1.926524916615093446e+02
2.010447253481010250e+02
2.357948308875299688e+02
1.922817553115399960e+02
1.340035923017801451e+02
1.458869120985081906e+02
1.741617336973453689e+02
1.892803485022985228e+02
7.434312766061947286e+01
1.104123903451539093e+02
1.209209398746864110e+02
1.221660024436124701e+02
1.247245883122647427e+02
1.460762680347641549e+02
1.596089195451783382e+02
1.693506790592230118e+02
1.878881980057135195e+02
1.921455455856117567e+02
1.967129599186969813e+02
1.727758936346351106e+02
1.786610852407473260e+02
1.933242012791304205e+02
2.224325236439557330e+02
1.512691567998852236e+02
1.664473834794377751e+02
1.778835857003182639e+02
2.144160165584169988e+02
1.222004724128882884e+02
1.481199025210453613e+02
1.653240340231973562e+02
1.728734346618491884e+02
1.017174403948620807e+02
1.135927220706953591e+02
1.172010990018984415e+02
1.207571894516275819e+02
1.420521746288416125e+02
1.540643779676063616e+02
1.607197040123062095e+02
1.775834711169573552e+02
1.930593028335060239e+02
1.887067556598312308e+02
2.389535931448381234e+02
1.639732827889914972e+02
1.838131653373872609e+02
1.769661933243799297e+02
1.740072712226944418e+02
1.381147693304824600e+02
1.450537756802312970e+02
1.616002667917666145e+02
1.912771573243669252e+02
1.219951016646367492e+02
1.363765761588232976e+02
1.492457453262655065e+02
1.849920133911754476e+02
8.883152035663678703e+01
9.188400377448523670e+01
9.464891549842265306e+01
1.105301889013595655e+02
1.203483629411648508e+02
1.272036279215498382e+02
1.321620316640961335e+02
1.414903469218442353e+02
1.801408295896069944e+02
1.786150253646633530e+02
2.293116067007614163e+02
1.734205181304972427e+02
1.717443163862562869e+02
2.204511030286060134e+02
1.455099949346371773e+02
1.660802793628633083e+02
1.629471909049214560e+02
1.394998942095419636e+02
1.459856162517239966e+02
1.578650193534825235e+02
1.258375915198035244e+02
1.329599652168242301e+02
1.514859905257654873e+02
1.834078648980182606e+02
9.628505345977227137e+01
1.002776564890261426e+02
1.172042054244652007e+02
1.289754211329683926e+02
1.377808504739349189e+02
1.363601346178833751e+02
1.583971392048608209e+02
1.585892241438580186e+02
1.647824478212091321e+02
1.636653236178941597e+02
1.494841521542794851e+02
1.504779120484039936e+02
1.964306477083030700e+02
1.212864341360361919e+02
1.418779092858107731e+02
1.429008643300268204e+02
1.211149986971667545e+02
1.284072577809802169e+02
1.441002881414560477e+02
8.529281164387576553e+01
9.559541348809618455e+01
1.045371288232526865e+02
1.115880623488110359e+02
1.103500017968693498e+02
1.296320558247619772e+02
1.320200293161554157e+02
1.747067242391636341e+02
1.514637359107611019e+02
2.265856844754423207e+02
1.393981586086371749e+02
1.408058196364732169e+02
1.315170714090513968e+02
1.344665604134017372e+02
1.813144620371756730e+02
1.213526268727399753e+02
1.250136459842735519e+02
1.673509504500958371e+02
9.412580097449499306e+01
1.130272202777821207e+02
1.173051852107669646e+02
7.630533474385389070e+01
8.152840477693790433e+01
8.652518703324112437e+01
8.485083069178762116e+01
1.009168715199554214e+02
1.033412327473442502e+02
1.061259557935035502e+02
1.454555612219854197e+02
1.289466697564749893e+02
2.146944380913587338e+02
1.249531958615866643e+02
1.894886490558551770e+02
1.133051573092447057e+02
1.164480955036405305e+02
1.006650810579145769e+02
1.045409084349767426e+02
1.450524953898282376e+02
8.979910433789251556e+01
9.343222001038742519e+01
1.264584847518125912e+02
6.757998318437321927e+01
7.090567767189426718e+01
6.914212667836000037e+01
8.344331362895495374e+01
8.605520433289598259e+01
8.782241027920809984e+01
9.061194323003569195e+01
1.386002383543728342e+02
2.703663747540666691e+02
1.094490456296518204e+02
1.856564457439600631e+02
1.054093117226316423e+02
1.618657925073647164e+02
8.964220903300616783e+01
9.328942169823275776e+01
8.340260339967178993e+01
8.734036874675977913e+01
1.238568879707483319e+02
6.444721808132462115e+01
6.312818660950727434e+01
7.851196278486807500e+01
8.188619013505815758e+01
8.451077843701973791e+01
8.872268582645965296e+01
1.364668763302233856e+02
2.249733219425854998e+02
8.980922731516109536e+01
1.555454306633218380e+02
8.215174895561956703e+01
1.275284349099562888e+02
7.519495954137484262e+01
8.008849947484668519e+01
4.863914310162424215e+01
6.315546866013923477e+01
6.677797247574824269e+01
6.986976377682415773e+01
7.421844244566391069e+01
7.535239037200919654e+01
1.326977371135189969e+02
7.831435790079068227e+01
1.835411583232924499e+02
7.345382141246616925e+01
1.303431566619867112e+02
6.786852006771042056e+01
1.064888255048218753e+02
5.889577905723282925e+01
6.095384882504141189e+01
6.423804662583171421e+01
6.607242642684728651e+01
1.553824511750942179e+02
6.894345503068949199e+01
6.441167776704033088e+01
1.493023365625478505e+02
6.070934854379510170e+01
1.091957606706075694e+02
5.495358148541580334e+01
5.576404476874584049e+01
5.764295438815633332e+01
5.455901914840595168e+01
5.276698602303877550e+01
4.504331368538260705e+01
4.587195764083651994e+01
4.897199596181112469e+01
1.139511981098699778e+02
4.771478940641048183e+01
6.159167496582509926e+01
4.261422641165552250e+01
3.954394358213134808e+01
4.191249569356059368e+01
9.310584295633692875e+01
3.969832581211690581e+01
5.160786107901147801e+01
4.187172154412969860e+01
8.187144715915997040e+01
3.508047570565724982e+01
4.524606312171246714e+01
7.381829435599402700e+01
3.151814766389038880e+01
4.025061645040286606e+01
2.292918593746859202e+01
2.961182947759171569e+01
1.177901489245453490e+02
1.100161375143783715e+02
1.047500415893825902e+02
1.182534047104619503e+02
1.537165357587492167e+02
1.016537664807546690e+02
1.527579850345417185e+02
1.183138076235110390e+02
1.517456209287782656e+02
1.130516387263871678e+02
1.913755034002884656e+02
1.861789398295271951e+02
1.516012704058067868e+02
1.021071560084406684e+02
1.943090797965581942e+02
2.110021801101577523e+02
1.498296268154621202e+02
1.163246892576167255e+02
1.877319615169817268e+02
2.023509498703403153e+02
1.430344816737051588e+02
9.334062574809124158e+01
2.154896427244235610e+02
2.369478641999941999e+02
1.792671548086171640e+02
1.770978903335556822e+02
1.365918695209786904e+02
1.120028099158250399e+02
2.194818844719598872e+02
2.237785153612479689e+02
1.695406580394263756e+02
1.917359706048502801e+02
1.361948477038824592e+02
1.008703529434341704e+02
2.081368083788347576e+02
2.200975040610742326e+02
1.744629301957747600e+02
1.599279140043866221e+02
1.420591701299715623e+02
9.388185946883422162e+01
2.418597079965001342e+02
2.552240124057115906e+02
2.446469759097772396e+02
2.052734684721931444e+02
2.077704432543571897e+02
1.694696677925792869e+02
1.967350627894608976e+02
1.271924475102105419e+02
8.450159680128325590e+01
2.420475634732473225e+02
2.400149147078174110e+02
2.644270143730914242e+02
2.062274182736521198e+02
2.110371547522777860e+02
1.687317667997516253e+02
1.789461882904136871e+02
1.095448065539606404e+02
8.091630787910430911e+01
2.353899891159107653e+02
2.476775139834404627e+02
2.212281098677030968e+02
1.918862377464465965e+02
2.200380356725545994e+02
1.479113442215244447e+02
1.512060904850119414e+02
1.073588377407440078e+02
7.025638780043475151e+01
2.680734941247805523e+02
2.742006549536777129e+02
2.710576699683173842e+02
2.283836082379081631e+02
2.406019858922585684e+02
2.711240959478613490e+02
1.906797845677915575e+02
1.975683430208571849e+02
1.393690989453481563e+02
1.382024784709409460e+02
1.069690815978780449e+02
6.977631454841534264e+01
2.589499590857134308e+02
2.767003231132521250e+02
2.770608392305370558e+02
2.162425517698840451e+02
2.406175337232650122e+02
2.482099909600214005e+02
1.773106822927174164e+02
1.744450869390036587e+02
1.310191367525526971e+02
1.424401392828468147e+02
9.851267587474397658e+01
6.041151132250090683e+01
2.866016108987298594e+02
2.984451362049094882e+02
3.079748597574838982e+02
2.728672481734827784e+02
2.507039638962922083e+02
2.627194162460712050e+02
2.931340651235759651e+02
1.638418338009709032e+02
1.686998451063857090e+02
1.316250717856777612e+02
1.376352466303247013e+02
8.923191586682854393e+01
5.991923560543833815e+01
2.783100907067908452e+02
2.959189635341253961e+02
3.060299804866551767e+02
3.414263306004644960e+02
2.403429707198700669e+02
2.566903093546596892e+02
2.598956973166418152e+02
2.020066800571771353e+02
2.020619902627697400e+02
1.947997461725910568e+02
1.593652918265481162e+02
1.709226639417007902e+02
1.248165013775354453e+02
1.314946244012895136e+02
8.319794207502880568e+01
5.541836880141510591e+01
2.769851131980511809e+02
2.832167289562283372e+02
3.082989591185157110e+02
3.152777784136376908e+02
2.416464093166286773e+02
2.420036111523805005e+02
2.325777502306374913e+02
1.924461830207089008e+02
1.985448753549595722e+02
2.094618211970276036e+02
1.553631938512749286e+02
1.631706696432657111e+02
1.178888205685649240e+02
1.192367560058201690e+02
8.140103158828117103e+01
5.313968736510081214e+01
3.027417979487983075e+02
3.147980480536055552e+02
3.252510733424822433e+02
3.593238358374523500e+02
2.691865396463624052e+02
2.847898118793889353e+02
2.788577253920224166e+02
2.743426855342738122e+02
1.865868171922528518e+02
1.989565368385247837e+02
2.024425883004133766e+02
1.542737093857902266e+02
1.582514571048766925e+02
1.120827285096081880e+02
1.216288365704715204e+02
8.013230092956068518e+01
5.672179690778818184e+01
2.895920484093659297e+02
2.959532585933086466e+02
3.106950175779463734e+02
3.118811256144963977e+02
2.547263134852335327e+02
2.552158169586242593e+02
2.504604825313182062e+02
2.393255760227112887e+02
2.065265016254640784e+02
2.140282239934493589e+02
2.242627693439314100e+02
1.742630829828947014e+02
1.795766285954210275e+02
1.846472999839823501e+02
1.363835869900719047e+02
1.415971138871852588e+02
9.806055320453640434e+01
1.018868486355620320e+02
6.492713586770068446e+01
3.859916380864762431e+01
2.985665070768041574e+02
2.944342448302834896e+02
2.806170656269628694e+02
2.456575795862679570e+02
2.489694609665516509e+02
2.603597883638117878e+02
2.037247541912812210e+02
2.135503333932496730e+02
2.192539986113679902e+02
1.670369466421925040e+02
1.732211729081690805e+02
1.703433629785983783e+02
1.289474883630687145e+02
1.378975535773219292e+02
9.273123195390950002e+01
9.608258232438049617e+01
5.962362979185034106e+01
7.986266465004581505e+01
2.815414558890940953e+02
2.827249972475374307e+02
2.797314289769121842e+02
2.785981171226152924e+02
1.997055134554460949e+02
2.064561777652860712e+02
2.071674709103836847e+02
1.621414465324314733e+02
1.678628801693616879e+02
1.769159888520517825e+02
1.238618599022864686e+02
1.273472702422557887e+02
8.581446807022194889e+01
9.274831226898550085e+01
8.785463908780255338e+01
3.090002846338710896e+01
1.177901489245453490e+02
1.279819823202291360e+02
1.170199301296124048e+02
1.286432951182999886e+02
1.406305148168606536e+02
1.076200516021759483e+02
1.282921159107843607e+02
1.524503667180995024e+02
1.427070626823633859e+02
1.308493258364940743e+02
1.270068021622213905e+02
1.551492592379274527e+02
1.608140314058362605e+02
1.648312056151369518e+02
1.101343498792561917e+02
1.258873259329691479e+02
1.553874409606193865e+02
1.703888334439292578e+02
1.906384398959125690e+02
1.438129957432289245e+02
1.221977955661051283e+02
1.250990552250112131e+02
1.551511736798676964e+02
1.759070865036405280e+02
2.091831989694299523e+02
1.736701647821390964e+02
1.607470806930433866e+02
1.218219435268474484e+02
1.242734877172000125e+02
1.539143839791367725e+02
1.772055009119131341e+02
2.179156375106437054e+02
1.924618089646729970e+02
1.896497511321252034e+02
1.504102022792597779e+02
9.726806911574621495e+01
1.238010057480304482e+02
1.533877205236045711e+02
1.788130252718898419e+02
2.261267837312119866e+02
2.108124835710511036e+02
2.226665151879555822e+02
1.925636664194149148e+02
1.396244454275631028e+02
1.231532945987772649e+02
1.519635652083560444e+02
1.775935312060305762e+02
2.269288166750777975e+02
2.176112557555145486e+02
2.385103644537816194e+02
2.156192909324604727e+02
1.646039802686101439e+02
1.432945095412436558e+02
9.880593194965921100e+01
1.226703450604736219e+02
1.508907712510676902e+02
1.765859497257330872e+02
2.271988162962246633e+02
2.223215752961426688e+02
2.506659696367848937e+02
2.350260715238891578e+02
1.873593435381435199e+02
1.694507505011944204e+02
1.177967869682264848e+02
1.098470800971358443e+02
1.223463013524897605e+02
1.502127963254530982e+02
1.760805805466717686e+02
2.278996302450514975e+02
2.266473781972470078e+02
2.616609349570670702e+02
2.533819690393754627e+02
2.103549477669307066e+02
1.979012337499192142e+02
1.411206666121175317e+02
1.358350765691444053e+02
9.808523208945597105e+01
1.221100879437025668e+02
1.497358264798251639e+02
1.757757053632965665e+02
2.285985094145991923e+02
2.302488053048991219e+02
2.709515363319717380e+02
2.696070809071737244e+02
2.319831510848521248e+02
1.672935424743803310e+02
1.683636901039586178e+02
1.227574656120531102e+02
8.526619064708947349e+01
1.218767848324770426e+02
1.492090104267127515e+02
1.752004783030420469e+02
2.284041330040701610e+02
2.319895286143036799e+02
2.766002990948530282e+02
2.806611044752400517e+02
2.480894625352739524e+02
1.895825299048225929e+02
1.979358510974623755e+02
1.479357751973711004e+02
1.026745107096488852e+02
7.503219026797998481e+01
1.746717330680804992e+02
2.280757544012759865e+02
2.330943554788524068e+02
2.806703861178439752e+02
2.891322877112395986e+02
2.611266083898196371e+02
2.260178183385103239e+02
1.735441766251391584e+02
1.224843408572193653e+02
8.954790938114683740e+01
7.269610393229113754e+01
1.215202931100423314e+02
1.483886824123802342e+02
1.742247303003947536e+02
2.277547304293497916e+02
2.338833897593663096e+02
2.838003652522477296e+02
2.959049570498652884e+02
2.719644698905110545e+02
2.527885072283491752e+02
1.995120184227238838e+02
1.440498997308495746e+02
1.071468272505786956e+02
8.879297939095724246e+01
6.027330362609505698e+01
1.213988908538639748e+02
1.481195329171388266e+02
1.739309858873184851e+02
2.276394874495369152e+02
2.347332790771770306e+02
2.867239241345083087e+02
3.020647580362000326e+02
2.818599174556936759e+02
3.026762375294557614e+02
2.455963529324788226e+02
2.800354642430045260e+02
2.276071905108925364e+02
1.694475528609235084e+02
1.302433351323995225e+02
1.131883131849206450e+02
8.310968323519283274e+01
1.212840195903752374e+02
1.478517977458613757e+02
1.735900028812522748e+02
2.273252799606378289e+02
2.350951962283076568e+02
2.885425284309790754e+02
3.063339719745721936e+02
2.891763628600954803e+02
3.026005758448014831e+02
2.516373857934144951e+02
1.917166899527219641e+02
1.507072583294790888e+02
1.344936063835053801e+02
1.021883930769794375e+02
1.211949122164940462e+02
1.476504604116263124e+02
1.733512140730743454e+02
2.271547966755092602e+02
2.355194432783967500e+02
2.902576466291909014e+02
3.101919375569956969e+02
2.957274472246762684e+02
3.239455811729793027e+02
2.750814035801265049e+02
2.142426101832929533e+02
1.722546824558731942e+02
1.578622236061543163e+02
1.241452214399328398e+02
5.307420746909158282e+01
1.211251167685064587e+02
1.474981319843996062e+02
1.731861225760386276e+02
2.270842810189812724e+02
2.359758582014273713e+02
2.918641831973835110e+02
3.136826194371328143e+02
3.016019026036640298e+02
2.849115842443972610e+02
3.439798324889911783e+02
2.976912661924760641e+02
2.366712173655012066e+02
1.944727819864944820e+02
1.828297942265009226e+02
1.485759003318135285e+02
6.891451882549024788e+01
4.879934791887388457e+01
1.210671125542999107e+02
1.473733795208141260e+02
1.730555339127595573e+02
2.270425602202641642e+02
2.363841557447795765e+02
2.932578152056250360e+02
3.166940904329275099e+02
3.066891671512209996e+02
3.450611993769419428e+02
2.956411858534650605e+02
3.621898884183278824e+02
3.187572800275135592e+02
2.581644036183705566e+02
2.164168175068747644e+02
2.082633566299278414e+02
1.743381994654443758e+02
9.121178809170626778e+01
6.707767811809355862e+01
5.306493951922564634e+01
1.210257368558106776e+02
1.472926316988726114e+02
1.729976667430150883e+02
2.271173112909878853e+02
2.368887234894124276e+02
2.947062617338085602e+02
3.196327139875983789e+02
3.115064254696388844e+02
3.795232974230206082e+02
3.391242906834777386e+02
2.793835731075661215e+02
2.386121405793971917e+02
2.346225062857352555e+02
2.016977774988910141e+02
1.179181932640861277e+02
9.149302842218469323e+01
7.518355516975238118e+01
1.208987767487199392e+02
1.469402398554641707e+02
1.723583107986979428e+02
2.259437916530057464e+02
2.355103433979103897e+02
2.928513446735685193e+02
3.177148406571099031e+02
3.101573087459954650e+02
3.058985559466580071e+02
3.815617636319497592e+02
3.427856458361876548e+02
2.838188103109217764e+02
2.432542673343491231e+02
2.399646280977216861e+02
2.073215892122805997e+02
1.197526643173707583e+02
9.046488085177256266e+01
6.867335767331051954e+01
5.155021431814084565e+01
3.083043075434845548e+01
1.208815690556750866e+02
1.469226360967923313e+02
1.724028609671678112e+02
2.261778809457402417e+02
2.361350564284010716e+02
2.943329556839994439e+02
3.204524412332443717e+02
3.144081824089036559e+02
3.964699943249634089e+02
3.605266722949607470e+02
3.026693447131106609e+02
2.634171824762058236e+02
2.644088766202761462e+02
2.331736333314935052e+02
1.456944638904849114e+02
1.141409883735846051e+02
9.010289345541950468e+01
7.107744925732011154e+01
4.647280127782004655e+01
1.208572026626071789e+02
1.468786945586480783e+02
1.723825502710998592e+02
2.262581101829996442e+02
2.364978069003171868e+02
2.953131492313336821e+02
3.223943219077251001e+02
3.175733400516031679e+02
4.084729776617218135e+02
3.751343868673681072e+02
3.185155188334910008e+02
2.806916484421773248e+02
2.857575498513104435e+02
2.562334263222535924e+02
1.701264326925121964e+02
1.368766492645940787e+02
1.111525034809062475e+02
9.081646840334451554e+01
6.294400380892595592e+01
1.065776162219257799e+02
2.261930752655387948e+02
1.130790391575123550e+02
1.434593260421345633e+02
1.947304574089633888e+02
2.103885917481579497e+02
2.681434680861328275e+02
2.978489186454938817e+02
2.983884112011982097e+02
3.476989461298396691e+02
3.688657478564122130e+02
3.158362752434533149e+02
2.800852509826307823e+02
2.865378932876532190e+02
2.580565986596499215e+02
2.283406280688007541e+02
1.383075384914270387e+02
1.121343351311415404e+02
9.145189371160255121e+01
6.328776302420278199e+01
1.069400062848421413e+02
3.298340406879762554e+01
1.128797127102761095e+02
1.594918859214129725e+02
1.808083982139983164e+02
2.367276685879458284e+02
2.688917127865163934e+02
2.752260733325800857e+02
3.259346045202461823e+02
2.937376809608045392e+02
3.111465203135006732e+02
2.781169867456277984e+02
2.863171733693057490e+02
2.593110568067286295e+02
2.302154252927207665e+02
1.943437690085318934e+02
1.131709073723077950e+02
9.212980497046159201e+01
6.365772681340916961e+01
1.073314253002914427e+02
1.156122848657023070e+02
1.434906088638897756e+02
1.971690149443296320e+02
2.319838222302669806e+02
2.449902736912171406e+02
2.968051062954626786e+02
2.723779710342626004e+02
3.616237405182636167e+02
2.733495255483915116e+02
2.838466829764494719e+02
2.590531514049117732e+02
2.311445168904853062e+02
1.956304118374074221e+02
1.755405322764903815e+02
9.279347256919047027e+01
6.402808445573772644e+01
1.077277844484654992e+02
3.306916448445607415e+01
1.022002086639893434e+02
1.524772754611740311e+02
1.895590679593748860e+02
2.093447663037424036e+02
2.615491948767183317e+02
2.458524828799488091e+02
3.340631133072534453e+02
3.252320824078468036e+02
2.789377722096323282e+02
2.571268216583034700e+02
2.310224277844575624e+02
1.963242104113595872e+02
1.768507455004786380e+02
1.423888086136166748e+02
6.440382741629581176e+01
1.081349650199105383e+02
1.234898892755971360e+02
1.570520046761524497e+02
1.806113140796987864e+02
2.315090984524485691e+02
2.222913723949779694e+02
3.091534235981365555e+02
3.072231731183774741e+02
2.788463223503375730e+02
2.562294194314866331e+02
2.318848856005137122e+02
1.978376901575350360e+02
1.789396337203320400e+02
1.442041560899452293e+02
1.164422941787851187e+02
1.125383040885513708e+02
1.419846825325313660e+02
1.911757452005579125e+02
1.902392722437149075e+02
2.738219866162961580e+02
2.801161824934297897e+02
2.604940022082890323e+02
2.466208649646524407e+02
1.142645194835468345e+02
1.580245898690725710e+02
1.619904767218445159e+02
2.413692845352829295e+02
2.545204994649710386e+02
2.428639335850289456e+02
2.346473566468847878e+02
2.576594423786872881e+02
1.983897734939313864e+02
1.819272565162256683e+02
1.474438824628336704e+02
1.190673667346413964e+02
9.622701231606683336e+01
6.599944760009611855e+01
1.235578776366572100e+02
1.312717360554180743e+02
2.049027882030771650e+02
2.245415644141715461e+02
2.212430802097724438e+02
2.191618927076463592e+02
2.457255574816426247e+02
2.409027323258933393e+02
1.833592263790224592e+02
1.492776882798592339e+02
1.206401173729713321e+02
9.737974232577809630e+01
6.668110708060881109e+01
1.105988936874782524e+02
9.359271069216346461e+01
1.588648410403949924e+02
1.853739708263194643e+02
1.915004767270053492e+02
1.965357291489382874e+02
2.268279038614698493e+02
2.285225797594655717e+02
2.194505812257251307e+02
1.502358618656641625e+02
1.218094445760993381e+02
9.836619170629867881e+01
6.731582603311666446e+01
1.113150253697185548e+02
3.346282894173104694e+01
1.211044558288502913e+02
1.505170980853439175e+02
1.636496097990172984e+02
1.741569791765704736e+02
2.070947878246315668e+02
2.150522693574619950e+02
2.115904786974802505e+02
1.912735969994427307e+02
1.233160618547548921e+02
9.963058574666426637e+01
6.812551633584787680e+01
1.122224346528365970e+02
3.356332948882343459e+01
1.097244921727628224e+02
1.289401566525396277e+02
1.446532728873437463e+02
1.791507484262318997e+02
1.937933007555429867e+02
1.972066369495447589e+02
1.829795065525949553e+02
1.792837402251966807e+02
1.004926928537973936e+02
6.880105252351515333e+01
1.130368925971472578e+02
3.365592430045781924e+01
1.073952957178316723e+02
1.233091973170090085e+02
1.564598146435827175e+02
1.755180275261199938e+02
1.844743396956307890e+02
1.756190976343103216e+02
1.769159888520517825e+02
1.515294892857788511e+02
6.989633494991402074e+01
1.142945208863585549e+02
3.379614586920094865e+01
9.827184801483585375e+01
1.273763545452968060e+02
1.499420471813886877e+02
1.646036739715075612e+02
1.624569932148242515e+02
1.701613979357292408e+02
1.496418343328255389e+02
1.259139837944912443e+02
1.155305396238031364e+02
3.393770784856413059e+01
9.379730674606661012e+01
1.175305963079489544e+02
1.370744297035321040e+02
1.422196372168236564e+02
1.572802457571512207e+02
1.438545032526059515e+02
1.242683882237143678e+02
1.034076909257144905e+02
1.166145324808292258e+02
3.406923056849431219e+01
8.480952928584562756e+01
1.060921133679903363e+02
1.171911995616606816e+02
1.391524365248887136e+02
1.342225202323673443e+02
1.204720508853593941e+02
1.027015642539674047e+02
7.213685320716649585e+01
7.893156390517071941e+01
9.226607853553164773e+01
1.191985821331282978e+02
1.224095999095270031e+02
1.153352706052732373e+02
1.015741604641445690e+02
7.277185646108330275e+01
1.189894869845601590e+02
6.393591100001616923e+01
1.051201513756799528e+02
1.062454916270491765e+02
9.844776987542913105e+01
7.291539053742950216e+01
1.202341292198211846e+02
7.093033601646648378e+01
8.492026930670834872e+01
9.331998674599456933e+01
9.274831226898550085e+01
7.235657634331934673e+01
1.213338171370285750e+02
3.478429986505467753e+01
6.584125869485609428e+01
7.715180500916255824e+01
8.351318408508697644e+01
7.051767305588110446e+01
1.219397494417943619e+02
3.500881834182685992e+01
5.707300140318474035e+01
6.905424822533144891e+01
6.621310523176207141e+01
1.213249130694284474e+02
3.523551764601070602e+01
5.116159775104408425e+01
5.812398441596146625e+01
1.175646601071284465e+02
3.537061916755324376e+01
4.883444670829982215e+01
1.086512454418660951e+02
3.535412836016076454e+01
3.487622838623494914e+01
9.122372519207472408e+01
3.090002846338710896e+01
