8.653467581410941989e+01
9.748035973372893181e+01
8.317860580480019905e+01
1.582138411273964778e+02
1.311755001121059649e+02
9.451813988496266461e+01
1.585140743966819343e+02
1.650539458450442680e+02
7.529778297663106912e+01
6.737625921377342308e+01
1.241668551460669789e+02
1.004078939200198590e+02
7.382502407380053455e+01
1.279084037685700821e+02
1.242525953858588110e+02
1.569539144462546005e+02
6.684876105271277424e+01
1.129313017679160396e+02
1.190982015578975961e+02
1.771935157628961974e+02
6.525509687352216304e+01
1.100066053388072334e+02
8.397029205458589729e+01
6.286454461268855454e+01
1.087388490550752209e+02
1.006020716531478456e+02
1.136698796169600172e+02
1.546629736340674128e+02
1.011788528652630248e+02
1.153662052470615862e+02
1.587453577419587134e+02
1.299635848559088060e+02
1.041470125129123687e+02
1.007345442241109339e+02
1.300710106261764452e+02
1.470603735877593294e+02
1.022629431509717222e+02
7.435598425248566912e+01
5.813163306863292235e+01
1.015251358682460392e+02
9.410145706772186713e+01
1.044978015243618330e+02
1.059125774818681833e+02
1.647298890887282994e+02
8.663881737153076301e+01
8.935280133753433063e+01
1.413057971997863547e+02
7.129790930082440070e+01
8.298304616229145836e+01
1.184811462689415151e+02
1.007515354670743051e+02
4.156368657785662890e+01
3.525520766667567329e+01
6.258015503344160635e+01
5.827732992104261456e+01
6.522726937950761794e+01
7.081125401692540322e+01
9.090886415510247787e+01
9.337226258342899143e+01
9.826620319916354163e+01
1.911643711493698845e+02
1.321950391848657773e+02
1.065343795906706106e+02
1.363657694241443039e+02
1.397370741809364461e+02
9.667067339709899443e+01
1.011101691952386261e+02
1.620445945439665252e+02
6.110711910247044898e+01
1.099257221510947744e+02
1.020046629828081564e+02
1.146253497903659451e+02
1.267878714670796541e+02
1.155702814254730271e+02
2.277465201230785681e+02
1.605547346145279164e+02
2.027640654142042251e+02
1.412381310938564241e+02
1.470931487961462949e+02
9.895273473108711926e+01
1.923674607098900253e+02
1.338772400175826647e+02
1.176893143198569334e+02
1.530751496015570012e+02
1.616084119712200220e+02
1.156621923072747649e+02
9.588317267519600762e+01
1.023554023198811507e+02
1.124954491175335249e+02
1.034408630249939165e+02
2.123367538328173225e+02
1.491338040649787331e+02
1.587030676025462128e+02
8.206816544520502532e+01
1.479370730817380775e+02
1.506385169659283179e+02
1.037659209012680890e+02
1.727468668951545396e+02
1.241833504016321399e+02
1.354586426600293976e+02
7.456571030714839310e+01
1.484491859706351136e+02
1.065835251218153275e+02
5.077479678854801648e+01
5.374637884667447452e+01
6.091669989079878178e+01
5.807017840275914011e+01
1.201838571122617481e+02
1.051365862644419309e+02
7.318097707743464753e+01
9.050810170845608127e+01
1.417591619218908647e+02
1.309766248287851340e+02
8.133443473596111062e+01
1.481364434416222764e+02
1.474951962278956898e+02
1.030840459716330315e+02
1.593285986435977009e+02
1.129277386609566776e+02
1.241143300459412018e+02
7.402281239265926160e+01
8.793533757939268014e+01
8.766133269820474538e+01
1.816685093147354451e+02
1.581996553184000902e+02
8.610831716856137064e+01
1.593414523997921890e+02
1.568757209697039912e+02
1.406664774865024867e+02
1.321993900624847527e+02
7.470086616662436541e+01
1.378947496751431459e+02
1.440982031477622911e+02
1.032365452801831935e+02
7.638225917104115581e+01
7.931247344751398032e+01
1.604167221297813342e+02
1.360457788606211977e+02
7.525984527192547091e+01
1.332488865397572795e+02
1.264762923357587283e+02
9.212544742993283364e+01
1.515722994483471098e+02
1.354615582698181413e+02
1.294658112402003667e+02
7.341304003786008536e+01
1.383425578050825777e+02
8.069980805639839616e+01
1.566515934817994946e+02
1.278389196059278845e+02
7.235851257633318312e+01
1.303775654992672912e+02
1.477660217624764982e+02
1.071990638669127947e+02
8.545703539614640931e+01
1.356851189474046464e+02
1.156345269408535472e+02
1.129354063478282342e+02
1.313181298856064529e+02
9.931438114389091254e+01
5.801166640489287118e+01
1.072166180789299545e+02
1.217632537043697027e+02
7.809105778096882489e+01
6.766721823292148486e+01
9.272942606052824033e+01
5.464922749024066206e+01
3.442820603717422046e+01
6.653836225082216060e+01
7.613554022791383602e+01
5.107334878907004594e+01
7.337063286780582416e+01
7.620702648209646668e+01
6.000384985767897916e+01
1.288580153380975730e+02
9.054614397120840863e+01
1.296558919198645299e+02
1.200590388121486285e+02
1.134044994672695736e+02
8.206802970705869882e+01
1.126651197331877228e+02
5.065925505312093691e+01
3.889319323380898652e+01
5.097614632094321507e+01
5.428533854009906889e+01
6.931152071958015881e+01
9.077445668064441975e+01
8.411294656635428169e+01
8.283683688703780490e+01
9.044567899972851421e+01
5.748680511071417953e+01
8.274845606665947173e+01
9.696467265941139146e+01
1.044562855875987424e+02
8.708519788478869827e+01
1.235032766451374613e+02
5.772621288624225144e+01
1.286672132469200847e+02
1.657232520229000841e+02
8.836740297964610136e+01
1.001034346800176706e+02
1.293654863436792937e+02
1.428782748084232992e+02
8.733163207949564821e+01
7.817289933464095952e+01
1.226283316276243056e+02
9.054974880912971003e+01
1.146282266720262726e+02
8.959632840088748651e+01
1.629800247090726089e+02
1.407711785765300760e+02
1.265993177179302620e+02
1.538254187041270882e+02
1.253960184722652542e+02
1.018949143886706992e+02
1.425356867285159694e+02
1.358047660129358292e+02
1.260648348551660689e+02
1.241795322325328215e+02
1.005493207514796978e+02
6.923002645822062107e+01
1.336654818509304334e+02
1.525769736317226375e+02
1.185028158924911565e+02
1.281616386869043254e+02
8.373623029522619277e+01
1.146482672133479781e+02
1.640349107172355616e+02
1.590963064170544499e+02
1.916212339477680757e+02
1.497951536603515024e+02
1.534529542090815539e+02
1.165435893901407383e+02
1.308027376377209237e+02
1.180577252522705862e+02
9.950859314150268631e+01
1.587198382240105161e+02
1.795278966205059419e+02
1.727818121339020934e+02
1.286647711573016579e+02
1.458393807253769410e+02
1.274458567120870356e+02
9.498600218547844065e+01
1.481414032425339258e+02
5.491094320390659078e+01
1.566119486650193267e+02
1.681967145716597827e+02
1.772930264879551885e+02
1.479180286354236671e+02
1.271762055789654369e+02
1.396533070805973580e+02
1.839337800027674064e+02
9.391705690164772591e+01
9.139886774921086499e+01
1.717635222310407528e+02
1.990607062088374732e+02
2.000851311678443949e+02
1.727483968253918363e+02
1.584177661741744316e+02
1.725434746477699832e+02
1.651792540279562900e+02
1.704876881590220137e+02
1.426461748550312620e+02
1.654327252698314794e+02
7.671653765855494100e+01
8.564264641287893198e+01
2.004147133596370907e+02
1.839736938931378347e+02
2.024169842902601033e+02
1.793239226168791447e+02
1.806127285359293069e+02
1.305641131768541641e+02
1.466799416478286560e+02
2.057195120486844644e+02
1.230578797465351641e+02
8.286090934857354284e+01
1.131719626319352159e+02
4.736695291982770328e+01
8.411294656635428169e+01
8.855822393664575998e+01
8.098370775721201653e+01
9.160811644152293809e+01
9.666137873495688382e+01
9.812816504193571632e+01
9.220495772304597892e+01
9.262256208925707313e+01
4.974690863028970256e+01
8.962054082035896840e+01
8.928163367924352656e+01
9.347404015125377441e+01
1.017829065992670223e+02
6.236740547417503677e+01
8.796958258211135728e+01
9.602218765466720640e+01
1.127121196604709610e+02
7.934699835695447234e+01
1.324446328787189486e+02
8.956379834245875315e+01
1.170514511960022901e+02
9.538715431555554858e+01
1.143088413655749633e+02
8.494810502658842211e+01
1.485662045061576180e+02
1.194857579288238298e+02
8.912077088057533558e+01
9.521910123976431350e+01
1.161021370147892640e+02
9.028046980925226705e+01
1.672246510566036761e+02
1.378901374615655300e+02
7.178321246832443592e+01
8.865422429191683307e+01
9.486817921920658137e+01
1.167840021099938213e+02
9.350923878120903510e+01
1.803668687099018086e+02
1.539706186949758262e+02
8.666751673338094974e+01
1.189940568343813254e+02
1.169982667883820540e+02
9.549893676486314575e+01
1.892833639354261948e+02
1.660601615865413407e+02
9.933855130290581315e+01
1.456803231424431431e+02
1.181676064033232052e+02
1.036124155155925308e+02
1.175605141311004473e+02
9.749947378440545265e+01
1.978438854475067785e+02
1.785589417681965472e+02
1.127598730730501444e+02
1.759983089486325412e+02
1.525135818990997620e+02
1.469764549879514277e+02
1.226351741135238598e+02
9.346698516794570821e+01
1.157582975888427228e+02
9.600586602304086625e+01
1.943558388331242668e+02
1.737390880545017353e+02
1.110645343245233789e+02
1.739957352162176107e+02
1.382308898807696096e+02
1.147656898440225319e+02
9.536451805840206930e+01
1.933038402393195554e+02
1.725233813937639411e+02
1.120506062107842240e+02
1.779777423384120141e+02
1.527437604504121396e+02
1.441034248873343415e+02
1.121453066379364145e+02
6.273257812060644767e+01
1.150868554989696690e+02
9.630827706995877691e+01
1.972458496610257725e+02
1.784904362601814114e+02
1.190172640422451025e+02
1.951696383356805029e+02
1.738287033210031325e+02
1.722617334999792149e+02
1.435430247658799203e+02
8.907275765400711975e+01
1.418169582230032120e+02
1.226968726628279853e+02
9.263549095892298624e+01
1.147228493533195035e+02
9.622565783949822560e+01
1.975958184661542134e+02
1.792299061754064553e+02
1.210949682441904542e+02
2.014771466837460991e+02
1.843588628041137270e+02
1.583292954628822429e+02
1.024101112735290826e+02
1.651247383476682273e+02
8.755730858206069911e+01
9.236590947199208301e+01
1.142763712218405203e+02
9.595220893593801748e+01
1.971820564996235134e+02
1.788431041326832656e+02
1.219185597123815654e+02
2.048268971899302358e+02
1.870964027359269721e+02
1.924244561823988136e+02
1.693997275706130097e+02
1.134154721571163265e+02
1.869400800696145097e+02
1.414661008262672226e+02
5.638314622208503124e+01
8.754026950140281826e+01
9.235891049500662575e+01
1.144099695383698219e+02
9.638063524649636804e+01
1.989755195941319244e+02
1.815703329764614296e+02
1.253378207846739514e+02
2.138619726510295891e+02
2.097788285669158483e+02
1.907266109988823928e+02
1.330205762221116288e+02
2.282798633587606218e+02
1.776881420381712644e+02
7.308219952561023547e+01
8.749693193933393331e+01
9.226458795109962807e+01
1.143133178913506214e+02
9.646026211894842106e+01
1.995507054261553321e+02
1.825360395390176222e+02
1.270212115526574195e+02
2.188562470719207340e+02
2.208544267737553639e+02
2.055063233744755848e+02
1.476284824811149292e+02
2.602813041028363727e+02
2.061341057663118477e+02
8.672683669866968614e+01
8.846971581113083971e+01
1.060634992965071888e+02
9.139266532579806324e+01
1.869736118758341377e+02
1.699550961320995555e+02
1.206284553557012629e+02
2.101819729869733067e+02
1.995318233507705088e+02
2.034548082830450255e+02
1.476567403053011844e+02
2.614689851600903125e+02
2.071677311723124149e+02
8.721439471539977717e+01
1.121005396204637492e+02
8.568483705679824425e+01
7.966300432947740262e+01
1.631815027427470852e+02
1.490788962457243656e+02
1.094319830173446491e+02
1.946037962134859356e+02
1.876874633494793159e+02
2.066679118901925847e+02
1.460101249469281868e+02
2.606680002072604907e+02
2.072201479648128100e+02
8.746560702295337819e+01
1.125282869678305389e+02
1.246204515443097591e+02
9.568436661497788975e+01
1.746489335586647655e+02
1.719590307956455035e+02
1.936039627633946338e+02
1.900751264511156933e+02
2.581516869400686005e+02
2.064439127576715975e+02
8.753576375615972438e+01
1.128558820478382358e+02
1.141776983183486180e+02
1.002577723719437159e+02
8.172163912430181654e+01
1.534941380934034498e+02
1.545106783829070309e+02
1.784403227668256307e+02
1.802676326176998032e+02
1.389645268237266293e+02
2.053282124559141835e+02
8.758706521133466083e+01
1.132390869744338175e+02
6.153337356106094802e+01
5.932838650571830641e+01
1.201186672954458601e+02
1.273862684636408176e+02
1.542223154604840261e+02
1.630128046536298996e+02
1.305641131768541641e+02
2.456106490968914784e+02
8.686716413810357551e+01
1.130729021009732946e+02
1.182232008516305370e+02
1.434314147573668379e+02
1.557199784168165593e+02
1.284254689895978458e+02
2.450145509311456067e+02
2.017933381132192210e+02
1.142998605152018285e+02
1.138622426641110508e+02
1.155171925986576724e+02
1.076159462036034427e+02
1.289146288655909132e+02
1.444502280560269867e+02
1.237846083428134989e+02
2.409347391725410432e+02
2.005145258404887727e+02
8.808148502376683098e+01
7.043923692907982570e+01
9.364729368845640067e+01
1.157824397250631137e+02
1.076592129954314885e+02
2.208441064438777630e+02
1.905894842474771735e+02
8.622023314335321231e+01
1.149001466993087206e+02
8.084539132358615632e+01
1.029140807759858376e+02
1.010640256560348007e+02
2.120034114764848425e+02
1.859681975050605445e+02
8.621130317070077353e+01
1.163145264246808352e+02
1.153223903493049534e+02
1.959348115475904990e+02
1.759872915152813562e+02
8.496092425540089721e+01
1.172546546491187911e+02
1.160890191894610979e+02
3.975497477174132399e+01
8.571169875403977301e+01
1.787282471552203162e+02
1.622106745020458902e+02
8.286090934857354284e+01
1.183246462172032523e+02
1.170788154794686449e+02
4.015689034581082240e+01
8.445647677915550844e+01
1.359617125375224020e+02
7.663773771060360218e+01
1.169366477124592194e+02
1.173018360380296627e+02
4.059103997682662168e+01
1.485475038781169701e+02
6.038248246351735560e+01
1.068456400913637196e+02
1.141365884859886393e+02
4.077953649907754397e+01
8.517756362729893738e+01
6.015474748357458168e+01
1.102436153754513839e+02
1.161044203997637680e+02
4.459120712527500530e+01
1.158493879659059189e+02
1.154283350848963181e+02
8.307655983222835516e+01
4.387271935434694115e+01
4.736695291982770328e+01
