6.352682651914694389e+01
8.094721008295903175e+01
5.188523473597728497e+01
9.542996354100115752e+01
1.068461303770656770e+02
5.467988692703736575e+01
1.026452870759480902e+02
9.417355504907634156e+01
4.978191537950197443e+01
3.341367860376657006e+01
6.148777176988202342e+01
6.532998792612589511e+01
3.352914379169884995e+01
5.625597652623687850e+01
6.969259640029470404e+01
6.585953535878054765e+01
3.315738499149087914e+01
6.428677769414825605e+01
6.149569209631864908e+01
8.810090300047028222e+01
4.225170460636492464e+01
7.264295832106765261e+01
6.713103600883080446e+01
3.294462263581752381e+01
5.581750980172215293e+01
7.705320668567782150e+01
6.382253550951324428e+01
7.169428822909893029e+01
8.641933774446495420e+01
7.268754507558678313e+01
8.281872732697914330e+01
1.002585085606796298e+02
6.285521705204389775e+01
8.099109161625300146e+01
7.896688551049004445e+01
1.106355119511911909e+02
8.106645407909701362e+01
7.367867289396107822e+01
3.720701883622639627e+01
6.687348001432151534e+01
9.600365111087849357e+01
7.578821080901931850e+01
8.505163627021504169e+01
1.292237194598076826e+02
5.289646404493358034e+01
6.012526041100120722e+01
9.234624389349295370e+01
6.322404558682089259e+01
5.657004937740443751e+01
6.849693190097835327e+01
8.807155787962442162e+01
3.572600638284892227e+01
1.645508084778298041e+01
3.041342586299327877e+01
4.450432368934703931e+01
3.615289137982440337e+01
4.517476815004334156e+01
4.116878071903477831e+01
6.751928092377833934e+01
5.566897571429683467e+01
8.940225790288404539e+01
9.219460261469365037e+01
7.117729485641865494e+01
6.483589650811464367e+01
1.060556449524858351e+02
5.302537723867916242e+01
5.998762139005476968e+01
9.145424288131999901e+01
2.855640291229817862e+01
5.211663726620170678e+01
7.525869072687649464e+01
6.265822210752970989e+01
7.801003791644974683e+01
6.224177822312730513e+01
1.006221031397916619e+02
1.068591377969528793e+02
8.976837156674059770e+01
1.351572271697414749e+02
8.783337802429900876e+01
6.648272136494998108e+01
1.047051916875713147e+02
1.090888689472010640e+02
9.339457414629194432e+01
8.513600365327702946e+01
1.385776999662616333e+02
7.294303248812333607e+01
9.865188402899897824e+01
8.398046739196031751e+01
1.021791310701086530e+02
8.201842013808210652e+01
1.124489142276865294e+02
1.698645442427086607e+02
1.131264286246325241e+02
1.292294063287278902e+02
6.768197155074108196e+01
1.081098959734157461e+02
1.038542891959467909e+02
7.835628046648143652e+01
1.200035194708102324e+02
8.131621207025173703e+01
5.489534297525322160e+01
8.848349016663652833e+01
9.646842724073199804e+01
4.625779784543367157e+01
4.070981195692260712e+01
4.834453798051914220e+01
3.940814138621146157e+01
5.385833876673430609e+01
7.425275408845048730e+01
7.144266300265553582e+01
6.559610374164802238e+01
6.418779206746526711e+01
8.350707654510530631e+01
1.205758726151711357e+02
6.448123689064466646e+01
9.911769841899689482e+01
9.735974923996748487e+01
6.089409840667367035e+01
9.116012340398640390e+01
6.237849777429266140e+01
4.256073774247678188e+01
5.296732464026022313e+01
4.608526097083805695e+01
6.491079566765648678e+01
9.056781178539215205e+01
1.103693959207239459e+02
6.004751728122187870e+01
7.074889327884498869e+01
6.706954083458499838e+01
8.823842208760126482e+01
1.162726914160387253e+02
6.306375185227676639e+01
1.013942323842562701e+02
1.007083123213469804e+02
6.020811055355249408e+01
5.500707838628350288e+01
7.806437644170972590e+01
1.075759868456051720e+02
1.312913639325345514e+02
7.041073977444081322e+01
9.368941105291408178e+01
1.014212776737666388e+02
6.570593216428638073e+01
5.895559051112032023e+01
7.863799916418798830e+01
1.090871034043630772e+02
6.121502644663033976e+01
4.447762351232734090e+01
6.121192126041413673e+01
8.047679994733421438e+01
9.640918745913275245e+01
5.206524633576574246e+01
5.661701161700969465e+01
9.126008323244869302e+01
1.027939856223651844e+02
6.853370580666963008e+01
6.068821969716483977e+01
8.115982567489479038e+01
7.318039260711499594e+01
9.679306097674027853e+01
1.178520452151071538e+02
6.561169322517085334e+01
7.276588462682515512e+01
1.144680626720679015e+02
9.010857931316472502e+01
5.623799756901956215e+01
5.282812964453877669e+01
6.774408272435357503e+01
4.037428102882657299e+01
4.679797682216319998e+01
7.570395467110368770e+01
8.158190471334413019e+01
8.933555748294523369e+01
7.271459880970385825e+01
4.751990809977517216e+01
5.825585916407778342e+01
9.711657729808820250e+01
1.041215470831711656e+02
5.371039911230770514e+01
7.229569249587622437e+01
1.258611903512874477e+02
1.339995024689001468e+02
7.127532526470588436e+01
1.286846276872398960e+02
1.333835225592553684e+02
5.729148831515580298e+01
5.507190218685641980e+01
3.939316840650614893e+01
3.770976783364657337e+01
3.166343171691437064e+01
4.418604431440100200e+01
3.141094776669330102e+01
4.611672847758502058e+01
7.469600248964205491e+01
2.958216881543874166e+01
3.726032422349878459e+01
6.618819271414402294e+01
3.417089851216100982e+01
2.846383044839078380e+01
3.266309334561383082e+01
6.243343240596765753e+01
3.177912973217274129e+01
4.422079023439805923e+01
2.837142579195543135e+01
3.263968836110599625e+01
6.874906781971169778e+01
4.137940889597036431e+01
7.035506214915483270e+01
8.458568210159393175e+01
2.805043093374267826e+01
3.148446957613172259e+01
6.901653098726623625e+01
4.504111855371557027e+01
8.341412744942374502e+01
1.049495465538178536e+02
4.755920609291283796e+01
2.766800432271242727e+01
3.001852073276998212e+01
6.662268038332584297e+01
4.514824649667374956e+01
8.668228207307781474e+01
1.098582692494635893e+02
4.990838448662850624e+01
5.053079078222774712e+01
2.749958543270857447e+01
2.938914353846660532e+01
6.608441832071993360e+01
4.630710199919056436e+01
9.268427310280529241e+01
1.215651822091505210e+02
5.750055995481018556e+01
6.524639543675860409e+01
6.786093902544760681e+01
2.732569153257548678e+01
2.873787633124769059e+01
6.495536551988492135e+01
4.640617781372756667e+01
9.512564944949299672e+01
1.272140203893657144e+02
6.200553291489783447e+01
7.579300605756600362e+01
8.217601571962630658e+01
5.485133548876347476e+01
2.724672998335995544e+01
2.844888925731769547e+01
6.473038764016129676e+01
4.707692756159859471e+01
9.894409645666819131e+01
1.362339822813925423e+02
6.935481132481396571e+01
9.131877238630092108e+01
1.062034422674031475e+02
7.455466566685061025e+01
8.355418358305676918e+01
2.714232586007112857e+01
2.806493772183871371e+01
6.397531295938993878e+01
4.698437822458004121e+01
1.000338059039575711e+02
1.396261623484863321e+02
7.288909402159654860e+01
1.006296718807871429e+02
1.215782249854637911e+02
8.661379738330363409e+01
1.033734998465512263e+02
5.732217532678788530e+01
2.700745210267461616e+01
2.757197611136858129e+01
6.270749343215734939e+01
4.621012792929651170e+01
9.868930137163292216e+01
1.378125189148117613e+02
7.266218202382596303e+01
1.031658421152989291e+02
1.268237913954173450e+02
9.008192379068653111e+01
1.094172116476459280e+02
6.596655014616356993e+01
7.239995868245853217e+01
2.687259819905852964e+01
2.708255426833158097e+01
6.135038646781662663e+01
4.521940709247748202e+01
9.640380701974297040e+01
1.337876008216584864e+02
7.060639991570988627e+01
1.018169882988095623e+02
1.256070305724970240e+02
8.759779917144747685e+01
1.045249676142730237e+02
6.431110528700466489e+01
7.178695460500249226e+01
7.321588345079767635e+01
2.683389873609191412e+01
2.694301460178584406e+01
6.111258231788524853e+01
4.527092030360916652e+01
9.718734179624541980e+01
1.360459022103722475e+02
7.294590269726877807e+01
1.080242003151128074e+02
1.369237098175417771e+02
9.785876448372410152e+01
1.203586961597356009e+02
7.847788206775140907e+01
9.459960727717762552e+01
1.111714882635670278e+02
9.616507968529595018e+01
2.680056961680400462e+01
2.682335787845993380e+01
6.089385393368642951e+01
4.528201209577662922e+01
9.772206084970159168e+01
1.376876212968425932e+02
7.475312258679171862e+01
1.130743088765200071e+02
1.465405849199394481e+02
1.069493252505862131e+02
1.347668706331523936e+02
9.175040338089937109e+01
1.164687986896345109e+02
1.480275174966579073e+02
5.934585294455402504e+01
1.445934044777068266e+02
2.674836470417295686e+01
2.663731733564057080e+01
6.041337390675181496e+01
4.498344324767092672e+01
9.719374708592960133e+01
1.370026380285228811e+02
7.475766665593258153e+01
1.145139973162153524e+02
1.500332117350936016e+02
1.101973644567446513e+02
1.395067320002080180e+02
9.679485802644660453e+01
1.247657251263293716e+02
1.615399117647133664e+02
1.597640023640748552e+02
6.335280786367182770e+01
4.438531674862235121e+01
2.669683630884818726e+01
2.645574114526225884e+01
5.992228872370209558e+01
4.464195412543212882e+01
9.647008367692902198e+01
1.358690286521743644e+02
7.436973593799970672e+01
1.150127829131397732e+02
1.519419658970038256e+02
1.121819551059195561e+02
1.425558600530683293e+02
1.005200934124357559e+02
1.314640722059257030e+02
1.735879432709428443e+02
1.760452336727349234e+02
7.131770873354066964e+01
5.421235570756359579e+01
5.218618418269630155e+01
5.101387093243878468e+01
7.022166820368485673e+01
4.740595977981718079e+01
9.615649764711471903e+01
1.287654263674764934e+02
7.049956416084877731e+01
1.110464806924560577e+02
1.482466982016261454e+02
1.101982287357520676e+02
1.403485208346294257e+02
9.964658000643707680e+01
1.307910567034566043e+02
1.731861969848274612e+02
1.760751376832916435e+02
7.141446228444185351e+01
5.429875679708563752e+01
5.224250682332585427e+01
5.669775504546080924e+01
4.057395991773860544e+01
8.302442518716264885e+01
1.097268350645504285e+02
6.165558516997401028e+01
1.006731099681339430e+02
1.378390750973427714e+02
1.044660686897432669e+02
1.347602175745107900e+02
9.706301594088822071e+01
1.286227069751028012e+02
1.715283600324125075e+02
1.753277200815905417e+02
7.133430350235759931e+01
5.431799057968387956e+01
5.227414039240910171e+01
4.168268407719506286e+01
7.797140482577924558e+01
9.372353125051705547e+01
5.317804583761025583e+01
9.024821068353988096e+01
1.268598765545931144e+02
9.820530853942767635e+01
1.283997532684501266e+02
9.405308146758497401e+01
1.260422893653366145e+02
1.695248143320628174e+02
1.744213755655786713e+02
7.123861176128707484e+01
5.434228717032128486e+01
5.231266215388020413e+01
8.400850997844361245e+01
4.723894987866042783e+01
8.348617321003683855e+01
1.199448660708276719e+02
9.439058526871887977e+01
1.240755159026426924e+02
9.217701180122635662e+01
8.001617820734578856e+01
1.244925030747418475e+02
1.684691537881725480e+02
1.742734316552719065e+02
7.137311148232743108e+01
5.448319106002673351e+01
5.240697411557603402e+01
5.219410246537379550e+01
3.240220218480759939e+01
6.400657663759702132e+01
9.868293877950675608e+01
8.193366734433288912e+01
1.116386991381678371e+02
8.589735113248570997e+01
1.189384717674584522e+02
1.639712947929411087e+02
1.719497060144074112e+02
7.100525520077881936e+01
5.443080785948541234e+01
5.242915853946080773e+01
2.987001705154934328e+01
5.831328162889118971e+01
9.022523175292781161e+01
7.668041138902606235e+01
1.048684591865951603e+02
8.252325179702322089e+01
1.158006760629692451e+02
1.614740494299486215e+02
1.711119232355045199e+02
7.107512405330176364e+01
5.459523227299303016e+01
5.255277624789702884e+01
6.791869209801838281e+01
9.422516580903005945e+01
7.925982427171791755e+01
1.041676285539836897e+02
8.242958062298781385e+01
1.153822998191970299e+02
1.611172822816077712e+02
1.718650220883875477e+02
7.163051606975845687e+01
5.500497649765331687e+01
5.279143902337035144e+01
6.282581131260259610e+01
6.116859982954331798e+01
8.500713467036844406e+01
7.187040040693393905e+01
1.051446793045169841e+02
1.520774762111622351e+02
1.670250535227183377e+02
7.090305801054411461e+01
5.493477395843265754e+01
5.285721617199605049e+01
4.903263728971847257e+01
7.020231722254463591e+01
6.336620929630495880e+01
9.606517395606942955e+01
1.433016411904980885e+02
1.624586109092722381e+02
7.040896830936391382e+01
5.505186792470044566e+01
5.303216777666381887e+01
5.958616186740020026e+01
9.045787882165836891e+01
1.361595484349709864e+02
1.589003581925731510e+02
7.040927413524335066e+01
5.550788530502440210e+01
5.338977407092585992e+01
6.372460837611834705e+01
4.985455560484021476e+01
7.764415328266686345e+01
1.202262219000200787e+02
1.484868042707483369e+02
6.891357850974024757e+01
5.554254557049446817e+01
5.365813567716745780e+01
7.480548520725476180e+01
1.104511178629472425e+02
1.408176629600803835e+02
6.850183042503179820e+01
5.636180469790407699e+01
5.435449855533419594e+01
7.445133474441931298e+01
1.126711577856126070e+02
6.286652619416539522e+01
5.562673104766134458e+01
5.473841645981271853e+01
8.847096035416630855e+01
5.774184775749662180e+01
5.597798147834190985e+01
5.603228583661605455e+01
5.543911434708566333e+01
6.006663602678310809e+01
6.005977005638253274e+01
6.566561838045262789e+01
6.871173944219168561e+01
6.489188793305440583e+01
3.770976783364657337e+01
5.064176830543848240e+01
6.692058320880290978e+01
3.739191522621163699e+01
5.153992866267697082e+01
6.030679296977642423e+01
5.548333519169307948e+01
6.671554327073373258e+01
8.751637603583935743e+01
3.794654483986967364e+01
8.128365967057409591e+01
8.814101825539832191e+01
6.779106782033358058e+01
5.797030549286428425e+01
8.207933597576625573e+01
1.107984223121769105e+02
4.950269684410608306e+01
6.359662758453765719e+01
7.682135650256459769e+01
5.402029559735915143e+01
6.987529998758108718e+01
5.072251759521841308e+01
9.690772556704878582e+01
9.958846731264658558e+01
7.861206030303586090e+01
8.171401950434885464e+01
8.368584649305799417e+01
7.209815081811333926e+01
1.005008831965755860e+02
7.984619336418712976e+01
8.300955383074800409e+01
1.019012910111751893e+02
7.965749471611613330e+01
5.240335357467600375e+01
8.617631413142758845e+01
1.037077877692092756e+02
9.145744062798812024e+01
7.741777222866387831e+01
6.990251523941579137e+01
7.192920253087230265e+01
1.023353499508688600e+02
9.790554769636869992e+01
1.004568472919297903e+02
9.446905351601284906e+01
9.756523982165406039e+01
7.829182460273970889e+01
9.612109156179624847e+01
6.505346952165672292e+01
7.005892749979132361e+01
9.929946451410140185e+01
1.068102955310384772e+02
1.291154133779105280e+02
8.979776440349168354e+01
9.332837414743622162e+01
8.265222878090666825e+01
6.863688892788013618e+01
9.162721170040846630e+01
8.760735731270746385e+01
1.047355460506422844e+02
1.166791188203761749e+02
9.689472349177003707e+01
9.401831284388245535e+01
9.421187670657580782e+01
9.990407568573861852e+01
9.700838443720812165e+01
1.249257441305326211e+02
5.602524699758522075e+01
1.100073733120730850e+02
1.259571047588101891e+02
1.277213711906168925e+02
1.104671890198432180e+02
1.026131338132563542e+02
1.239556551584034310e+02
1.152639734078545644e+02
9.792710784366369126e+01
1.258465229820391329e+02
1.357996758684769532e+02
8.784947789481950053e+01
5.688314995362728155e+01
1.170455468253279605e+02
1.184935269534506546e+02
1.196133538625903157e+02
1.134430539873868611e+02
1.058421019671860392e+02
8.589735113248570997e+01
1.236351273738739991e+02
1.286101693062271067e+02
1.107472824779152489e+02
1.484868042707483369e+02
5.686062620118824640e+01
6.489188793305440583e+01
