7.721621888210991358e+01
1.019390116729150435e+02
8.310433264958383859e+01
9.383772126735073016e+01
9.367778658608054343e+01
6.523078113836852765e+01
8.843863428087060186e+01
6.460101987937127888e+01
7.809508638798494928e+01
6.162815838583130557e+01
6.958146450453342879e+01
6.740581847207124611e+01
4.754241777354519627e+01
6.184924665125588206e+01
6.154624461157009563e+01
5.401686638721177047e+01
4.392737846782028299e+01
6.210990335938842577e+01
4.677216050067038822e+01
5.386798257842026771e+01
5.159865465472702084e+01
6.025351750608148649e+01
5.746109389650523980e+01
4.186308082158542021e+01
5.620766032618308117e+01
6.578793075506136745e+01
4.016869102526936075e+01
6.111730744641110391e+01
7.018719269243575809e+01
4.300509537375314295e+01
6.556163040398821806e+01
4.717810576858192206e+01
5.927256999286828432e+01
6.134345065681537790e+01
5.508226084925201604e+01
4.886239051485539164e+01
6.535909261716726348e+01
5.873712721423252958e+01
4.396225956433943338e+01
6.102142693757632230e+01
7.254218778895709363e+01
5.215728161584860345e+01
6.234663802999033777e+01
4.424652665675707652e+01
4.596713099688420101e+01
5.496727567362972167e+01
6.428085559175467267e+01
3.994351371868327760e+01
6.191706448508954708e+01
4.560347228896031879e+01
5.158525924066623247e+01
3.709485657495099531e+01
5.118533354293944626e+01
5.956327467578763191e+01
4.040063174122988698e+01
3.054657063048489718e+01
5.944696980463002944e+01
4.243052385560888240e+01
6.095879977835728170e+01
5.719009569986193497e+01
4.218594477983690894e+01
3.121806357973969170e+01
6.120995216238202374e+01
4.421765716304238936e+01
3.880942354569722141e+01
3.995867485827152876e+01
4.866192443590361449e+01
3.428506613679622461e+01
4.892860850859442223e+01
5.640913238085262549e+01
3.790090260677642675e+01
2.886809223375228584e+01
5.493193626391420992e+01
5.152121770492869501e+01
3.844326904577592785e+01
6.287181855128694252e+01
4.259574398459093203e+01
4.539504095057942834e+01
5.816894885130142967e+01
5.363247105088883160e+01
3.961067117764680745e+01
3.141061053553843863e+01
5.882050935132198077e+01
4.176004394362943373e+01
6.991611408426520313e+01
7.313060932503904610e+01
4.499095804510498908e+01
3.286251916910077142e+01
6.017879561356600249e+01
6.127115063462453293e+01
4.150199850317488171e+01
4.414322828335583893e+01
3.280714396250738218e+01
3.904933659181693884e+01
3.863108066775809846e+01
3.561632121652115046e+01
4.792258241224666904e+01
3.298049138476568487e+01
3.572815100681774680e+01
4.466155702789090043e+01
4.076495079303748525e+01
3.046999626554584850e+01
4.769528499260820098e+01
2.802884031232678197e+01
2.012227698403388487e+01
3.580212712300238564e+01
3.548792658171242209e+01
2.593769985316164650e+01
2.364468002999110752e+01
2.750898356197246031e+01
3.721557979999312948e+01
3.474639224761512679e+01
2.715715555988279561e+01
3.256765226269795477e+01
2.987442602833040795e+01
2.764443450379681977e+01
3.553713558913843684e+01
2.426078679441385688e+01
2.616883660529117250e+01
2.785290328118025727e+01
2.076605930671312805e+01
3.661291485665233836e+01
3.556515104626652146e+01
2.606778633316723415e+01
2.166447724711670375e+01
2.579475923358071299e+01
2.907682729002169708e+01
3.202116714245102713e+01
2.984508068285591520e+01
2.240849130163429948e+01
2.645057017079929196e+01
2.740183597497589219e+01
2.501112674619774623e+01
2.569177803415956873e+01
4.303344162911805171e+01
3.932245671582734303e+01
2.816354044855390626e+01
2.333283873444973011e+01
2.934603621099498483e+01
2.716535032900134183e+01
3.040123805024162706e+01
2.269841240062479315e+01
2.449751741399686722e+01
2.279498318479251395e+01
1.895408422867107845e+01
2.229852103963705900e+01
3.476058155869593236e+01
2.930462539973376579e+01
2.014802233087953454e+01
2.191642946371658240e+01
1.618849818153683984e+01
1.653148559868278866e+01
1.524951261994183227e+01
2.136300641950462520e+01
1.465218219557844037e+01
1.200413139392010287e+01
1.444155484782757703e+01
1.211887905466937099e+01
1.486798149790437762e+01
2.284811740123057078e+01
1.931430957031924223e+01
2.861756343820865922e+01
2.408602747943415778e+01
2.800830144348396544e+01
2.342310518906064942e+01
2.870340944893876411e+01
3.577959178149409070e+01
3.276085901548393764e+01
3.509815056649978970e+01
3.685565332842159592e+01
2.948032227458381627e+01
3.507701713686783762e+01
4.206992589319192888e+01
2.810874806698373618e+01
3.218653811655208585e+01
2.280001974564237699e+01
2.532618641928523218e+01
7.999144786122046469e+01
7.148430852157488857e+01
7.999597731046483773e+01
5.727313142139021096e+01
9.005158898996330663e+01
5.610505052680748150e+01
7.531540904012889825e+01
6.384309837074738425e+01
7.453564639594225127e+01
4.038397085197944136e+01
9.261311609834369563e+01
9.605961409156869024e+01
5.443656335772265464e+01
4.738246549361167581e+01
7.712148563446798732e+01
8.940124963750598397e+01
4.292843299349961228e+01
4.354548696605878888e+01
6.628995170985974994e+01
5.505494607729386303e+01
5.214911860727288229e+01
3.178238015525655413e+01
9.193809864565157852e+01
9.145359350657136588e+01
5.696445075795379154e+01
6.082823942239573256e+01
4.814953129003208687e+01
2.263960795812246118e+01
7.761206574902233513e+01
6.833447200873456495e+01
5.223631801108567885e+01
6.215396741864724106e+01
2.738565956601277307e+01
3.399534992703001279e+01
6.140248601438059950e+01
7.250166636569517209e+01
4.312520691963397468e+01
3.002270853274632145e+01
3.211794728651246089e+01
8.823570922493027524e+01
8.581396605541071665e+01
8.932964381965697953e+01
5.697730285522515459e+01
6.301560321002274634e+01
4.073632126423275679e+01
2.935022092316551934e+01
4.343004355690579388e+01
2.915273905832378887e+01
6.864904728592523497e+01
7.852220302630031767e+01
9.161369486652628780e+01
5.482277708877400357e+01
4.143562642609951752e+01
4.310021646963522102e+01
5.119234488051561982e+01
3.601266274559762337e+01
2.666091584767127642e+01
6.893974560933727957e+01
6.361939930266798626e+01
5.273270747469656072e+01
4.890600111254146753e+01
4.815657444805788856e+01
5.495011847351548795e+01
2.677736278195843056e+01
3.306465777800968198e+01
8.359594487554444697e+01
8.297502821479729107e+01
8.984639309812834540e+01
6.946315883856654239e+01
5.855935848554845080e+01
4.158202719102735756e+01
5.438777511413348265e+01
6.857081123241890452e+01
4.263025657962463555e+01
4.142601938207521073e+01
3.138698311601756075e+01
2.643050121629309857e+01
8.359322983621808589e+01
7.801016737897711550e+01
5.826938621802529639e+01
6.182313809695167350e+01
6.588468696959741067e+01
7.683287810678653784e+01
5.479225210743755525e+01
5.953735780254885412e+01
3.830659763251644989e+01
3.277786286350674771e+01
3.597118369879926547e+01
3.569419339004758029e+01
7.999144786122046469e+01
8.094484975551313255e+01
6.861594492171110460e+01
8.373065877044429328e+01
8.562322068092824168e+01
7.793820385435776643e+01
9.410777935711489306e+01
9.474629475167579074e+01
5.847900660770944370e+01
8.459597162144473259e+01
9.975799258945644965e+01
1.127980820606996559e+02
6.905862846862071081e+01
4.765023228871761773e+01
8.513675089214929415e+01
1.045822004193280605e+02
1.300464032914861718e+02
8.909310811463220148e+01
6.996833899544880353e+01
8.582454205251353585e+01
1.069984764948508911e+02
1.399030802136726663e+02
1.017552514792723315e+02
8.503191150775676022e+01
7.620910501712585017e+01
8.610199755464252291e+01
1.083272515630465023e+02
1.458831931308341439e+02
1.101912937986130032e+02
9.650405004654516006e+01
7.860781395358351631e+01
3.777145324205859112e+01
8.621847492104843980e+01
1.097232702578942281e+02
1.515190965651540580e+02
1.191861439947692674e+02
1.111472005929128670e+02
9.381369997328897625e+01
4.581146645709797838e+01
3.753815953899097480e+01
8.642871543166316428e+01
3.336344810959386109e+01
8.663336291476065298e+01
1.109155169261877631e+02
1.561590717115891209e+02
1.269568513807578540e+02
1.248403838580873639e+02
1.115759508797135879e+02
5.845336657514909717e+01
5.194646861069284682e+01
1.114582618583288252e+02
1.586195274384047593e+02
1.312283694723172118e+02
1.329608733572810024e+02
1.218354871222649081e+02
6.582123821324488233e+01
8.669323599197373653e+01
3.027788019990697777e+01
8.673235295429971359e+01
1.118446678254754687e+02
1.604106313329880038e+02
1.344137659313227289e+02
1.392827506651816236e+02
1.304746454239584352e+02
7.274041696902797582e+01
6.856149735125480049e+01
8.679885008632307120e+01
1.122704396827723201e+02
1.621498016931677739e+02
1.374779967170927364e+02
1.453242089539708672e+02
1.394761459412189311e+02
8.052676758206052909e+01
7.927279588762084472e+01
2.138732583798423903e+01
8.686746507209522861e+01
1.126612125699179501e+02
1.636699846635031861e+02
1.401442210709002438e+02
1.505904985139649170e+02
1.476549984073554356e+02
8.792157092611920177e+01
9.005372110246385375e+01
8.691116503717661601e+01
1.129332936362445139e+02
1.647676950543857686e+02
1.420922581617152787e+02
1.545319982351371664e+02
1.538767059283722745e+02
9.376297997680644869e+01
9.897177843037857770e+01
5.063518935227089202e+01
8.695590442343606696e+01
1.131856999199709577e+02
1.657431289062182316e+02
1.438083233348851593e+02
1.579819236452473490e+02
1.594385261365795827e+02
9.909561834652582490e+01
1.073758805116140991e+02
3.785344551724693929e+01
6.203533138563004457e+01
6.084857334112302141e+01
4.065917977872994982e+01
8.698607204615443322e+01
1.133696666847242795e+02
1.664765140156594043e+02
1.451099795368550645e+02
1.606429713540881039e+02
1.637673350666139527e+02
1.033497888326855758e+02
1.142923392997253274e+02
4.322238088857820060e+01
7.251719284927210651e+01
7.190207414207142733e+01
4.831227571764419793e+01
8.700120995650223676e+01
1.134882449676000249e+02
1.669895069035435426e+02
1.460407515475772868e+02
1.626044770701376763e+02
1.669810835623335663e+02
1.065998996904239107e+02
1.197469957315370124e+02
4.774459368570547468e+01
8.151036297570506406e+01
8.157704387511711275e+01
5.536113320996649634e+01
4.045031159881420990e+01
4.938133980122505307e+01
8.944976024819311533e+01
1.351058286415001533e+02
1.220225513986501085e+02
1.416763002857115055e+02
1.490232819094914305e+02
9.846171492365203903e+01
1.141014934869427151e+02
1.186527909343510032e+02
8.183878036648823695e+01
8.191607705019943353e+01
5.557475756141215584e+01
4.058381676055506659e+01
9.739876803378967907e+01
9.252877171355888208e+01
1.143630943832880433e+02
1.245254490030542485e+02
8.627926588595929047e+01
1.042077583553828362e+02
1.116632924573330143e+02
8.146793619883071358e+01
5.545456792127765766e+01
4.057561465669083134e+01
4.948045783020218380e+01
6.548317935940058021e+01
8.802829474444425273e+01
9.933198176739426799e+01
7.316420598379821172e+01
9.305251225597318410e+01
1.033776396925371870e+02
4.537423733529512759e+01
5.526302674974092355e+01
4.054921403607645658e+01
4.947751870920932049e+01
3.823367673034447733e+01
7.305115304079399152e+01
7.966033216119610927e+01
6.230452125223595772e+01
8.378646188841265996e+01
9.646729083181624276e+01
4.443554224090087956e+01
7.915886767667001322e+01
5.529728085495472811e+01
4.064536228493889070e+01
4.955820532519946653e+01
3.827386476738557519e+01
4.221184845826062570e+01
6.116598921154548663e+01
5.015311312214706163e+01
7.182071821468693429e+01
8.606619039899332790e+01
4.224623610411387631e+01
7.683287810678653784e+01
7.914744147943758890e+01
5.482508116623446170e+01
4.053482037684573669e+01
4.951305800534780843e+01
3.827402834423062927e+01
4.221837180784331167e+01
3.970306445657164574e+01
6.086029776759321663e+01
7.535817162779054001e+01
5.300338266748214977e+01
3.955284307247227815e+01
7.370909933237258826e+01
7.710809235649432480e+01
5.410985673249238204e+01
4.034651520280954173e+01
4.942764587488419181e+01
3.826588674232577603e+01
4.222399581223157838e+01
6.679841406480731791e+01
7.430113046383402775e+01
5.017282691756660995e+01
3.780895572087592882e+01
7.119638023165445873e+01
7.513125456269186486e+01
5.339598735731443924e+01
4.018591921074681039e+01
4.936228941528082714e+01
3.827001923951611673e+01
4.223564607735034571e+01
5.688906796764425877e+01
3.978082643902818205e+01
3.173776057374314519e+01
6.250920546759127205e+01
6.853432819439829871e+01
5.053868123056882666e+01
3.908201595120004157e+01
4.872279681851144062e+01
3.809239262189935005e+01
4.219237683507981274e+01
3.200755135693336939e+01
2.666789203094354122e+01
5.396918838779004801e+01
6.109426969722239420e+01
4.704773864541679274e+01
3.767859596247660647e+01
4.789306823258335299e+01
3.786485314556658466e+01
4.213897235711750255e+01
2.603479910573084055e+01
4.902446359381849561e+01
5.431186798172242902e+01
4.327281380643002962e+01
3.604111712875350548e+01
4.686418071999312218e+01
3.758437107534340527e+01
4.207627200534152934e+01
3.984795879638140548e+01
4.335606834788949726e+01
3.665705943865985006e+01
3.277786286350674771e+01
4.469091654619715115e+01
3.694107272612776427e+01
4.191316113281015276e+01
2.935290119920574980e+01
2.747556297687586024e+01
2.757613446199554019e+01
4.091340791220825679e+01
3.576241821351779038e+01
4.160630366495945509e+01
2.818926066030029887e+01
2.623181589792890023e+01
3.832971676692279317e+01
3.481513324604195958e+01
4.137637769961360590e+01
3.161288722622250802e+01
3.783823644504473549e+01
3.410370389412491221e+01
4.118574136548245690e+01
3.442037063198272762e+01
3.166682261809085119e+01
4.043773931636408747e+01
2.561816473521032123e+01
3.822837904922852204e+01
3.569419339004758029e+01
