5.525229144829335581e+01
6.047978005262384471e+01
8.039778116517690876e+01
1.169308123380517657e+02
7.199775528758027576e+01
8.603921132418238926e+01
1.289653734705695456e+02
1.203483710558683981e+02
5.081047999165151197e+01
6.781760078661122293e+01
9.351303057841350608e+01
5.813171130525457642e+01
7.112877584778634343e+01
1.179544854809329877e+02
9.320901467234170923e+01
1.083387848772860025e+02
6.958213600235049512e+01
1.052468488959210191e+02
1.002278022715462669e+02
1.242653875019738479e+02
7.370018341547405782e+01
8.953898470777261309e+01
5.505690512731798236e+01
6.869895431546522957e+01
1.132878147665116444e+02
8.842500632375617897e+01
1.007563400129182156e+02
1.186069336039705462e+02
7.730007082332978996e+01
8.985316796192827837e+01
1.079470446038810962e+02
1.375173852495161100e+02
9.223165172459202665e+01
7.505915301699441500e+01
9.153627101727155946e+01
1.262671540233100131e+02
5.262717639478940868e+01
3.516487847327293537e+01
4.726917075430100823e+01
8.020358221630475271e+01
6.415053690847427958e+01
6.812616402349682687e+01
8.038220060368435327e+01
9.924482463239029073e+01
8.005716254751116878e+01
9.455305119736846109e+01
1.165398033496757364e+02
7.234664608248867523e+01
8.541164003946632022e+01
1.047019516549482461e+02
1.375454801393817945e+02
4.216758227405392034e+01
5.859840324838216929e+01
9.739835601843464019e+01
7.702295746007222021e+01
8.271963288923419100e+01
1.062427968332477093e+02
9.531329157088990200e+01
1.330499305650247663e+02
1.059529365674850681e+02
1.583060516797693822e+02
1.448827598440120425e+02
1.331557015777779043e+02
1.173532969114247209e+02
1.617897116436328986e+02
1.138725817666459363e+02
1.352655987500580466e+02
1.677001551647979909e+02
1.056256785009592676e+02
1.638332898835899698e+02
1.229778666715774875e+02
1.316581583215868818e+02
1.694335776128403950e+02
1.408872715285057495e+02
2.147631977711957063e+02
2.038805759137330540e+02
1.107463560492708297e+02
1.473654650098993955e+02
1.956755687254239433e+02
9.550907840027339546e+01
1.472769889514579802e+02
1.417333426384524557e+02
1.150132775135976857e+02
1.054540801968624635e+02
1.541801231437064246e+02
8.937808437052542843e+01
6.089891582976203210e+01
6.499036101916264840e+01
8.393487812114152291e+01
7.008109857331703552e+01
8.459004776363489952e+01
1.141933404513305703e+02
1.543709104320919039e+02
8.647041047499602939e+01
1.469689361215691576e+02
1.615817268608862491e+02
9.639767406408410011e+01
9.476241481620938600e+01
1.313021930539454161e+02
1.822623164453219715e+02
6.153267926348974015e+01
9.647228891218018987e+01
9.652233654931858098e+01
4.170559995465504954e+01
4.845940640073453665e+01
6.568387265640589590e+01
5.664661683511107526e+01
7.039373978089301431e+01
1.198573457896245174e+02
7.300363379573168743e+01
1.496785241887265840e+02
1.144464647728891720e+02
2.363152514653897072e+02
8.947592650336623876e+01
1.545025737757920865e+02
1.486883798446928893e+02
9.018976065013291077e+01
8.946360285344209728e+01
1.235918730586423351e+02
1.714053037403917301e+02
7.160012905129927674e+01
9.463499902672828057e+01
8.043099905213080092e+01
1.003388662717875377e+02
1.696091683493276889e+02
9.292502565951670590e+01
1.626686204138783012e+02
1.882876854713522050e+02
1.060368590760973859e+02
2.226542583559184720e+02
7.386292226929094795e+01
1.294505298538747411e+02
1.372835862634371438e+02
8.613580829675611028e+01
7.306787847278710046e+01
5.928220477236228447e+01
7.263603461025873287e+01
1.188242873630484837e+02
6.572357408365391507e+01
8.748112890714436674e+01
1.826253583314982905e+02
2.488903043219157496e+02
1.637392334424027922e+02
9.178632175224826995e+01
1.930902060871602259e+02
6.254643263682042686e+01
1.096811478092029688e+02
6.013753652777044323e+01
7.085490599334208639e+01
1.093196329524411539e+02
6.073213822591969802e+01
8.151164397396732397e+01
1.457374472551127553e+02
1.464560488228634938e+02
2.307665709047649898e+02
1.584428904167717462e+02
8.913737694056466410e+01
1.830024773724670411e+02
8.529586253890798275e+01
1.230150566382106518e+02
6.876992861377111410e+01
9.349069244369037790e+01
1.672400972777804213e+02
2.315767828308852643e+02
2.077372727813445579e+02
1.521439953526209194e+02
1.051668398708904277e+02
5.898747676648127225e+01
8.095287777354724312e+01
1.435216984676605421e+02
1.944579527731542896e+02
6.063095280313874014e+01
1.936333103974052108e+02
5.055271770463954795e+01
7.630176423112753525e+01
1.407159069467928418e+02
1.931621968169058903e+02
6.123305263867862180e+01
1.046838926620837213e+02
1.984283229737310421e+02
2.748101877731562581e+02
8.891047503245178518e+01
8.200451550795220612e+01
1.102863669590038995e+02
3.655052650605341569e+01
9.160852058547516208e+01
3.335385695558280617e+01
4.443832840815922225e+01
5.792125165948515786e+01
6.747690077167804645e+01
5.429518974811886523e+01
6.575903701696577741e+01
7.666132809925072422e+01
9.846073299414155144e+01
1.209301189304729434e+02
6.551341922941570317e+01
1.015054635561494649e+02
7.129990547400740297e+01
1.207209529779007369e+02
1.738444233119429327e+02
6.760709887505977633e+01
9.573160253353223936e+01
1.152811654612523569e+02
9.629573561605336351e+01
9.296139591643057543e+01
6.611045567869611261e+01
1.063046788712823343e+02
9.448910426941458240e+01
1.138075865818058077e+02
7.112871052082603285e+01
1.498879518425356139e+02
1.161526809470816914e+02
1.112340325621406976e+02
1.457879287269374800e+02
9.207728267622078988e+01
8.932253087838678596e+01
1.324086376768933349e+02
1.503076169646770666e+02
1.210242983888222881e+02
1.128720064248141739e+02
9.991313353114655627e+01
8.235209172369090425e+01
1.302016749851395616e+02
1.519358479509375570e+02
1.190360444665928412e+02
1.145300397094245284e+02
9.716179975868826091e+01
7.781587233758467903e+01
1.514618801846495728e+02
1.669255772123055692e+02
2.132481874121538112e+02
1.435008046805064623e+02
1.299675974067222626e+02
1.208599784375584818e+02
1.392943333052962771e+02
9.785349171472283558e+01
1.272996648494441132e+02
1.651284371849607737e+02
1.752961655820546412e+02
1.605898794911668404e+02
1.381466632605144014e+02
1.472338587546823305e+02
1.281866513877158695e+02
1.200215516793021067e+02
1.464827650674685344e+02
7.089837351166019630e+01
1.637359684447598340e+02
1.605284257697765611e+02
1.513814184361548882e+02
1.458955046036717818e+02
1.520355654308539783e+02
1.510905476117698925e+02
1.315018228105279263e+02
1.251540771841995081e+02
9.067113643790287369e+01
1.647793641383734098e+02
1.815091966819872198e+02
1.621702600756803747e+02
1.374061241106020361e+02
1.414336231208930883e+02
1.611145524022751658e+02
1.489174655529041900e+02
1.260143763665223418e+02
1.181189680517946528e+02
1.773799778744792377e+02
7.267835180488216906e+01
9.420504182577894881e+01
1.744827509235900038e+02
1.677541311874297492e+02
1.771655016926780490e+02
1.654374348179665901e+02
1.518600162582029327e+02
1.384826822967141027e+02
1.385063537694595937e+02
1.779165257037904837e+02
1.223823050847706213e+02
9.085876017911131441e+01
1.158428273397656625e+02
1.613369774056821768e+02
5.792125165948515786e+01
6.148348860926270731e+01
7.359065228979483209e+01
6.057489824777552201e+01
7.347780088993954450e+01
5.540107415178843553e+01
5.857398254744694555e+01
6.811318036143158849e+01
5.910138243817768000e+01
5.972691322717978579e+01
5.858777281546453253e+01
7.012304618871469586e+01
7.109165345329367369e+01
8.659791215148545973e+01
1.282065931509375787e+02
7.024121895533120608e+01
7.705700600372448150e+01
1.041389906808600614e+02
5.836001088852221130e+01
1.659222717256810711e+02
8.591568216558140136e+01
6.809411601948400516e+01
7.660645285915478553e+01
1.063874626961521130e+02
1.674127997519257747e+02
7.985709622715042144e+01
5.261938711962886117e+01
5.767519788291427574e+01
6.743970288296124238e+01
7.771147105498170049e+01
1.122570049785593937e+02
1.852231586023438865e+02
9.463205937644438848e+01
7.227809633322613081e+01
8.822557549520465159e+01
5.720592937849317394e+01
6.691061519911482947e+01
7.827445228146706313e+01
1.160624556226710808e+02
1.986053951543512426e+02
1.080381512581894583e+02
9.192296213959670581e+01
1.188263808167336890e+02
5.696774961327731290e+01
6.617679312331372898e+01
7.793773398390752050e+01
1.169229035398355165e+02
2.034598137547533554e+02
1.150622349035366483e+02
1.048332831856950946e+02
1.396138969957949598e+02
7.812386368091098632e+01
1.186924162013503548e+02
2.107268367157934676e+02
1.240401180505147920e+02
1.205054275899801866e+02
1.705410742711789283e+02
1.123586846437802791e+02
9.533099337199503509e+01
9.879191239929853907e+01
6.550490856224227798e+01
7.798645021185019743e+01
1.193089354796180714e+02
2.142843275153323646e+02
1.296667549595855178e+02
1.319350179342080480e+02
1.952944898846502042e+02
1.340650115895824968e+02
1.174463573026912400e+02
1.246460329884327791e+02
1.011030925976566266e+02
1.173934563955410226e+02
2.101141686231144661e+02
1.284007317894929656e+02
1.339437452763049237e+02
2.017689314667931910e+02
1.397747888013119564e+02
1.220382978889449817e+02
1.261447733182011177e+02
9.328486435425122636e+01
7.253078374231542114e+01
2.131342239021298610e+02
1.326543642193865651e+02
1.425791887559991551e+02
2.221367674112804309e+02
1.599253862897872693e+02
1.460980121232732074e+02
1.594220946775784000e+02
1.251925409146639652e+02
1.150355874697281990e+02
1.418587841925817088e+02
1.181622962059373094e+02
2.141131260169834718e+02
1.348858788465497298e+02
1.481226614687987819e+02
2.363010027858819058e+02
1.747803375520443296e+02
1.862575298096922438e+02
1.513751912204457426e+02
1.514455337285399139e+02
8.616816385602847106e+01
2.140231241702796581e+02
5.625698714252735755e+01
7.622547680685451610e+01
1.168277559421332086e+02
2.108520576634625741e+02
1.332403540541067457e+02
1.479431471085999306e+02
2.381671835702192368e+02
1.776940583837687768e+02
1.689414404003680374e+02
1.920155721597439253e+02
1.546650457944728885e+02
1.579014010103521457e+02
2.288077647854959196e+02
9.429136701320956604e+01
1.146939810372185917e+02
2.051536984852498051e+02
1.292743354899052690e+02
1.441178903968271356e+02
2.318627400593392451e+02
1.723999477528608395e+02
1.827736121137120051e+02
1.421503045260515137e+02
1.427760874470947101e+02
2.007494161608239551e+02
7.901824211436461098e+01
6.839263290096947401e+01
1.150081804433741297e+02
2.063829474988770585e+02
1.310022262569632403e+02
1.478200482453621021e+02
2.412959458354204401e+02
2.030277885612095474e+02
1.621080220494075377e+02
1.692268233107699302e+02
2.496569462940735775e+02
1.052186875358674030e+02
1.020602215180894063e+02
1.365204777784301484e+02
2.035441143198974885e+02
1.018069451582071565e+02
1.791708483959943692e+02
1.165526275364738922e+02
1.356701278491353833e+02
2.258299039165528654e+02
1.739151120751123756e+02
1.706180081935885653e+02
1.597869514474497805e+02
1.679830071860160103e+02
2.488940219964800349e+02
1.052162534460408239e+02
1.022124767232916724e+02
1.367198592063192280e+02
2.036110973969292672e+02
1.467195102553571644e+02
9.901802615968858845e+01
1.202292617722249446e+02
2.054038722665957550e+02
1.618858524948726370e+02
1.621936913891260588e+02
1.921362523412264238e+02
1.561557159281354927e+02
1.658335510277163110e+02
2.473144142584537519e+02
1.050294011233178679e+02
1.022830555840903770e+02
1.368790320955199320e+02
2.036602689026489656e+02
8.250405710189255615e+01
1.050136058344157988e+02
1.839946311180485736e+02
1.486173340857611720e+02
1.525272724568586682e+02
1.843173864460441678e+02
1.517402281312880632e+02
2.453132964152090665e+02
1.047840533124812481e+02
1.023609812473911092e+02
1.370676162344124123e+02
2.037182509617295807e+02
8.354332380032899152e+01
1.539712673539387140e+02
1.296893686673172112e+02
1.381661498527872425e+02
1.721075418092517850e+02
1.447319855805000941e+02
1.586065199520241151e+02
2.415491300281233862e+02
1.041182866432092169e+02
1.022372855597940884e+02
1.371465715642245868e+02
2.037319282534147078e+02
1.332064167681558331e+02
1.148462926054838391e+02
1.263067855987456483e+02
1.617253474001765028e+02
1.384826822967141027e+02
1.546670449542365589e+02
2.385339216446721196e+02
1.037770242931600819e+02
1.023981022497864473e+02
1.374738516522420468e+02
2.038377242774798788e+02
1.177827595321204370e+02
1.277654387274172478e+02
1.632776071210534496e+02
1.388259592391235913e+02
1.559720588913487518e+02
2.410321014641829152e+02
1.051991389366541370e+02
1.037823198881583693e+02
1.387314032681401272e+02
2.042909508894795749e+02
1.094822024602942605e+02
9.078704063982050343e+01
1.055893104688867083e+02
1.425955384613299088e+02
1.260591924664338990e+02
1.470615480792366156e+02
2.333341519737695933e+02
1.038815126581640982e+02
1.036226482777470039e+02
1.389924329223863140e+02
2.043644485905901433e+02
1.162016494139169112e+02
1.090260093687949734e+02
1.343061292329348930e+02
2.215278451404841746e+02
1.015955560135097784e+02
1.030838888985789765e+02
1.391243866510739338e+02
2.043880012160898048e+02
9.959765351246915088e+01
1.266415354017362347e+02
2.141213612585878536e+02
1.008970044198430003e+02
1.038592196065221032e+02
1.403617052804946752e+02
2.048086944177359499e+02
8.470841979921502229e+01
8.136898319088557230e+01
1.098175563446867216e+02
1.950696568787149943e+02
9.688155911343915250e+01
1.029504659472748500e+02
1.407068929647898585e+02
2.048919332159722160e+02
6.772386581679749895e+01
9.275077152887469367e+01
1.705369344286125397e+02
9.085876017911131441e+01
1.012032547541493273e+02
1.408643953701631233e+02
2.048837630665499603e+02
8.800561225861504511e+01
1.507040046645406903e+02
8.532717315242507539e+01
1.002398542281731153e+02
1.421191012435512562e+02
2.051891641823771693e+02
1.222549946281531703e+02
7.518210996914935151e+01
9.637822696658750488e+01
1.422280506333033259e+02
2.049965881823597158e+02
6.025811352449958491e+01
8.967745607671835728e+01
1.420284912839682931e+02
2.046361170334092492e+02
9.825083613413292483e+01
1.561607597503139573e+02
2.086806735885488990e+02
1.190706237854799241e+02
1.962813809685476087e+02
1.613369774056821768e+02
