8.781991598770679275e+01
1.057801007562862452e+02
1.350360139925818714e+02
1.470866876956536942e+02
1.772617003628759562e+02
1.939729377791717297e+02
2.182794090263928695e+02
2.692176243743955979e+02
8.867997672934335185e+01
1.121956013781795747e+02
1.248911241991415437e+02
1.516364098215838112e+02
1.676204822765785991e+02
1.774655432380855018e+02
2.071995565857286010e+02
2.595139067272540956e+02
1.478171339122724248e+02
1.716720017719767100e+02
2.194818089919849058e+02
2.303563348307039007e+02
2.459138772759391145e+02
8.461036629939536624e+01
9.751504409669671247e+01
1.211053856813768306e+02
1.364948975505618023e+02
1.474250810379192842e+02
1.780331891945413076e+02
1.965164879150345882e+02
2.190593008536063735e+02
1.711057670043568351e+02
1.908384407709395418e+02
2.154206857436751363e+02
2.310029540746371310e+02
2.297433903031054001e+02
1.315987226811403161e+02
1.587424269849696543e+02
2.086894173660568867e+02
2.148862868216408515e+02
2.229462931490848518e+02
7.527590977609369816e+01
9.579139038686851393e+01
1.108164666589616019e+02
1.225520976520337513e+02
1.498933147080161916e+02
1.455362841627103876e+02
2.024983537982862174e+02
1.908289574164412272e+02
1.518095426477433989e+02
2.123476564340259642e+02
2.011240593671456338e+02
2.261464862348803706e+02
2.465381043339510256e+02
1.509016352647231827e+02
1.694815913109002850e+02
1.983241383264018509e+02
2.183252998674577441e+02
2.228463696335615225e+02
9.498716215167299026e+01
1.097889748212088818e+02
1.235952714581081295e+02
1.514776846891575133e+02
1.477949273918862616e+02
2.068675040488455181e+02
2.011354658632677115e+02
2.156094165627194741e+02
2.046048809335037788e+02
1.877540555266851641e+02
2.169070179318833880e+02
2.257072678142216944e+02
1.863307386644127348e+02
1.830880849182012469e+02
1.981746582726260328e+02
2.159429972920716239e+02
2.316439406483413279e+02
1.285507223635775631e+02
1.850557295024910616e+02
1.819221671211447813e+02
2.116199697624017517e+02
2.371980294909451459e+02
8.268404476142748649e+01
9.644534039051949037e+01
1.194553477196279090e+02
1.175480642999392700e+02
1.672264466686280286e+02
1.738526095095250525e+02
1.620207939314250325e+02
1.908601315398216514e+02
1.657524359007560406e+02
1.925206308023676911e+02
2.069162620176735174e+02
2.173616726421868748e+02
1.785176895169315117e+02
1.677159709209578864e+02
1.989541123831257607e+02
2.133023163045875492e+02
1.620050247242197372e+02
1.631640153849455430e+02
1.813513529109431204e+02
2.033277675693872482e+02
2.238043299562554296e+02
9.084626467646155845e+01
1.102229786717900311e+02
1.590200234296151791e+02
1.675140587958752292e+02
1.512130476850774130e+02
1.775038654489310943e+02
1.946649886467946828e+02
1.949484695806818308e+02
2.000654827802609361e+02
2.154317871698114573e+02
2.408877262093443790e+02
1.697536948532838039e+02
1.889482298428892193e+02
2.027122632185430007e+02
2.013829427474765623e+02
1.421084070762763645e+02
1.681047801855666251e+02
1.858888662233266018e+02
2.016578032070870279e+02
1.786760494809232682e+02
1.975257684082235130e+02
9.185280928499756214e+01
9.031261274013145623e+01
1.332066508328358339e+02
1.426411667279499511e+02
1.312057029975936473e+02
1.496757535694727892e+02
1.681412068310980317e+02
1.839635255407723378e+02
1.790925162364357561e+02
1.863304120816707155e+02
2.019881305825717277e+02
2.280448578150236187e+02
1.675399154253889833e+02
1.755680341151514767e+02
1.937779546162719555e+02
2.221950242021095789e+02
1.821378375658546815e+02
1.154333253802894745e+02
1.394892134889600754e+02
1.593308922517909991e+02
1.789061973650875927e+02
6.861422835196478331e+01
1.031982630282732458e+02
1.130062295592116328e+02
1.064156930792075997e+02
1.231302167743890408e+02
1.377748363775124574e+02
1.461754327436011351e+02
1.641109481160077053e+02
1.713477999860549517e+02
1.862092414852087927e+02
1.864185957433014096e+02
1.580065818693976212e+02
1.667604137363429970e+02
1.852520700788131762e+02
2.139168890366947267e+02
1.416497647169921379e+02
1.513959797879132907e+02
1.711472784380469534e+02
2.014431482919884786e+02
1.205559223131057109e+02
1.381623739696152597e+02
1.566975828510944666e+02
1.661773477408832491e+02
9.418034266857338821e+01
1.048810869166187700e+02
1.016370338814398622e+02
1.190840928365074376e+02
1.339096618605652509e+02
1.415684769229802953e+02
1.508399496271858311e+02
1.712905451640517924e+02
1.887424405660211733e+02
1.795237801403312119e+02
2.276886107401854815e+02
1.590215168516849360e+02
1.787947595818556010e+02
1.700285678962364955e+02
1.652914968220790968e+02
1.274718790544790465e+02
1.369133425967775111e+02
1.569213062118752191e+02
1.863688471870106298e+02
1.152845833949653382e+02
1.260740146689285979e+02
1.465473744225295434e+02
1.775816458393471748e+02
7.922256773119489992e+01
7.868529408453404983e+01
9.319543076210557331e+01
1.046381655193492861e+02
1.118411061610141388e+02
1.183708587040617886e+02
1.311859950093422924e+02
1.376179287021647895e+02
1.741544728620286264e+02
1.688032541162662028e+02
2.235606913357127326e+02
1.702875437985531448e+02
1.640889528007150773e+02
2.109604959082921880e+02
1.415743395947198167e+02
1.620479479578562234e+02
1.568612010465031119e+02
1.288618121990030545e+02
1.436412171207478536e+02
1.519721407269094016e+02
1.163360697732394584e+02
1.260503825179376491e+02
1.481773667659377054e+02
1.800936414919246715e+02
8.285821867940020979e+01
9.827574217278250046e+01
1.098233116281001855e+02
1.189052275947225752e+02
1.272170295351869669e+02
1.336062257436987011e+02
1.557098637522669264e+02
1.537470689839613556e+02
1.551048423952179576e+02
1.607823451268813244e+02
1.480233897314868159e+02
1.449175987636262164e+02
1.894133172396203975e+02
1.195677604062148021e+02
1.402393809873432531e+02
1.391788959671250154e+02
1.125020891572521009e+02
1.269613157164117752e+02
1.391234771319577135e+02
8.380066133306587517e+01
8.955462592073250505e+01
9.713362735502791168e+01
1.040903837240052781e+02
1.091820033783270958e+02
1.292524987433233719e+02
1.278886524421102564e+02
1.692622715030793472e+02
1.428482278071050189e+02
2.147098395789138010e+02
1.289675291489124902e+02
1.360893175485910831e+02
1.254872354662752514e+02
1.254806648552719821e+02
1.748669002478122252e+02
1.165071445231452287e+02
1.168867419559770013e+02
1.568938598564363645e+02
8.854946340453359710e+01
1.067162663372893263e+02
1.090038041681826542e+02
6.313709639999008516e+01
6.834046381612485277e+01
7.356794503038916844e+01
7.675375177515799408e+01
9.198868245525470400e+01
9.271070799325342193e+01
9.281991296252043355e+01
1.311890158001165219e+02
1.304210190055959515e+02
2.052360595178243159e+02
1.191827391574974371e+02
1.814131870847444645e+02
1.063083746359727684e+02
1.139987809548889430e+02
9.716282427125109677e+01
9.828210846106139797e+01
1.405430559552284251e+02
8.767660033796131813e+01
8.842737441118420350e+01
1.193199682882437145e+02
6.137615005310544802e+01
6.688464681637331921e+01
6.996000078489009866e+01
8.521109887903224944e+01
8.657032641828968167e+01
8.546478287382713290e+01
9.199326974058247686e+01
1.377696002304910223e+02
2.499362971004429426e+02
1.110436507659284473e+02
1.780883369010673789e+02
1.007352140142844945e+02
1.550445591652815835e+02
8.394922865777812149e+01
9.088458850923602483e+01
8.281375657354126929e+01
8.425962990237063366e+01
1.231126803471050550e+02
6.084513589189567995e+01
6.338969203935609187e+01
7.891316392723292950e+01
8.066625135192954588e+01
8.010489022640969381e+01
8.552683272651260893e+01
1.316450764877930624e+02
9.854573362360184774e+01
2.073198427121410532e+02
9.008608264588161774e+01
1.475668266709456589e+02
7.865954795042635794e+01
1.223340055596474514e+02
7.002382116147408908e+01
7.754191550454685000e+01
4.823821957911265912e+01
6.210010135197097014e+01
6.417336523280843608e+01
6.426119656750961440e+01
6.942446228003804265e+01
7.426686455104405127e+01
1.236625484184419292e+02
8.261979096352337137e+01
1.669005628581535632e+02
7.283144960995727502e+01
1.223123051945174353e+02
6.342490628983251355e+01
9.935125784758022860e+01
5.582104057581238266e+01
5.999496129885732643e+01
6.479920312351404732e+01
1.396270269327224014e+02
6.811620450493501266e+01
6.865824236520309398e+01
1.365908208407365407e+02
6.072421725557983052e+01
1.035932889400160377e+02
5.340693474569778942e+01
5.904107037379912981e+01
5.667092072851076523e+01
1.133499518593134496e+02
4.084675397965800414e+01
4.411361564451332384e+01
4.939897092538739543e+01
1.065948682360682938e+02
5.189569723463397111e+01
6.032464907207024396e+01
4.608236998983555566e+01
3.747460806441161196e+01
4.136458045270198625e+01
8.591685194545219417e+01
4.275894344953251647e+01
5.009006418981280717e+01
3.798498389430230304e+01
7.165116248824961076e+01
3.636116705611492961e+01
4.252705626366749669e+01
6.308649726613121800e+01
3.247823245861546582e+01
3.785376963012687668e+01
2.597575469782015745e+01
3.040109770129816269e+01
5.255706598985374001e+01
1.062960022880577640e+02
1.006489320486692236e+02
9.653065229722743368e+01
1.066222555823322438e+02
1.426230788701870722e+02
9.501894748872967966e+01
1.436954895769614495e+02
1.065256956735870517e+02
1.418800124225352306e+02
1.014128437962961442e+02
1.811797716223773591e+02
1.804386842127577211e+02
1.387663743798570692e+02
9.423628789316988730e+01
1.812875806695765561e+02
1.959199531297825843e+02
1.375251208763585566e+02
1.055111631987965666e+02
1.730510876694790454e+02
1.841894783799735364e+02
1.333977791244247726e+02
8.566070458048960745e+01
2.019928618223642331e+02
2.186436066600489028e+02
1.657525611125295200e+02
1.655622101862201987e+02
1.272662532455013746e+02
1.028057545475350167e+02
2.054999981870193722e+02
2.086995754298640406e+02
1.609901448532362451e+02
1.808950168489043335e+02
1.300545131941231602e+02
9.470096976666950184e+01
1.956204865215597977e+02
2.075330758696125031e+02
1.665460496715689942e+02
1.551925563406965978e+02
1.345008407543061253e+02
8.014357896000541359e+01
2.282943914069126947e+02
2.396926939964917551e+02
2.320023726318875958e+02
1.956815927949830325e+02
1.987263912109068826e+02
1.631299408635623820e+02
1.889396113677697713e+02
1.157178165789532045e+02
8.137168707131837664e+01
2.301241331788876039e+02
2.298913633366446163e+02
2.512657184760554969e+02
1.982598327932381324e+02
2.049127404980696951e+02
1.578025174967506246e+02
1.716781467645292878e+02
1.012007550343091964e+02
7.399751522828842099e+01
2.270942273660776891e+02
2.397779156791388857e+02
2.176078965548616964e+02
1.839511273588311440e+02
2.144519687888197552e+02
1.401837922031090500e+02
1.339660906779881770e+02
1.052648983515348249e+02
6.553973095068562316e+01
2.576965040546560886e+02
2.655196545722013752e+02
2.632463593185173636e+02
2.181466736490816345e+02
2.350959376344731879e+02
2.640383764266119897e+02
1.829765015451888814e+02
1.846982106564242088e+02
1.314380184141341203e+02
1.377920273303963654e+02
1.014434855556467880e+02
6.605991224631924297e+01
2.472964940504817832e+02
2.686205120004134983e+02
2.714394530724695187e+02
2.083761205882231593e+02
2.282425399766943315e+02
2.412255333884969275e+02
1.683564146708252736e+02
1.633432738846923371e+02
1.260918261799302513e+02
1.363753235406083775e+02
9.019992304672761918e+01
5.907681839889333730e+01
2.732596876403651436e+02
2.897612294783971834e+02
3.000775255988457957e+02
2.700757122350115083e+02
2.410769606749521756e+02
2.517652351319918864e+02
2.854950695777671399e+02
2.059409355374500308e+02
2.044041746780662550e+02
1.894274563346113496e+02
1.535503082426131698e+02
1.646933365018188340e+02
1.231904169793491803e+02
1.276580282170926495e+02
8.406799085631281798e+01
5.760333536685615030e+01
2.686999821433994384e+02
2.846732976306807927e+02
3.008379715942082271e+02
3.345310287305422889e+02
2.323608586674260152e+02
2.470667788797387630e+02
2.437324362850820307e+02
1.922677708108295462e+02
1.918114067277325034e+02
1.953453993209851092e+02
1.520856366613697332e+02
1.612861964605349385e+02
1.176779970589011839e+02
1.221416916646508355e+02
8.169365633483579359e+01
5.342890710941733801e+01
2.675947758980369144e+02
2.746565131485536995e+02
2.942845666350435749e+02
3.083829367213751880e+02
2.315168701410229914e+02
2.318974054200676846e+02
2.197450772965998453e+02
1.805423753387634918e+02
1.913555245725219152e+02
2.010628898092176939e+02
1.471421429702095622e+02
1.515357808938182416e+02
1.121040144734866146e+02
1.156090033345705450e+02
7.957797163517118122e+01
4.856177509424074401e+01
2.925003275363206967e+02
3.049132311198469552e+02
3.136629538475077652e+02
3.522065010207669502e+02
2.589692821212603349e+02
2.741114496920813508e+02
2.667602953312205045e+02
2.449294625154627170e+02
1.783767859478112143e+02
1.863093195655373222e+02
1.876351828339815029e+02
1.462550760467142368e+02
1.498808067484428079e+02
1.089451184236801993e+02
1.190913250746225032e+02
7.550351754013396999e+01
5.174596645436714226e+01
2.801462636650574609e+02
2.882215107816513751e+02
3.012353924810523154e+02
2.946145631638345890e+02
2.440028427765348624e+02
2.441524294743128110e+02
2.389511082340464441e+02
2.411234179918651250e+02
1.960129997252288376e+02
2.056281130225346203e+02
2.131223726283425890e+02
1.662767385790718038e+02
1.693421216269734373e+02
1.711956571646587975e+02
1.318395966941587574e+02
1.395729195220822589e+02
9.565158005296554222e+01
9.963877012740026373e+01
6.174139854093966306e+01
3.846926099617916606e+01
2.867605362392511097e+02
2.828130195933828759e+02
2.657749087160208887e+02
2.314274034675591167e+02
2.406415792168335486e+02
2.507122469542904639e+02
1.957182679077696434e+02
2.018239617438050288e+02
2.029855907571946716e+02
1.590224025388545783e+02
1.659896401537584723e+02
1.660060621671226500e+02
1.240485498074042283e+02
1.338665784749143199e+02
8.834238930191617101e+01
9.012066578433005759e+01
5.844256470990269037e+01
7.148688124124814181e+01
2.688401607549442360e+02
2.650525065835922192e+02
2.743644353984222448e+02
1.902998458175036660e+02
1.959031797581942840e+02
1.961706570979625326e+02
1.551468977941069909e+02
1.638817621802933786e+02
1.739600565755600599e+02
1.191450302445038005e+02
1.216042452786062427e+02
8.247552797359490739e+01
8.779998066748966323e+01
8.320915439955516035e+01
3.202835581079087035e+01
1.062960022880577640e+02
1.151312342358271792e+02
1.070830690836929051e+02
1.155499300366014666e+02
1.295280462475228092e+02
9.970795771230228866e+01
1.322822368101888628e+02
1.173479687762942234e+02
1.138373864214179747e+02
1.431147456156933799e+02
1.505032175227215987e+02
1.518811685297227712e+02
1.034836628611802070e+02
1.128580931388462574e+02
1.436669917615915040e+02
1.604140467131207117e+02
1.781348116428456763e+02
1.381135122785211706e+02
1.119488728835780904e+02
1.121143165698773032e+02
1.434787826043043140e+02
1.658235694406384084e+02
1.962864121283980410e+02
1.678005366042430921e+02
1.488859004291860231e+02
1.080694192513192462e+02
1.113446840400149114e+02
1.423621068997020700e+02
1.672404502701886031e+02
2.052453228392796802e+02
1.871063240927075810e+02
1.778324281469901393e+02
1.374710727389111184e+02
9.046300272594606895e+01
1.108572768984134740e+02
1.417347483529391639e+02
1.685181697512188066e+02
2.126593549305287638e+02
2.044877831701761863e+02
2.083238871607520366e+02
1.762542979399096339e+02
1.308313392307818503e+02
1.102212665190212419e+02
1.403032272892791070e+02
1.671763919405605634e+02
2.131673757275168555e+02
2.106968424939977353e+02
2.226960690982041911e+02
1.973656251879422143e+02
1.544604225637843058e+02
1.333474816889595331e+02
8.968216223526634678e+01
1.097479944600895436e+02
1.392290288347101921e+02
1.660889670752440566e+02
2.132448756188513528e+02
2.149811508503141226e+02
2.337317110894282735e+02
2.151750131020833408e+02
1.760547262981594372e+02
1.584158287990775023e+02
1.095967919424628434e+02
9.936400257064083519e+01
1.094751145976550220e+02
1.386963214509747786e+02
1.658494812720025493e+02
2.144959097208525520e+02
2.200540453607262350e+02
2.455196289216306411e+02
2.343652595722836054e+02
2.006182198422291947e+02
1.893320203410991098e+02
1.374195685275655308e+02
1.309918854928881160e+02
9.510115858162552627e+01
1.092262503679010450e+02
1.381600209033250337e+02
1.653748420005341586e+02
2.148114391151423490e+02
2.230199867376856275e+02
2.534244687976536738e+02
2.484793002214712772e+02
2.201898011604061196e+02
1.623264981884771032e+02
1.609211297529951992e+02
1.168961185291457383e+02
7.195522121295500995e+01
1.090015053903754279e+02
1.376456318212981955e+02
1.647919923327384026e+02
2.145930112536958632e+02
2.246447277211640312e+02
2.586587964311838732e+02
2.587848463280114402e+02
2.356414249925018964e+02
1.849786958524660179e+02
1.904576448463967608e+02
1.422407385510486790e+02
8.908627432992336992e+01
7.043250378372330545e+01
1.643304765426585448e+02
2.144030650457194724e+02
2.258880793988864468e+02
2.627896137038073334e+02
2.671880348378579129e+02
2.487558110346892590e+02
2.195951276486390213e+02
1.688572731764296293e+02
1.085211319221578634e+02
8.807285161850397515e+01
6.996234977295408441e+01
1.086781643946387561e+02
1.369095893449902803e+02
1.639478347088072212e+02
2.142165909415280680e+02
2.268240365823267553e+02
2.660374921203311942e+02
2.740077047457928074e+02
2.597823576656725777e+02
2.476223749663046760e+02
1.960033605292851178e+02
1.294835710142373273e+02
1.080755265616609222e+02
8.775426227771490062e+01
1.085572566992742765e+02
1.366341602821361789e+02
1.636233118737943641e+02
2.140334586066648228e+02
2.275318611588219824e+02
2.686133683458016321e+02
2.795747235610154462e+02
2.690645989034368313e+02
2.902053023264434160e+02
2.431676047305534212e+02
2.743048890071604546e+02
2.233610420586307725e+02
1.521058535441187018e+02
1.312394706491859324e+02
1.109137776686606855e+02
7.957845768945811926e+01
1.084416646825257544e+02
1.363571608813483920e+02
1.632471543084286907e+02
2.136450193483347562e+02
2.277387507341363175e+02
2.701035360506184588e+02
2.833094504905833446e+02
2.757762944321269742e+02
2.570419580480206605e+02
2.961340936153532652e+02
2.464428586837891544e+02
1.716410070772633389e+02
1.513659856013554190e+02
1.305750833787255374e+02
9.628995605405322067e+01
5.915906011965660127e+01
1.083537414397152787e+02
1.361540842764865147e+02
1.629925478542615451e+02
2.134404582002802044e+02
2.280803488507592931e+02
2.716137113736970718e+02
2.868090784877164765e+02
2.819376518136645018e+02
2.700757122350115083e+02
3.171164066772004730e+02
2.693507008345508780e+02
1.917594163651228882e+02
1.729611995422682469e+02
1.527448954196554212e+02
1.162043233561364275e+02
4.974765352661894013e+01
1.082880824673184321e+02
1.360104740664000360e+02
1.628364030420186452e+02
2.133875563363609729e+02
2.285412135353462588e+02
2.731643903205626316e+02
2.901566227703316372e+02
2.876930033006005374e+02
2.824236978155838074e+02
3.373680428348338864e+02
2.920874226135779281e+02
2.124073510056202849e+02
1.959856196323126483e+02
1.774703040779006074e+02
1.395851620899158547e+02
6.730403408152568545e+01
4.673017382701429057e+01
1.115122854105893708e+02
1.082319440816577583e+02
1.358879522704453393e+02
1.627025555036828450e+02
2.133379512821918809e+02
2.289198012135861404e+02
2.744544324015027996e+02
2.929665586449353327e+02
2.925785459920143694e+02
2.932588432545975934e+02
3.555365287199646218e+02
3.130156218453088286e+02
2.319530421959235582e+02
2.184244387377684973e+02
2.023191221469162144e+02
1.638934351725183092e+02
8.974438694930483962e+01
6.500882174446390138e+01
4.833196396792939709e+01
1.081862059880273677e+02
1.357907293220584108e+02
1.626038481017962738e+02
2.133260737044342932e+02
2.292840515212826062e+02
2.756165496431290194e+02
2.954491956377290762e+02
2.968767211557227483e+02
3.029453997877309916e+02
3.720264568232948363e+02
3.323863455528048689e+02
2.504562564266755658e+02
2.401811103529521745e+02
2.270134364104856388e+02
1.886667815103210728e+02
1.152540769500903508e+02
8.794956664559087756e+01
6.877974650106889953e+01
1.080706016442480148e+02
1.354682317193421852e+02
1.620150453097070624e+02
2.122677403902656295e+02
2.280144447762646109e+02
2.740077327233913707e+02
2.939185385974504925e+02
2.959032742929514939e+02
3.037967977557039490e+02
3.751531067611699655e+02
3.371233728270742631e+02
2.555446989097083019e+02
2.462213066619370352e+02
2.335247768307028764e+02
1.952652321042253050e+02
1.192625742222502225e+02
8.923851525380541716e+01
6.598359472300083439e+01
5.006581850734986716e+01
3.318067883516508232e+01
1.652672923789844504e+02
1.080475616541046975e+02
1.354308046497805549e+02
1.620144490918631277e+02
2.124052911198083393e+02
2.284945899797193078e+02
2.751949985482865486e+02
2.961915894531067011e+02
2.996272816540347890e+02
3.890939463236213101e+02
3.537373460460592582e+02
2.717413668332810062e+02
2.656940789149710440e+02
2.560861053226767012e+02
2.183202329952213461e+02
1.435225829638236519e+02
1.109156366383207484e+02
8.488069576829909124e+01
6.721096605927189671e+01
4.744449983167933027e+01
1.885550004956838279e+02
1.080238269083746729e+02
1.353871054966949146e+02
1.619908645282817474e+02
2.124771257172293701e+02
2.288393818253098573e+02
2.761069073353845624e+02
2.980001110706195391e+02
3.026606104927516867e+02
4.010215022646121952e+02
3.681970689513354955e+02
2.860952926712187150e+02
2.832704920826271859e+02
2.768344462377813784e+02
2.399559385011040717e+02
1.676916910835306282e+02
1.330304679397335974e+02
1.047556530147745946e+02
8.600895056729763155e+01
6.409452239638933690e+01
9.748537572831973819e+01
1.037555044627714409e+02
1.342086216638907672e+02
1.822464083790708855e+02
2.027281265026937831e+02
2.497488284236446248e+02
2.745811746506178110e+02
2.836085272588736643e+02
3.318653944307927190e+02
3.616226258469481536e+02
2.834734388723389316e+02
2.825261109146400145e+02
2.774262429654836524e+02
2.415541226323497028e+02
2.127637325595739810e+02
1.344174184006231485e+02
1.056824148911405103e+02
8.662080485725907408e+01
6.444599243771021690e+01
9.782415547842714432e+01
3.256972042001110879e+01
1.039358285605568994e+02
1.476662512908120846e+02
1.724123952692147270e+02
2.185409813159420480e+02
2.462593313911824282e+02
2.599752783979315609e+02
3.092776634572203420e+02
2.895725049647168134e+02
2.785380326105981226e+02
2.799619938146655613e+02
2.766640684939166590e+02
2.423282598353963238e+02
2.142109182505415959e+02
1.900906727364307756e+02
1.066167685824326412e+02
8.724776590345835814e+01
6.481074519192294758e+01
9.817816110146139863e+01
1.058148356719809158e+02
1.354899000983908479e+02
1.806867981960908480e+02
2.115144191500323814e+02
2.304146625226487970e+02
2.804268709028985427e+02
2.676942297169833296e+02
3.524389015429975984e+02
2.748138341167756380e+02
2.739150090487425473e+02
2.418257813948454782e+02
2.148761018212881879e+02
1.912402723171466619e+02
1.728253462827767635e+02
8.787282150317207652e+01
6.518160385758186237e+01
9.854206556023397923e+01
9.550977863059381434e+01
1.388665056936153235e+02
1.725038428821128491e+02
1.964571595503423964e+02
2.464622952572901511e+02
2.412382653344528194e+02
3.252175067798320356e+02
3.167296889628880763e+02
2.690151045909004210e+02
2.399173382745474896e+02
2.146743971649811442e+02
1.918904793636079660e+02
1.741054190780309057e+02
1.382512236943495338e+02
6.556451985410963346e+01
9.892212622849895354e+01
1.097145704412688616e+02
1.416634726728918565e+02
1.683279497987949753e+02
2.167529139513480629e+02
2.171935399583851165e+02
3.000372821735940647e+02
2.983416785628606362e+02
2.485483989697406741e+02
2.387891476685268515e+02
2.152506853758231102e+02
1.932516098982849257e+02
1.760862059913225437e+02
1.399647146791942305e+02
1.096487225823818932e+02
2.598331229950951524e+02
1.025636103313455294e+02
1.330497064384701105e+02
1.793414232707220606e+02
1.862653328189464901e+02
2.663131204264563507e+02
2.724076374537484639e+02
2.325863195531575798e+02
2.478963736612236630e+02
1.050690772771941823e+02
1.461494416456615966e+02
1.571575784319572904e+02
2.333112036472745103e+02
2.461856089432551187e+02
2.160574840767131946e+02
2.352275680702659884e+02
2.477013473145522653e+02
1.937291875817898585e+02
1.790067605091343523e+02
1.430916946013780660e+02
1.121170136646556870e+02
9.116314180006830270e+01
6.718246078709323399e+01
1.101401873513777474e+02
1.244794688370215567e+02
1.952131571323145067e+02
2.146822895031509972e+02
1.952469499204028693e+02
2.183771913047128805e+02
2.349589869609791890e+02
2.232999754903569567e+02
1.800519080376868430e+02
1.446365497750623206e+02
1.134630897336631534e+02
9.219622663430536136e+01
6.783682012484034374e+01
1.011809929504793502e+02
8.750424522768270208e+01
1.503813285022752950e+02
1.762497319931429729e+02
1.685801005539363189e+02
1.955570276564602352e+02
2.165288237632087203e+02
2.115992410632417489e+02
2.026042606489343996e+02
1.455215122738970877e+02
1.145381333167059097e+02
9.313527609395477214e+01
6.847482892508675434e+01
1.018434870001168235e+02
3.308397456068814790e+01
1.132461318671372510e+02
1.415931790669469876e+02
1.434866899116400987e+02
1.729731733123936692e+02
1.972976633064209011e+02
1.989298875013444956e+02
1.951991123929375647e+02
1.861747896050435997e+02
1.159382689370216895e+02
9.434723681029397824e+01
6.929267071723768368e+01
1.026863528729081452e+02
1.003476383031656809e+02
1.121455227389007945e+02
1.433694724364947888e+02
1.704837160083266951e+02
1.793803663802833626e+02
1.821036582330063425e+02
1.783320719184335417e+02
1.761770148443599737e+02
9.523752391688738328e+01
7.000423390442341542e+01
1.034710415271103585e+02
9.282275924907013120e+01
1.216800498640309769e+02
1.482639875085514234e+02
1.623296072091019937e+02
1.703439676144647876e+02
1.712706725401296808e+02
1.739600565755600599e+02
1.469444317318853166e+02
7.112867414004459476e+01
1.046573800380194541e+02
9.673300409119472931e+01
1.202103786867729127e+02
1.388381137627998214e+02
1.522815784052149866e+02
1.587499582358746011e+02
1.675735194519219533e+02
1.452599514473714066e+02
1.185727642465507898e+02
1.058336025081512730e+02
8.268515514009732215e+01
1.054395668164721798e+02
1.245285980145753371e+02
1.373679903247210063e+02
1.535131049960955352e+02
1.386916985888446447e+02
1.164277120173330786e+02
9.783235225930823731e+01
1.067030220698331817e+02
3.374105524517426602e+01
7.657498539778262625e+01
9.753785073575248532e+01
1.142813140872447377e+02
1.367441654615473112e+02
1.300058999293620730e+02
1.132024973895675544e+02
9.740476585978875335e+01
7.333506181510253441e+01
7.360707883039347621e+01
9.081832576382581124e+01
1.177147726785761392e+02
1.188693656669868943e+02
1.084747679072086299e+02
9.644680430717782826e+01
7.398715872049137943e+01
1.090356850260551340e+02
6.316795737065341143e+01
9.262234023221263612e+01
1.018706785992016250e+02
9.963527275671761174e+01
9.335850967947348522e+01
7.400273996943795396e+01
6.959134169038112816e+01
8.210970146651978041e+01
8.713132827129351199e+01
8.779998066748966323e+01
7.325114612292848904e+01
1.110443857489721324e+02
6.383541064710439628e+01
7.200385471460323572e+01
7.931340474957714548e+01
7.139424934661546729e+01
1.117175469142033108e+02
3.482228092552195164e+01
5.251997279478526792e+01
6.579225763740714683e+01
6.699983349168060442e+01
1.113232848493026239e+02
3.512687614234526023e+01
4.862276427758031616e+01
5.846630338675433336e+01
1.079378253403777137e+02
3.535787285780424583e+01
4.675924985149774926e+01
9.887620948393391984e+01
3.541508762313022629e+01
3.504914269526155124e+01
8.097001985723530026e+01
3.202835581079087035e+01
