21
# x y z
20	0	0
20.25	0	0
20.5	0	0
20.75	0	0
21	0	0
21.25	0	0
21.5	0	0
21.75	0	0
22	0	0
22.25	0	0
22.5	0	0
22.75	0	0
23	0	0
23.25	0	0
23.5	0	0
23.75	0	0
24	0	0
24.25	0	0
24.5	0	0
24.75	0	0
25	0	0
564
# a b m n rhoa k err ip iperr
1	2	3	4	7.19101244168842e+01	-4.71272942104401e+00	3.00000000000000e-02	0.00000000000000e+00	0.00000000000000e+00
1	2	4	5	6.51108761992867e+01	-1.88217625903458e+01	3.00000000000000e-02	0.00000000000000e+00	0.00000000000000e+00
1	2	5	6	8.80596160910493e+01	-4.71103541001323e+01	3.00000000000000e-02	0.00000000000000e+00	0.00000000000000e+00
1	2	6	7	1.13732166865854e+02	-9.44376172794832e+01	3.00000000000000e-02	0.00000000000000e+00	0.00000000000000e+00
1	2	7	8	7.26241152240482e+01	-1.65426264484907e+02	3.00000000000000e-02	0.00000000000000e+00	0.00000000000000e+00
1	2	8	9	8.18268261118421e+01	-2.64520676640079e+02	3.00000000000000e-02	0.00000000000000e+00	0.00000000000000e+00
1	2	9	11	1.39188562218181e+02	-2.33137688528216e+02	3.00000000000000e-02	0.00000000000000e+00	0.00000000000000e+00
1	2	11	14	1.45002232217474e+02	-3.34248234775743e+02	3.00000000000000e-02	0.00000000000000e+00	0.00000000000000e+00
2	3	4	5	5.45967745933925e+01	-4.70925730740436e+00	3.00000000000000e-02	0.00000000000000e+00	0.00000000000000e+00
2	3	5	6	7.71173039741373e+01	-1.88244795074359e+01	3.00000000000000e-02	0.00000000000000e+00	0.00000000000000e+00
2	3	6	7	9.39481900875812e+01	-4.71031576958773e+01	3.00000000000000e-02	0.00000000000000e+00	0.00000000000000e+00
2	3	7	8	5.91814689868502e+01	-9.44624314244196e+01	3.00000000000000e-02	0.00000000000000e+00	0.00000000000000e+00
2	3	8	9	6.79504773801414e+01	-1.65420589862409e+02	3.00000000000000e-02	0.00000000000000e+00	0.00000000000000e+00
2	3	9	10	1.26457820165273e+02	-2.64526225416529e+02	3.00000000000000e-02	0.00000000000000e+00	0.00000000000000e+00
2	3	10	12	1.06789681501950e+02	-2.33148444548646e+02	3.00000000000000e-02	0.00000000000000e+00	0.00000000000000e+00
2	3	12	15	1.32440275216092e+02	-3.34247629471706e+02	3.00000000000000e-02	0.00000000000000e+00	0.00000000000000e+00
2	4	8	9	6.29450541699143e+01	-6.01234601835025e+01	3.00000000000000e-02	0.00000000000000e+00	0.00000000000000e+00
2	4	9	11	1.07465610992693e+02	-6.20038027663659e+01	3.00000000000000e-02	0.00000000000000e+00	0.00000000000000e+00
2	4	11	14	1.10136057634612e+02	-1.04260952936633e+02	3.00000000000000e-02	0.00000000000000e+00	0.00000000000000e+00
2	4	14	18	1.38518623143376e+02	-2.03014206362762e+02	3.00000000000000e-02	0.00000000000000e+00	0.00000000000000e+00
3	4	5	6	9.13561796854396e+01	-4.71537669803705e+00	3.00000000000000e-02	0.00000000000000e+00	0.00000000000000e+00
3	4	6	7	9.07988664499366e+01	-1.88208363457971e+01	3.00000000000000e-02	0.00000000000000e+00	0.00000000000000e+00
3	4	7	8	5.40351612907620e+01	-4.71227282794495e+01	3.00000000000000e-02	0.00000000000000e+00	0.00000000000000e+00
3	4	8	9	6.38822414540039e+01	-9.44532702691172e+01	3.00000000000000e-02	0.00000000000000e+00	0.00000000000000e+00
3	4	9	10	1.16128870600027e+02	-1.65421264381771e+02	3.00000000000000e-02	0.00000000000000e+00	0.00000000000000e+00
3	4	10	11	9.39616757968086e+01	-2.64536213440566e+02	3.00000000000000e-02	0.00000000000000e+00	0.00000000000000e+00
3	4	11	13	1.10424746066612e+02	-2.33147559607395e+02	3.00000000000000e-02	0.00000000000000e+00	0.00000000000000e+00
3	4	13	16	1.31366113547042e+02	-3.34248760357749e+02	3.00000000000000e-02	0.00000000000000e+00	0.00000000000000e+00
2	5	10	11	8.07690630736521e+01	-8.09880547737603e+01	3.00000000000000e-02	0.00000000000000e+00	0.00000000000000e+00
2	5	11	13	9.79824110884131e+01	-7.32924002247137e+01	3.00000000000000e-02	0.00000000000000e+00	0.00000000000000e+00
2	5	13	16	1.17309998638834e+02	-1.07552807905635e+02	3.00000000000000e-02	0.00000000000000e+00	0.00000000000000e+00
2	5	16	20	1.52428701252110e+02	-1.87689795429690e+02	3.00000000000000e-02	0.00000000000000e+00	0.00000000000000e+00
3	5	9	10	9.39537079733046e+01	-6.01226774002077e+01	3.00000000000000e-02	0.00000000000000e+00	0.00000000000000e+00
3	5	10	12	8.09865608779253e+01	-6.20059266661501e+01	3.00000000000000e-02	0.00000000000000e+00	0.00000000000000e+00
3	5	12	15	1.00251030929832e+02	-1.04257869365279e+02	3.00000000000000e-02	0.00000000000000e+00	0.00000000000000e+00
3	5	15	19	1.32515608204852e+02	-2.03012827681334e+02	3.00000000000000e-02	0.00000000000000e+00	0.00000000000000e+00
4	5	6	7	4.96512993152652e+01	-4.70851581937081e+00	3.00000000000000e-02	0.00000000000000e+00	0.00000000000000e+00
4	5	7	8	3.39481455737104e+01	-1.88337136751384e+01	3.00000000000000e-02	0.00000000000000e+00	0.00000000000000e+00
4	5	8	9	4.50044336833451e+01	-4.71094733924116e+01	3.00000000000000e-02	0.00000000000000e+00	0.00000000000000e+00
4	5	9	10	8.18345269657015e+01	-9.44511184684847e+01	3.00000000000000e-02	0.00000000000000e+00	0.00000000000000e+00
4	5	10	11	6.72969158643425e+01	-1.65426726771210e+02	3.00000000000000e-02	0.00000000000000e+00	0.00000000000000e+00
4	5	11	12	7.80526644035719e+01	-2.64544948748740e+02	3.00000000000000e-02	0.00000000000000e+00	0.00000000000000e+00
4	5	12	14	8.58316194667520e+01	-2.33138632340963e+02	3.00000000000000e-02	0.00000000000000e+00	0.00000000000000e+00
4	5	14	17	1.03932360105524e+02	-3.34243539452011e+02	3.00000000000000e-02	0.00000000000000e+00	0.00000000000000e+00
3	6	11	12	8.36787471786006e+01	-8.09945865793606e+01	3.00000000000000e-02	0.00000000000000e+00	0.00000000000000e+00
3	6	12	14	9.79493021132590e+01	-7.32912080701408e+01	3.00000000000000e-02	0.00000000000000e+00	0.00000000000000e+00
3	6	14	17	1.18939174903714e+02	-1.07552582947105e+02	3.00000000000000e-02	0.00000000000000e+00	0.00000000000000e+00
4	6	10	11	7.54457710870725e+01	-6.01300468531154e+01	3.00000000000000e-02	0.00000000000000e+00	0.00000000000000e+00
4	6	11	13	8.93491229382115e+01	-6.20079552360014e+01	3.00000000000000e-02	0.00000000000000e+00	0.00000000000000e+00
4	6	13	16	1.08331617695147e+02	-1.04260254747266e+02	3.00000000000000e-02	0.00000000000000e+00	0.00000000000000e+00
4	6	16	20	1.41317987915482e+02	-2.03013625774826e+02	3.00000000000000e-02	0.00000000000000e+00	0.00000000000000e+00
5	6	7	8	3.23919530147683e+01	-4.73960145482920e+00	3.00000000000000e-02	0.00000000000000e+00	0.00000000000000e+00
5	6	8	9	4.88377853361000e+01	-1.88298968380610e+01	3.00000000000000e-02	0.00000000000000e+00	0.00000000000000e+00
5	6	9	10	9.89748792108229e+01	-4.71187786049410e+01	3.00000000000000e-02	0.00000000000000e+00	0.00000000000000e+00
5	6	10	11	8.02985305781975e+01	-9.44675258445734e+01	3.00000000000000e-02	0.00000000000000e+00	0.00000000000000e+00
5	6	11	12	8.40673893154516e+01	-1.65448230267814e+02	3.00000000000000e-02	0.00000000000000e+00	0.00000000000000e+00
5	6	12	13	1.07954662362481e+02	-2.64532517747004e+02	3.00000000000000e-02	0.00000000000000e+00	0.00000000000000e+00
5	6	13	15	1.00995687347138e+02	-2.33149469844264e+02	3.00000000000000e-02	0.00000000000000e+00	0.00000000000000e+00
5	6	15	18	1.32991421112965e+02	-3.34249238121359e+02	3.00000000000000e-02	0.00000000000000e+00	0.00000000000000e+00
2	7	13	14	1.11730766207573e+02	-9.69052343971526e+01	3.00000000000000e-02	0.00000000000000e+00	0.00000000000000e+00
2	7	14	16	1.57356037343355e+02	-7.92214780108317e+01	3.00000000000000e-02	0.00000000000000e+00	0.00000000000000e+00
2	7	16	19	1.47722274130715e+02	-1.03541230903985e+02	3.00000000000000e-02	0.00000000000000e+00	0.00000000000000e+00
4	7	12	13	1.33089952572778e+02	-8.09815587679516e+01	3.00000000000000e-02	0.00000000000000e+00	0.00000000000000e+00
4	7	13	15	1.20434971645941e+02	-7.32902715613725e+01	3.00000000000000e-02	0.00000000000000e+00	0.00000000000000e+00
4	7	15	18	1.51094020482907e+02	-1.07550944921848e+02	3.00000000000000e-02	0.00000000000000e+00	0.00000000000000e+00
5	7	11	12	1.18057798137349e+02	-6.01283458729615e+01	3.00000000000000e-02	0.00000000000000e+00	0.00000000000000e+00
5	7	12	14	1.35880178823829e+02	-6.20012953379675e+01	3.00000000000000e-02	0.00000000000000e+00	0.00000000000000e+00
5	7	14	17	1.60516580765958e+02	-1.04256594614263e+02	3.00000000000000e-02	0.00000000000000e+00	0.00000000000000e+00
6	7	8	9	1.13262971582310e+02	-4.70134700818167e+00	3.00000000000000e-02	0.00000000000000e+00	0.00000000000000e+00
6	7	9	10	1.84080952130310e+02	-1.88153343088109e+01	3.00000000000000e-02	0.00000000000000e+00	0.00000000000000e+00
6	7	10	11	1.31920209788206e+02	-4.71062852754548e+01	3.00000000000000e-02	0.00000000000000e+00	0.00000000000000e+00
6	7	11	12	1.38561750033386e+02	-9.44563172545477e+01	3.00000000000000e-02	0.00000000000000e+00	0.00000000000000e+00
6	7	12	13	1.67987969497772e+02	-1.65404353496161e+02	3.00000000000000e-02	0.00000000000000e+00	0.00000000000000e+00
6	7	13	14	1.43103273668342e+02	-2.64522573866548e+02	3.00000000000000e-02	0.00000000000000e+00	0.00000000000000e+00
6	7	14	16	2.00860701546825e+02	-2.33131186667748e+02	3.00000000000000e-02	0.00000000000000e+00	0.00000000000000e+00
6	7	16	19	1.90142775708430e+02	-3.34237045222470e+02	3.00000000000000e-02	0.00000000000000e+00	0.00000000000000e+00
3	8	14	15	1.14197628802211e+02	-9.69049419171038e+01	3.00000000000000e-02	0.00000000000000e+00	0.00000000000000e+00
3	8	15	17	1.37613725700550e+02	-7.92226623876973e+01	3.00000000000000e-02	0.00000000000000e+00	0.00000000000000e+00
3	8	17	20	1.85935131382741e+02	-1.03541768833491e+02	3.00000000000000e-02	0.00000000000000e+00	0.00000000000000e+00
5	8	13	14	9.91907875099894e+01	-8.09905835701135e+01	3.00000000000000e-02	0.00000000000000e+00	0.00000000000000e+00
5	8	14	16	1.42043123318497e+02	-7.32910180326288e+01	3.00000000000000e-02	0.00000000000000e+00	0.00000000000000e+00
5	8	16	19	1.36650793255401e+02	-1.07552471965213e+02	3.00000000000000e-02	0.00000000000000e+00	0.00000000000000e+00
6	8	12	13	1.16747340053224e+02	-6.01229471746588e+01	3.00000000000000e-02	0.00000000000000e+00	0.00000000000000e+00
6	8	13	15	1.08246775147582e+02	-6.20058858070068e+01	3.00000000000000e-02	0.00000000000000e+00	0.00000000000000e+00
6	8	15	18	1.41001719958744e+02	-1.04258824890747e+02	3.00000000000000e-02	0.00000000000000e+00	0.00000000000000e+00
7	8	9	10	1.03237648372788e+02	-4.71868036532612e+00	3.00000000000000e-02	0.00000000000000e+00	0.00000000000000e+00
7	8	10	11	6.86311857021178e+01	-1.88327325793010e+01	3.00000000000000e-02	0.00000000000000e+00	0.00000000000000e+00
7	8	11	12	7.47458064876094e+01	-4.71293949366062e+01	3.00000000000000e-02	0.00000000000000e+00	0.00000000000000e+00
7	8	12	13	8.91163048729090e+01	-9.44572983508600e+01	3.00000000000000e-02	0.00000000000000e+00	0.00000000000000e+00
7	8	13	14	7.54649365664616e+01	-1.65440674711904e+02	3.00000000000000e-02	0.00000000000000e+00	0.00000000000000e+00
7	8	14	15	9.13289943872757e+01	-2.64539995386577e+02	3.00000000000000e-02	0.00000000000000e+00	0.00000000000000e+00
7	8	15	17	1.08708387467782e+02	-2.33148217782201e+02	3.00000000000000e-02	0.00000000000000e+00	0.00000000000000e+00
7	8	17	20	1.47073002243049e+02	-3.34250745993366e+02	3.00000000000000e-02	0.00000000000000e+00	0.00000000000000e+00
2	9	16	17	8.72930077525840e+01	-1.20043026086468e+02	3.00000000000000e-02	0.00000000000000e+00	0.00000000000000e+00
2	9	17	19	1.41052011098476e+02	-9.15826999133050e+01	3.00000000000000e-02	0.00000000000000e+00	0.00000000000000e+00
4	9	15	16	1.45510164689087e+02	-9.69047035050324e+01	3.00000000000000e-02	0.00000000000000e+00	0.00000000000000e+00
4	9	16	18	9.27057663917569e+01	-7.92228325244250e+01	3.00000000000000e-02	0.00000000000000e+00	0.00000000000000e+00
6	9	14	15	9.46765293372930e+01	-8.09865610563308e+01	3.00000000000000e-02	0.00000000000000e+00	0.00000000000000e+00
6	9	15	17	1.18640312466631e+02	-7.32908599586296e+01	3.00000000000000e-02	0.00000000000000e+00	0.00000000000000e+00
6	9	17	20	1.63877887631062e+02	-1.07551888240585e+02	3.00000000000000e-02	0.00000000000000e+00	0.00000000000000e+00
7	9	13	14	6.23974304072833e+01	-6.01299307198382e+01	3.00000000000000e-02	0.00000000000000e+00	0.00000000000000e+00
7	9	14	16	9.06074375738738e+01	-6.20046791034516e+01	3.00000000000000e-02	0.00000000000000e+00	0.00000000000000e+00
7	9	16	19	8.93141198125555e+01	-1.04259512395413e+02	3.00000000000000e-02	0.00000000000000e+00	0.00000000000000e+00
8	9	10	11	3.73378660171274e+01	-4.72230118685615e+00	3.00000000000000e-02	0.00000000000000e+00	0.00000000000000e+00
8	9	11	12	4.69008537901811e+01	-1.88356086080703e+01	3.00000000000000e-02	0.00000000000000e+00	0.00000000000000e+00
8	9	12	13	6.22371781113396e+01	-4.71090491559041e+01	3.00000000000000e-02	0.00000000000000e+00	0.00000000000000e+00
8	9	13	14	5.56201049977178e+01	-9.44626913795191e+01	3.00000000000000e-02	0.00000000000000e+00	0.00000000000000e+00
8	9	14	15	6.70761464772673e+01	-1.65423648647575e+02	3.00000000000000e-02	0.00000000000000e+00	0.00000000000000e+00
8	9	15	16	1.03564464270601e+02	-2.64530448733729e+02	3.00000000000000e-02	0.00000000000000e+00	0.00000000000000e+00
8	9	16	18	6.54755680860142e+01	-2.33142719088211e+02	3.00000000000000e-02	0.00000000000000e+00	0.00000000000000e+00
8	9	18	21	1.30829446718480e+02	-3.34237154612432e+02	3.00000000000000e-02	0.00000000000000e+00	0.00000000000000e+00
3	10	17	18	1.09146430754991e+02	-1.20042311217247e+02	3.00000000000000e-02	0.00000000000000e+00	0.00000000000000e+00
3	10	18	20	2.18924768556961e+02	-9.15815454392034e+01	3.00000000000000e-02	0.00000000000000e+00	0.00000000000000e+00
5	10	16	17	8.95014074128155e+01	-9.69042107875054e+01	3.00000000000000e-02	0.00000000000000e+00	0.00000000000000e+00
5	10	17	19	1.43541171318247e+02	-7.92217912335997e+01	3.00000000000000e-02	0.00000000000000e+00	0.00000000000000e+00
7	10	15	16	1.31724109194641e+02	-8.09857358360175e+01	3.00000000000000e-02	0.00000000000000e+00	0.00000000000000e+00
7	10	16	18	8.63165386195959e+01	-7.32906002391006e+01	3.00000000000000e-02	0.00000000000000e+00	0.00000000000000e+00
8	10	14	15	9.17285029336707e+01	-6.01222408951109e+01	3.00000000000000e-02	0.00000000000000e+00	0.00000000000000e+00
8	10	15	17	1.12213483473796e+02	-6.20029083018637e+01	3.00000000000000e-02	0.00000000000000e+00	0.00000000000000e+00
8	10	17	20	1.53816506578949e+02	-1.04256931582088e+02	3.00000000000000e-02	0.00000000000000e+00	0.00000000000000e+00
9	10	11	12	7.63187274315919e+01	-4.72514967133856e+00	3.00000000000000e-02	0.00000000000000e+00	0.00000000000000e+00
9	10	12	13	9.72476702684384e+01	-1.88180019096015e+01	3.00000000000000e-02	0.00000000000000e+00	0.00000000000000e+00
9	10	13	14	8.45975102016536e+01	-4.71156205697780e+01	3.00000000000000e-02	0.00000000000000e+00	0.00000000000000e+00
9	10	14	15	1.06659664778642e+02	-9.44492639368818e+01	3.00000000000000e-02	0.00000000000000e+00	0.00000000000000e+00
9	10	15	16	1.51589093369527e+02	-1.65418583179044e+02	3.00000000000000e-02	0.00000000000000e+00	0.00000000000000e+00
9	10	16	17	9.44158491002516e+01	-2.64524997058919e+02	3.00000000000000e-02	0.00000000000000e+00	0.00000000000000e+00
9	10	17	19	1.53555721937779e+02	-2.33135994124036e+02	3.00000000000000e-02	0.00000000000000e+00	0.00000000000000e+00
4	11	18	19	1.77812583846875e+02	-1.20039819512094e+02	3.00000000000000e-02	0.00000000000000e+00	0.00000000000000e+00
6	11	17	18	1.00952579594395e+02	-9.69039332626804e+01	3.00000000000000e-02	0.00000000000000e+00	0.00000000000000e+00
6	11	18	20	2.04500665390533e+02	-7.92208357443761e+01	3.00000000000000e-02	0.00000000000000e+00	0.00000000000000e+00
8	11	16	17	7.70274497347620e+01	-8.09855368634251e+01	3.00000000000000e-02	0.00000000000000e+00	0.00000000000000e+00
8	11	17	19	1.23468394530982e+02	-7.32893649978820e+01	3.00000000000000e-02	0.00000000000000e+00	0.00000000000000e+00
9	11	15	16	1.29034508172383e+02	-6.01223130054900e+01	3.00000000000000e-02	0.00000000000000e+00	0.00000000000000e+00
9	11	16	18	8.73255390608841e+01	-6.20029246177492e+01	3.00000000000000e-02	0.00000000000000e+00	0.00000000000000e+00
10	11	12	13	8.08895832198304e+01	-4.70255466013013e+00	3.00000000000000e-02	0.00000000000000e+00	0.00000000000000e+00
10	11	13	14	7.02936749042526e+01	-1.88265617420161e+01	3.00000000000000e-02	0.00000000000000e+00	0.00000000000000e+00
10	11	14	15	8.64511343062341e+01	-4.71066871035811e+01	3.00000000000000e-02	0.00000000000000e+00	0.00000000000000e+00
10	11	15	16	1.16453475443379e+02	-9.44510932668630e+01	3.00000000000000e-02	0.00000000000000e+00	0.00000000000000e+00
10	11	16	17	7.27221293484073e+01	-1.65421558648567e+02	3.00000000000000e-02	0.00000000000000e+00	0.00000000000000e+00
10	11	17	18	9.01050209526873e+01	-2.64526948693695e+02	3.00000000000000e-02	0.00000000000000e+00	0.00000000000000e+00
10	11	18	20	1.78893418880268e+02	-2.33134792940627e+02	3.00000000000000e-02	0.00000000000000e+00	0.00000000000000e+00
5	12	19	20	2.28086684671284e+02	-1.20041832716485e+02	3.00000000000000e-02	0.00000000000000e+00	0.00000000000000e+00
7	12	18	19	1.58141244493019e+02	-9.69032412102204e+01	3.00000000000000e-02	0.00000000000000e+00	0.00000000000000e+00
9	12	17	18	9.11164441282384e+01	-8.09880754166342e+01	3.00000000000000e-02	0.00000000000000e+00	0.00000000000000e+00
9	12	18	20	1.82798657936357e+02	-7.32897886433500e+01	3.00000000000000e-02	0.00000000000000e+00	0.00000000000000e+00
10	12	16	17	6.63707204836632e+01	-6.01276650242004e+01	3.00000000000000e-02	0.00000000000000e+00	0.00000000000000e+00
10	12	17	19	1.10063275934678e+02	-6.20046848224745e+01	3.00000000000000e-02	0.00000000000000e+00	0.00000000000000e+00
11	12	13	14	6.12763244975939e+01	-4.73201829423938e+00	3.00000000000000e-02	0.00000000000000e+00	0.00000000000000e+00
11	12	14	15	7.79892034412074e+01	-1.88271030591536e+01	3.00000000000000e-02	0.00000000000000e+00	0.00000000000000e+00
11	12	15	16	1.15283900319410e+02	-4.71183109913432e+01	3.00000000000000e-02	0.00000000000000e+00	0.00000000000000e+00
11	12	16	17	6.37306317926023e+01	-9.44633323342162e+01	3.00000000000000e-02	0.00000000000000e+00	0.00000000000000e+00
11	12	17	18	8.12154665009415e+01	-1.65432878006183e+02	3.00000000000000e-02	0.00000000000000e+00	0.00000000000000e+00
11	12	18	19	1.44183869501485e+02	-2.64531348272805e+02	3.00000000000000e-02	0.00000000000000e+00	0.00000000000000e+00
11	12	19	21	1.46090281025344e+02	-2.33133453485656e+02	3.00000000000000e-02	0.00000000000000e+00	0.00000000000000e+00
8	13	19	20	2.17401313095901e+02	-9.69023151650319e+01	3.00000000000000e-02	0.00000000000000e+00	0.00000000000000e+00
10	13	18	19	1.59690647934975e+02	-8.09823156796294e+01	3.00000000000000e-02	0.00000000000000e+00	0.00000000000000e+00
11	13	17	18	9.01851219634447e+01	-6.01230138222043e+01	3.00000000000000e-02	0.00000000000000e+00	0.00000000000000e+00
11	13	18	20	1.79687911233653e+02	-6.20011149335963e+01	3.00000000000000e-02	0.00000000000000e+00	0.00000000000000e+00
12	13	14	15	9.45963265036241e+01	-4.70296240982112e+00	3.00000000000000e-02	0.00000000000000e+00	0.00000000000000e+00
12	13	15	16	1.30235996626877e+02	-1.88187894029615e+01	3.00000000000000e-02	0.00000000000000e+00	0.00000000000000e+00
12	13	16	17	7.51635375547119e+01	-4.71076402506389e+01	3.00000000000000e-02	0.00000000000000e+00	0.00000000000000e+00
12	13	17	18	9.68244787134871e+01	-9.44481629340660e+01	3.00000000000000e-02	0.00000000000000e+00	0.00000000000000e+00
12	13	18	19	1.71531819000615e+02	-1.65408400031451e+02	3.00000000000000e-02	0.00000000000000e+00	0.00000000000000e+00
12	13	19	20	2.22639511244171e+02	-2.64516115563489e+02	3.00000000000000e-02	0.00000000000000e+00	0.00000000000000e+00
11	14	19	20	1.99158133841775e+02	-8.09878914899190e+01	3.00000000000000e-02	0.00000000000000e+00	0.00000000000000e+00
12	14	18	19	1.61807952637846e+02	-6.01246103566226e+01	3.00000000000000e-02	0.00000000000000e+00	0.00000000000000e+00
13	14	15	16	1.16450430789764e+02	-4.71768653083255e+00	3.00000000000000e-02	0.00000000000000e+00	0.00000000000000e+00
13	14	16	17	6.58701115640257e+01	-1.88317613725194e+01	3.00000000000000e-02	0.00000000000000e+00	0.00000000000000e+00
13	14	17	18	8.83878474410790e+01	-4.71218391991806e+01	3.00000000000000e-02	0.00000000000000e+00	0.00000000000000e+00
13	14	18	19	1.58869581238750e+02	-9.44600838582947e+01	3.00000000000000e-02	0.00000000000000e+00	0.00000000000000e+00
13	14	19	20	1.98053000880087e+02	-1.65434316663537e+02	3.00000000000000e-02	0.00000000000000e+00	0.00000000000000e+00
13	14	20	21	7.07587660143384e+01	-2.64496998431301e+02	3.00000000000000e-02	0.00000000000000e+00	0.00000000000000e+00
13	15	19	20	1.89244566566002e+02	-6.01268869632912e+01	3.00000000000000e-02	0.00000000000000e+00	0.00000000000000e+00
14	15	16	17	4.52113260044484e+01	-4.71696199461320e+00	3.00000000000000e-02	0.00000000000000e+00	0.00000000000000e+00
14	15	17	18	7.29134406155630e+01	-1.88283733413461e+01	3.00000000000000e-02	0.00000000000000e+00	0.00000000000000e+00
14	15	18	19	1.41772382003886e+02	-4.71114152805922e+01	3.00000000000000e-02	0.00000000000000e+00	0.00000000000000e+00
14	15	19	20	1.92013647079180e+02	-9.44572523153568e+01	3.00000000000000e-02	0.00000000000000e+00	0.00000000000000e+00
14	15	20	21	7.07028855441997e+01	-1.65390348672135e+02	3.00000000000000e-02	0.00000000000000e+00	0.00000000000000e+00
15	16	17	18	9.23959633847379e+01	-4.71896726633901e+00	3.00000000000000e-02	0.00000000000000e+00	0.00000000000000e+00
15	16	18	19	1.86049509490675e+02	-1.88218539945001e+01	3.00000000000000e-02	0.00000000000000e+00	0.00000000000000e+00
15	16	19	20	2.49283176933173e+02	-4.71118963077454e+01	3.00000000000000e-02	0.00000000000000e+00	0.00000000000000e+00
15	16	20	21	9.38609109716719e+01	-9.44251009498472e+01	3.00000000000000e-02	0.00000000000000e+00	0.00000000000000e+00
16	17	18	19	8.06934897861036e+01	-4.71040574553022e+00	3.00000000000000e-02	0.00000000000000e+00	0.00000000000000e+00
16	17	19	20	1.03592501392903e+02	-1.88248348424402e+01	3.00000000000000e-02	0.00000000000000e+00	0.00000000000000e+00
16	17	20	21	4.24005587691208e+01	-4.70926332866347e+01	3.00000000000000e-02	0.00000000000000e+00	0.00000000000000e+00
17	18	19	20	6.75701634154848e+01	-4.71927890371387e+00	3.00000000000000e-02	0.00000000000000e+00	0.00000000000000e+00
17	18	20	21	3.31528909653835e+01	-1.88185858997131e+01	3.00000000000000e-02	0.00000000000000e+00	0.00000000000000e+00
18	19	20	21	3.17263156174139e+01	-4.71480030991025e+00	3.00000000000000e-02	0.00000000000000e+00	0.00000000000000e+00
1	4	2	3	6.87364877964338e+01	1.57181311518987e+00	3.00000000000000e-02	0.00000000000000e+00	0.00000000000000e+00
2	5	3	4	8.30425447556176e+01	1.57116264659417e+00	3.00000000000000e-02	0.00000000000000e+00	0.00000000000000e+00
3	6	4	5	5.64150620370554e+01	1.56998079894737e+00	3.00000000000000e-02	0.00000000000000e+00	0.00000000000000e+00
4	7	5	6	6.97773832728419e+01	1.57410110161526e+00	3.00000000000000e-02	0.00000000000000e+00	0.00000000000000e+00
2	8	4	6	8.20150122990347e+01	3.14242191549332e+00	3.00000000000000e-02	0.00000000000000e+00	0.00000000000000e+00
5	8	6	7	1.02846117087679e+02	1.56892895523355e+00	3.00000000000000e-02	0.00000000000000e+00	0.00000000000000e+00
3	9	5	7	1.30029863519963e+02	3.14194116543989e+00	3.00000000000000e-02	0.00000000000000e+00	0.00000000000000e+00
6	9	7	8	6.80985908482866e+01	1.57457393941318e+00	3.00000000000000e-02	0.00000000000000e+00	0.00000000000000e+00
4	10	6	8	1.05845972253773e+02	3.14240590247848e+00	3.00000000000000e-02	0.00000000000000e+00	0.00000000000000e+00
7	10	8	9	7.11746021984123e+01	1.57068051503188e+00	3.00000000000000e-02	0.00000000000000e+00	0.00000000000000e+00
2	11	5	8	1.27785326494185e+02	4.71887791895688e+00	3.00000000000000e-02	0.00000000000000e+00	0.00000000000000e+00
2	11	6	7	1.76348459691543e+02	1.57351422458168e+01	3.00000000000000e-02	0.00000000000000e+00	0.00000000000000e+00
5	11	7	9	6.78645288899128e+01	3.14292397882224e+00	3.00000000000000e-02	0.00000000000000e+00	0.00000000000000e+00
8	11	9	10	1.04716951214536e+02	1.57271386969968e+00	3.00000000000000e-02	0.00000000000000e+00	0.00000000000000e+00
3	12	6	9	1.20931898102895e+02	4.71855702925962e+00	3.00000000000000e-02	0.00000000000000e+00	0.00000000000000e+00
3	12	7	8	1.05190577015698e+02	1.57366562318250e+01	3.00000000000000e-02	0.00000000000000e+00	0.00000000000000e+00
6	12	8	10	9.17963680859608e+01	3.14220469932090e+00	3.00000000000000e-02	0.00000000000000e+00	0.00000000000000e+00
9	12	10	11	7.01595683566019e+01	1.57076708256881e+00	3.00000000000000e-02	0.00000000000000e+00	0.00000000000000e+00
4	13	7	10	1.12304149877585e+02	4.71886003099226e+00	3.00000000000000e-02	0.00000000000000e+00	0.00000000000000e+00
4	13	8	9	9.42196731304756e+01	1.57361148814653e+01	3.00000000000000e-02	0.00000000000000e+00	0.00000000000000e+00
7	13	9	11	1.23009355967906e+02	3.14201748075102e+00	3.00000000000000e-02	0.00000000000000e+00	0.00000000000000e+00
10	13	11	12	7.49813481883925e+01	1.57442473403225e+00	3.00000000000000e-02	0.00000000000000e+00	0.00000000000000e+00
2	14	6	10	1.55314669678049e+02	6.29191525465264e+00	3.00000000000000e-02	0.00000000000000e+00	0.00000000000000e+00
2	14	7	9	1.19366269530510e+02	1.37631322314924e+01	3.00000000000000e-02	0.00000000000000e+00	0.00000000000000e+00
5	14	8	11	1.13688153095170e+02	4.71854507137365e+00	3.00000000000000e-02	0.00000000000000e+00	0.00000000000000e+00
5	14	9	10	1.48265824361975e+02	1.57355629665216e+01	3.00000000000000e-02	0.00000000000000e+00	0.00000000000000e+00
8	14	10	12	1.00147228407719e+02	3.14262313234589e+00	3.00000000000000e-02	0.00000000000000e+00	0.00000000000000e+00
11	14	12	13	9.66834104137538e+01	1.56846138544299e+00	3.00000000000000e-02	0.00000000000000e+00	0.00000000000000e+00
3	15	7	11	1.38167041757415e+02	6.29204616591900e+00	3.00000000000000e-02	0.00000000000000e+00	0.00000000000000e+00
3	15	8	10	1.52203025075231e+02	1.37628198820175e+01	3.00000000000000e-02	0.00000000000000e+00	0.00000000000000e+00
6	15	9	12	1.32194949419842e+02	4.71887190449957e+00	3.00000000000000e-02	0.00000000000000e+00	0.00000000000000e+00
6	15	10	11	1.24874568299964e+02	1.57362337627925e+01	3.00000000000000e-02	0.00000000000000e+00	0.00000000000000e+00
9	15	11	13	1.04859032644637e+02	3.14245568858764e+00	3.00000000000000e-02	0.00000000000000e+00	0.00000000000000e+00
12	15	13	14	8.92382510517070e+01	1.57355326102041e+00	3.00000000000000e-02	0.00000000000000e+00	0.00000000000000e+00
4	16	8	12	1.38456273346362e+02	6.29206555568813e+00	3.00000000000000e-02	0.00000000000000e+00	0.00000000000000e+00
4	16	9	11	1.64214217337418e+02	1.37628516755716e+01	3.00000000000000e-02	0.00000000000000e+00	0.00000000000000e+00
7	16	10	13	1.31942994712618e+02	4.71861994809487e+00	3.00000000000000e-02	0.00000000000000e+00	0.00000000000000e+00
7	16	11	12	1.27108094781882e+02	1.57367310765024e+01	3.00000000000000e-02	0.00000000000000e+00	0.00000000000000e+00
10	16	12	14	1.02467905931106e+02	3.14228124194576e+00	3.00000000000000e-02	0.00000000000000e+00	0.00000000000000e+00
13	16	14	15	8.08871901333400e+01	1.57019820113639e+00	3.00000000000000e-02	0.00000000000000e+00	0.00000000000000e+00
2	17	7	12	1.57001282952894e+02	7.86126645233926e+00	3.00000000000000e-02	0.00000000000000e+00	0.00000000000000e+00
2	17	8	11	1.70717546665264e+02	1.41467687581013e+01	3.00000000000000e-02	0.00000000000000e+00	0.00000000000000e+00
2	17	9	10	2.18884121346589e+02	4.40063614506443e+01	3.00000000000000e-02	0.00000000000000e+00	0.00000000000000e+00
5	17	9	13	1.54101046971063e+02	6.29197021730068e+00	3.00000000000000e-02	0.00000000000000e+00	0.00000000000000e+00
5	17	10	12	1.42238199237252e+02	1.37631667331661e+01	3.00000000000000e-02	0.00000000000000e+00	0.00000000000000e+00
8	17	11	14	1.28291077389633e+02	4.71899527293849e+00	3.00000000000000e-02	0.00000000000000e+00	0.00000000000000e+00
8	17	12	13	1.44368731669667e+02	1.57354232339230e+01	3.00000000000000e-02	0.00000000000000e+00	0.00000000000000e+00
11	17	13	15	1.03363195085339e+02	3.14245481752189e+00	3.00000000000000e-02	0.00000000000000e+00	0.00000000000000e+00
14	17	15	16	1.24891987729193e+02	1.57196694414934e+00	3.00000000000000e-02	0.00000000000000e+00	0.00000000000000e+00
3	18	8	13	1.71868914408487e+02	7.86114111944265e+00	3.00000000000000e-02	0.00000000000000e+00	0.00000000000000e+00
3	18	9	12	1.85575741913102e+02	1.41468647115447e+01	3.00000000000000e-02	0.00000000000000e+00	0.00000000000000e+00
3	18	10	11	1.73199895514033e+02	4.40067218311160e+01	3.00000000000000e-02	0.00000000000000e+00	0.00000000000000e+00
6	18	10	14	1.50924200127856e+02	6.29217877628016e+00	3.00000000000000e-02	0.00000000000000e+00	0.00000000000000e+00
6	18	11	13	1.59936291215366e+02	1.37630513837692e+01	3.00000000000000e-02	0.00000000000000e+00	0.00000000000000e+00
9	18	12	15	1.37815074918748e+02	4.71869243238585e+00	3.00000000000000e-02	0.00000000000000e+00	0.00000000000000e+00
9	18	13	14	1.31880137740590e+02	1.57367354470658e+01	3.00000000000000e-02	0.00000000000000e+00	0.00000000000000e+00
12	18	14	16	1.43243418179988e+02	3.14221951095360e+00	3.00000000000000e-02	0.00000000000000e+00	0.00000000000000e+00
15	18	16	17	6.92291297414242e+01	1.57103989355519e+00	3.00000000000000e-02	0.00000000000000e+00	0.00000000000000e+00
4	19	9	14	1.73689812578051e+02	7.86125953083367e+00	3.00000000000000e-02	0.00000000000000e+00	0.00000000000000e+00
4	19	10	13	1.72103854210354e+02	1.41468788138880e+01	3.00000000000000e-02	0.00000000000000e+00	0.00000000000000e+00
4	19	11	12	1.64994112804682e+02	4.40077010369337e+01	3.00000000000000e-02	0.00000000000000e+00	0.00000000000000e+00
7	19	11	15	1.58071062581943e+02	6.29211182910439e+00	3.00000000000000e-02	0.00000000000000e+00	0.00000000000000e+00
7	19	12	14	1.64187344392592e+02	1.37629063926664e+01	3.00000000000000e-02	0.00000000000000e+00	0.00000000000000e+00
10	19	13	16	1.46771982188392e+02	4.71876459827842e+00	3.00000000000000e-02	0.00000000000000e+00	0.00000000000000e+00
10	19	14	15	1.34992862892042e+02	1.57360015494419e+01	3.00000000000000e-02	0.00000000000000e+00	0.00000000000000e+00
13	19	15	17	1.22002999270350e+02	3.14209112021423e+00	3.00000000000000e-02	0.00000000000000e+00	0.00000000000000e+00
16	19	17	18	7.76404077449220e+01	1.57228562927389e+00	3.00000000000000e-02	0.00000000000000e+00	0.00000000000000e+00
2	20	8	14	1.74530019834367e+02	9.42936592799076e+00	3.00000000000000e-02	0.00000000000000e+00	0.00000000000000e+00
2	20	9	13	1.95699376297156e+02	1.51234825308271e+01	3.00000000000000e-02	0.00000000000000e+00	0.00000000000000e+00
2	20	10	12	1.78771789775539e+02	3.14227892962046e+01	3.00000000000000e-02	0.00000000000000e+00	0.00000000000000e+00
5	20	10	15	1.47543359969713e+02	7.86130656317902e+00	3.00000000000000e-02	0.00000000000000e+00	0.00000000000000e+00
5	20	11	14	1.52877032362136e+02	1.41470283410729e+01	3.00000000000000e-02	0.00000000000000e+00	0.00000000000000e+00
5	20	12	13	1.72328104816915e+02	4.40061554690795e+01	3.00000000000000e-02	0.00000000000000e+00	0.00000000000000e+00
8	20	12	16	1.51838846390694e+02	6.29206467775691e+00	3.00000000000000e-02	0.00000000000000e+00	0.00000000000000e+00
8	20	13	15	1.34959547115665e+02	1.37632648413145e+01	3.00000000000000e-02	0.00000000000000e+00	0.00000000000000e+00
11	20	14	17	1.21250047045866e+02	4.71861671794029e+00	3.00000000000000e-02	0.00000000000000e+00	0.00000000000000e+00
11	20	15	16	1.68404752254347e+02	1.57358206180477e+01	3.00000000000000e-02	0.00000000000000e+00	0.00000000000000e+00
14	20	16	18	7.32543660633277e+01	3.14266937499261e+00	3.00000000000000e-02	0.00000000000000e+00	0.00000000000000e+00
17	20	18	19	8.48585944780441e+01	1.57121104269047e+00	3.00000000000000e-02	0.00000000000000e+00	0.00000000000000e+00
3	21	9	15	1.85114225011729e+02	9.42964097843367e+00	3.00000000000000e-02	0.00000000000000e+00	0.00000000000000e+00
3	21	10	14	1.81119747477026e+02	1.51239382647383e+01	3.00000000000000e-02	0.00000000000000e+00	0.00000000000000e+00
3	21	11	13	1.91850062120284e+02	3.14232186341647e+01	3.00000000000000e-02	0.00000000000000e+00	0.00000000000000e+00
6	21	11	16	1.65594196528828e+02	7.86170307399699e+00	3.00000000000000e-02	0.00000000000000e+00	0.00000000000000e+00
6	21	12	15	1.58575886103575e+02	1.41474454092833e+01	3.00000000000000e-02	0.00000000000000e+00	0.00000000000000e+00
6	21	13	14	1.46106557153594e+02	4.40090596019164e+01	3.00000000000000e-02	0.00000000000000e+00	0.00000000000000e+00
9	21	13	17	1.36056333243709e+02	6.29269901641943e+00	3.00000000000000e-02	0.00000000000000e+00	0.00000000000000e+00
9	21	14	16	1.68790757924397e+02	1.37638937255385e+01	3.00000000000000e-02	0.00000000000000e+00	0.00000000000000e+00
12	21	15	18	1.14894974664258e+02	4.71987506220557e+00	3.00000000000000e-02	0.00000000000000e+00	0.00000000000000e+00
12	21	16	17	9.02738266917697e+01	1.57384989682052e+01	3.00000000000000e-02	0.00000000000000e+00	0.00000000000000e+00
15	21	17	19	1.06631401771356e+02	3.14467131557646e+00	3.00000000000000e-02	0.00000000000000e+00	0.00000000000000e+00
18	21	19	20	1.35082785209753e+02	1.57897192683382e+00	3.00000000000000e-02	0.00000000000000e+00	0.00000000000000e+00
1	4	2	3	6.87595934492271e+01	1.57181311518987e+00	3.00000000000000e-02	0.00000000000000e+00	0.00000000000000e+00
1	5	2	3	7.66908448602405e+01	2.35926822760706e+00	3.00000000000000e-02	0.00000000000000e+00	0.00000000000000e+00
1	5	3	4	8.93739810586390e+01	2.35693364536121e+00	3.00000000000000e-02	0.00000000000000e+00	0.00000000000000e+00
1	6	2	3	7.66118011606638e+01	2.69732320152744e+00	3.00000000000000e-02	0.00000000000000e+00	0.00000000000000e+00
1	6	3	4	8.80056576925465e+01	4.71235884943088e+00	3.00000000000000e-02	0.00000000000000e+00	0.00000000000000e+00
1	6	4	5	5.64577049481017e+01	2.69198736193118e+00	3.00000000000000e-02	0.00000000000000e+00	0.00000000000000e+00
1	7	2	3	7.77301405486471e+01	2.86116546541788e+00	3.00000000000000e-02	0.00000000000000e+00	0.00000000000000e+00
1	7	3	4	8.96122520405832e+01	6.28632924641589e+00	3.00000000000000e-02	0.00000000000000e+00	0.00000000000000e+00
1	7	4	5	6.69482150544285e+01	6.28568619125412e+00	3.00000000000000e-02	0.00000000000000e+00	0.00000000000000e+00
1	7	5	6	5.59000406325034e+01	2.86646295304457e+00	3.00000000000000e-02	0.00000000000000e+00	0.00000000000000e+00
1	8	2	3	7.63651300097855e+01	2.95053396633099e+00	3.00000000000000e-02	0.00000000000000e+00	0.00000000000000e+00
1	8	3	4	9.25071803605945e+01	7.25404276499467e+00	3.00000000000000e-02	0.00000000000000e+00	0.00000000000000e+00
1	8	4	5	8.07307133439599e+01	9.43437636950454e+00	3.00000000000000e-02	0.00000000000000e+00	0.00000000000000e+00
1	8	5	6	8.89559897672132e+01	7.25300983857846e+00	3.00000000000000e-02	0.00000000000000e+00	0.00000000000000e+00
1	8	6	7	1.36875518318998e+02	2.94078949976146e+00	3.00000000000000e-02	0.00000000000000e+00	0.00000000000000e+00
1	9	3	4	6.05408705129727e+01	7.85750151047362e+00	3.00000000000000e-02	0.00000000000000e+00	0.00000000000000e+00
1	9	4	5	8.87344606274523e+01	1.17968774515150e+01	3.00000000000000e-02	0.00000000000000e+00	0.00000000000000e+00
1	9	5	6	1.12870775371617e+02	1.17970769717264e+01	3.00000000000000e-02	0.00000000000000e+00	0.00000000000000e+00
1	9	2	3	7.60390097596103e+01	3.00411707515962e+00	3.00000000000000e-02	0.00000000000000e+00	0.00000000000000e+00
1	9	6	7	1.77083756190443e+02	7.85300784000049e+00	3.00000000000000e-02	0.00000000000000e+00	0.00000000000000e+00
1	9	7	8	9.63204670303786e+01	3.00160073264563e+00	3.00000000000000e-02	0.00000000000000e+00	0.00000000000000e+00
1	10	3	4	9.28274041473193e+01	8.24934497030218e+00	3.00000000000000e-02	0.00000000000000e+00	0.00000000000000e+00
1	10	4	5	9.00645228834597e+01	1.34805940508542e+01	3.00000000000000e-02	0.00000000000000e+00	0.00000000000000e+00
1	10	5	6	1.17669230353774e+02	1.57371766453493e+01	3.00000000000000e-02	0.00000000000000e+00	0.00000000000000e+00
1	10	6	7	1.72709569313839e+02	1.34786140751888e+01	3.00000000000000e-02	0.00000000000000e+00	0.00000000000000e+00
1	10	7	8	8.71511455994608e+01	8.24865322033608e+00	3.00000000000000e-02	0.00000000000000e+00	0.00000000000000e+00
1	10	8	9	4.20233410005727e+01	3.03753178605771e+00	3.00000000000000e-02	0.00000000000000e+00	0.00000000000000e+00
1	11	3	4	9.82250360046115e+01	8.51487434699338e+00	3.00000000000000e-02	0.00000000000000e+00	0.00000000000000e+00
1	11	4	5	9.61056635235989e+01	1.46765864246673e+01	3.00000000000000e-02	0.00000000000000e+00	0.00000000000000e+00
1	11	5	6	1.30598780661226e+02	1.88828343400744e+01	3.00000000000000e-02	0.00000000000000e+00	0.00000000000000e+00
1	11	6	7	1.97481206421268e+02	1.88811005068522e+01	3.00000000000000e-02	0.00000000000000e+00	0.00000000000000e+00
1	11	7	8	1.06245189564589e+02	1.46772028978032e+01	3.00000000000000e-02	0.00000000000000e+00	0.00000000000000e+00
1	11	8	9	7.30946307520840e+01	8.51400788239370e+00	3.00000000000000e-02	0.00000000000000e+00	0.00000000000000e+00
1	11	9	10	9.57223541714426e+01	3.06172408606146e+00	3.00000000000000e-02	0.00000000000000e+00	0.00000000000000e+00
1	12	3	4	9.45915929847570e+01	8.70175825956331e+00	3.00000000000000e-02	0.00000000000000e+00	0.00000000000000e+00
1	12	4	5	9.40229672299099e+01	1.55386491006989e+01	3.00000000000000e-02	0.00000000000000e+00	0.00000000000000e+00
1	12	5	6	1.31997157864317e+02	2.13156148095549e+01	3.00000000000000e-02	0.00000000000000e+00	0.00000000000000e+00
1	12	6	7	2.04043032197035e+02	2.35982018489495e+01	3.00000000000000e-02	0.00000000000000e+00	0.00000000000000e+00
1	12	7	8	1.15285845410001e+02	2.13152840679660e+01	3.00000000000000e-02	0.00000000000000e+00	0.00000000000000e+00
1	12	8	9	8.92158340425102e+01	1.55369815613829e+01	3.00000000000000e-02	0.00000000000000e+00	0.00000000000000e+00
1	12	9	10	1.22995458578960e+02	8.69717568794796e+00	3.00000000000000e-02	0.00000000000000e+00	0.00000000000000e+00
1	13	2	3	3.46119181130496e+01	3.09098458728574e+00	3.00000000000000e-02	0.00000000000000e+00	0.00000000000000e+00
1	13	3	4	4.59429872140107e+01	8.83763719453285e+00	3.00000000000000e-02	0.00000000000000e+00	0.00000000000000e+00
1	13	4	5	9.04594765465948e+01	1.61725384464896e+01	3.00000000000000e-02	0.00000000000000e+00	0.00000000000000e+00
1	13	5	6	1.29462312905910e+02	2.31837227791156e+01	3.00000000000000e-02	0.00000000000000e+00	0.00000000000000e+00
1	13	6	7	2.02871045287267e+02	2.75252185829567e+01	3.00000000000000e-02	0.00000000000000e+00	0.00000000000000e+00
1	13	7	8	1.18698031420699e+02	2.75270535872030e+01	3.00000000000000e-02	0.00000000000000e+00	0.00000000000000e+00
1	13	8	9	9.84645453858371e+01	2.31829108409921e+01	3.00000000000000e-02	0.00000000000000e+00	0.00000000000000e+00
1	13	9	10	1.39299715714761e+02	1.61709592793705e+01	3.00000000000000e-02	0.00000000000000e+00	0.00000000000000e+00
1	14	2	3	2.18828812510246e+01	3.10022572154693e+00	3.00000000000000e-02	0.00000000000000e+00	0.00000000000000e+00
1	14	4	5	9.00179320595850e+01	1.66482522002913e+01	3.00000000000000e-02	0.00000000000000e+00	0.00000000000000e+00
1	14	5	6	1.30847318311962e+02	2.46235944056082e+01	3.00000000000000e-02	0.00000000000000e+00	0.00000000000000e+00
1	14	6	7	2.09180516994440e+02	3.07220376239665e+01	3.00000000000000e-02	0.00000000000000e+00	0.00000000000000e+00
1	14	7	8	1.27203533821441e+02	3.30213526492776e+01	3.00000000000000e-02	0.00000000000000e+00	0.00000000000000e+00
1	14	8	9	1.12293970190202e+02	3.07228801141984e+01	3.00000000000000e-02	0.00000000000000e+00	0.00000000000000e+00
1	14	9	10	1.68878061780829e+02	2.46215259719884e+01	3.00000000000000e-02	0.00000000000000e+00	0.00000000000000e+00
1	14	10	11	1.24582688601837e+02	1.66455813738437e+01	3.00000000000000e-02	0.00000000000000e+00	0.00000000000000e+00
1	14	11	12	1.04463896953200e+02	8.93671109075824e+00	3.00000000000000e-02	0.00000000000000e+00	0.00000000000000e+00
1	14	12	13	1.10053836939382e+02	3.09026276677353e+00	3.00000000000000e-02	0.00000000000000e+00	0.00000000000000e+00
1	15	2	3	2.72458803720119e+01	3.10737287178488e+00	3.00000000000000e-02	0.00000000000000e+00	0.00000000000000e+00
1	15	3	4	3.74983302155272e+01	9.01692617706838e+00	3.00000000000000e-02	0.00000000000000e+00	0.00000000000000e+00
1	15	4	5	9.03604237639061e+01	1.70123513617548e+01	3.00000000000000e-02	0.00000000000000e+00	0.00000000000000e+00
1	15	5	6	1.32392089088618e+02	2.57435927074812e+01	3.00000000000000e-02	0.00000000000000e+00	0.00000000000000e+00
1	15	6	7	2.13495805728229e+02	3.33028852764394e+01	3.00000000000000e-02	0.00000000000000e+00	0.00000000000000e+00
1	15	7	8	1.33070655636505e+02	3.77311665886466e+01	3.00000000000000e-02	0.00000000000000e+00	0.00000000000000e+00
1	15	8	9	1.23148451029761e+02	3.77302296103338e+01	3.00000000000000e-02	0.00000000000000e+00	0.00000000000000e+00
1	15	9	10	1.92185931526675e+02	3.33031696691404e+01	3.00000000000000e-02	0.00000000000000e+00	0.00000000000000e+00
1	15	10	11	1.33570946872227e+02	2.57416195062600e+01	3.00000000000000e-02	0.00000000000000e+00	0.00000000000000e+00
1	15	11	12	1.26406457301696e+02	1.70116999663143e+01	3.00000000000000e-02	0.00000000000000e+00	0.00000000000000e+00
1	15	12	13	1.30596868045968e+02	9.01183905587113e+00	3.00000000000000e-02	0.00000000000000e+00	0.00000000000000e+00
1	15	13	14	1.10190950676585e+02	3.10418904645636e+00	3.00000000000000e-02	0.00000000000000e+00	0.00000000000000e+00
1	16	4	5	6.00747766839976e+01	1.72961171574082e+01	3.00000000000000e-02	0.00000000000000e+00	0.00000000000000e+00
1	16	5	6	1.24519770522553e+02	2.66247090504405e+01	3.00000000000000e-02	0.00000000000000e+00	0.00000000000000e+00
1	16	6	7	2.00894577928551e+02	3.53850857135776e+01	3.00000000000000e-02	0.00000000000000e+00	0.00000000000000e+00
1	16	7	8	1.27195341336602e+02	4.16996991533871e+01	3.00000000000000e-02	0.00000000000000e+00	0.00000000000000e+00
1	16	8	9	1.20529859876570e+02	4.40069882129080e+01	3.00000000000000e-02	0.00000000000000e+00	0.00000000000000e+00
1	16	9	10	1.93372903617644e+02	4.16981107327613e+01	3.00000000000000e-02	0.00000000000000e+00	0.00000000000000e+00
1	16	10	11	1.71248834761015e+02	3.53855730768229e+01	3.00000000000000e-02	0.00000000000000e+00	0.00000000000000e+00
1	16	11	12	1.05260659889814e+02	2.66241380950464e+01	3.00000000000000e-02	0.00000000000000e+00	0.00000000000000e+00
1	16	12	13	1.27776999282472e+02	1.72930315055728e+01	3.00000000000000e-02	0.00000000000000e+00	0.00000000000000e+00
1	16	13	14	9.77426989690429e+01	9.07630225360228e+00	3.00000000000000e-02	0.00000000000000e+00	0.00000000000000e+00
1	16	14	15	6.74005815383377e+01	3.10935619989840e+00	3.00000000000000e-02	0.00000000000000e+00	0.00000000000000e+00
1	17	5	6	1.25328680302995e+02	2.73263344001890e+01	3.00000000000000e-02	0.00000000000000e+00	0.00000000000000e+00
1	17	6	7	2.11569086581721e+02	3.70714670218504e+01	3.00000000000000e-02	0.00000000000000e+00	0.00000000000000e+00
1	17	7	8	1.36044235807159e+02	4.50163084094089e+01	3.00000000000000e-02	0.00000000000000e+00	0.00000000000000e+00
1	17	8	9	1.32892918100745e+02	4.95017593247233e+01	3.00000000000000e-02	0.00000000000000e+00	0.00000000000000e+00
1	17	9	10	2.20203005403952e+02	4.95011746598700e+01	3.00000000000000e-02	0.00000000000000e+00	0.00000000000000e+00
1	17	10	11	1.76582488851575e+02	4.50147443902077e+01	3.00000000000000e-02	0.00000000000000e+00	0.00000000000000e+00
1	17	11	12	1.59644643672180e+02	3.70730347432738e+01	3.00000000000000e-02	0.00000000000000e+00	0.00000000000000e+00
1	17	12	13	1.71389583558971e+02	2.73233136806566e+01	3.00000000000000e-02	0.00000000000000e+00	0.00000000000000e+00
1	17	13	14	1.39081826686934e+02	1.75207292759042e+01	3.00000000000000e-02	0.00000000000000e+00	0.00000000000000e+00
1	17	14	15	1.19560301618742e+02	9.12332803903438e+00	3.00000000000000e-02	0.00000000000000e+00	0.00000000000000e+00
1	17	15	16	1.32947263308100e+02	3.11456209709809e+00	3.00000000000000e-02	0.00000000000000e+00	0.00000000000000e+00
1	18	4	5	8.79897546445914e+01	1.77017540144591e+01	3.00000000000000e-02	0.00000000000000e+00	0.00000000000000e+00
1	18	5	6	1.30911534890160e+02	2.78917950996922e+01	3.00000000000000e-02	0.00000000000000e+00	0.00000000000000e+00
1	18	6	7	2.14377377652955e+02	3.84459624167119e+01	3.00000000000000e-02	0.00000000000000e+00	0.00000000000000e+00
1	18	7	8	1.39547335103807e+02	4.77813469782326e+01	3.00000000000000e-02	0.00000000000000e+00	0.00000000000000e+00
1	18	8	9	1.39350001362369e+02	5.42462751134243e+01	3.00000000000000e-02	0.00000000000000e+00	0.00000000000000e+00
1	18	9	10	2.36550736185737e+02	5.65638858313914e+01	3.00000000000000e-02	0.00000000000000e+00	0.00000000000000e+00
1	18	10	11	2.79238884352364e+02	5.42457901944503e+01	3.00000000000000e-02	0.00000000000000e+00	0.00000000000000e+00
1	18	11	12	9.74746303692568e+01	4.77805104626145e+01	3.00000000000000e-02	0.00000000000000e+00	0.00000000000000e+00
1	18	12	13	1.91050977125119e+02	3.84453270452325e+01	3.00000000000000e-02	0.00000000000000e+00	0.00000000000000e+00
1	18	13	14	1.59548811546245e+02	2.78911496809223e+01	3.00000000000000e-02	0.00000000000000e+00	0.00000000000000e+00
1	18	14	15	1.52287721366573e+02	1.76998067586138e+01	3.00000000000000e-02	0.00000000000000e+00	0.00000000000000e+00
1	18	16	17	5.03130886913623e+01	3.11459011336897e+00	3.00000000000000e-02	0.00000000000000e+00	0.00000000000000e+00
1	18	15	16	1.95006212302468e+02	9.16072627224192e+00	3.00000000000000e-02	0.00000000000000e+00	0.00000000000000e+00
1	19	3	4	9.18899335291391e+01	9.19689348441703e+00	3.00000000000000e-02	0.00000000000000e+00	0.00000000000000e+00
1	19	4	5	9.20505480871941e+01	1.78491120264476e+01	3.00000000000000e-02	0.00000000000000e+00	0.00000000000000e+00
1	19	5	6	1.34771936239263e+02	2.83528042595417e+01	3.00000000000000e-02	0.00000000000000e+00	0.00000000000000e+00
1	19	6	7	2.19276842718189e+02	3.95747998884983e+01	3.00000000000000e-02	0.00000000000000e+00	0.00000000000000e+00
1	19	7	8	1.43155491503496e+02	5.00893952076613e+01	3.00000000000000e-02	0.00000000000000e+00	0.00000000000000e+00
1	19	8	9	1.44547502849778e+02	5.83127938784743e+01	3.00000000000000e-02	0.00000000000000e+00	0.00000000000000e+00
1	19	9	10	2.48120328012490e+02	6.28448656867513e+01	3.00000000000000e-02	0.00000000000000e+00	0.00000000000000e+00
1	19	10	11	1.90719697010229e+02	6.28450674881141e+01	3.00000000000000e-02	0.00000000000000e+00	0.00000000000000e+00
1	19	11	12	1.56860273494695e+02	5.83132364402055e+01	3.00000000000000e-02	0.00000000000000e+00	0.00000000000000e+00
1	19	12	13	1.84470859932035e+02	5.00868471884581e+01	3.00000000000000e-02	0.00000000000000e+00	0.00000000000000e+00
1	19	13	14	1.49920539134404e+02	3.95770244832867e+01	3.00000000000000e-02	0.00000000000000e+00	0.00000000000000e+00
1	19	14	15	1.47623377122053e+02	2.83514907376851e+01	3.00000000000000e-02	0.00000000000000e+00	0.00000000000000e+00
1	19	15	16	1.90095211577233e+02	1.78469695605491e+01	3.00000000000000e-02	0.00000000000000e+00	0.00000000000000e+00
1	19	16	17	8.41895471657397e+01	9.19340735189785e+00	3.00000000000000e-02	0.00000000000000e+00	0.00000000000000e+00
1	20	4	5	7.29763343994123e+01	1.79706600078339e+01	3.00000000000000e-02	0.00000000000000e+00	0.00000000000000e+00
1	20	5	6	1.27344649584606e+02	2.87327392317321e+01	3.00000000000000e-02	0.00000000000000e+00	0.00000000000000e+00
1	20	6	7	2.07099391683865e+02	4.05093893028032e+01	3.00000000000000e-02	0.00000000000000e+00	0.00000000000000e+00
1	20	7	8	1.35387840967801e+02	5.20226249453602e+01	3.00000000000000e-02	0.00000000000000e+00	0.00000000000000e+00
1	20	8	9	1.37630284924549e+02	6.17874391350537e+01	3.00000000000000e-02	0.00000000000000e+00	0.00000000000000e+00
1	20	9	10	2.37535832194694e+02	6.83684235021498e+01	3.00000000000000e-02	0.00000000000000e+00	0.00000000000000e+00
1	20	10	11	3.64547207396093e+02	7.06951286593504e+01	3.00000000000000e-02	0.00000000000000e+00	0.00000000000000e+00
1	20	12	13	1.85965461161303e+02	6.17862400945251e+01	3.00000000000000e-02	0.00000000000000e+00	0.00000000000000e+00
1	20	13	14	1.44290360366551e+02	5.20223968555716e+01	3.00000000000000e-02	0.00000000000000e+00	0.00000000000000e+00
1	20	14	15	1.40057525263530e+02	4.05109002636552e+01	3.00000000000000e-02	0.00000000000000e+00	0.00000000000000e+00
1	20	15	16	1.73104469884325e+02	2.87307939161211e+01	3.00000000000000e-02	0.00000000000000e+00	0.00000000000000e+00
1	20	16	17	7.69438342427589e+01	1.79687149395761e+01	3.00000000000000e-02	0.00000000000000e+00	0.00000000000000e+00
1	20	17	18	6.09580272361582e+01	9.22151988093903e+00	3.00000000000000e-02	0.00000000000000e+00	0.00000000000000e+00
1	21	4	5	7.74873694229987e+01	1.80720128327539e+01	3.00000000000000e-02	0.00000000000000e+00	0.00000000000000e+00
1	21	5	6	1.27929914193208e+02	2.90490344290686e+01	3.00000000000000e-02	0.00000000000000e+00	0.00000000000000e+00
1	21	6	7	2.08749452673765e+02	4.12895124707046e+01	3.00000000000000e-02	0.00000000000000e+00	0.00000000000000e+00
1	21	7	8	1.37438302383515e+02	5.36497431008696e+01	3.00000000000000e-02	0.00000000000000e+00	0.00000000000000e+00
1	21	8	9	1.41323090413542e+02	6.47561116086225e+01	3.00000000000000e-02	0.00000000000000e+00	0.00000000000000e+00
1	21	9	10	2.47636355347300e+02	7.31948142606369e+01	3.00000000000000e-02	0.00000000000000e+00	0.00000000000000e+00
1	21	10	11	4.51621623651708e+02	7.77630962645382e+01	3.00000000000000e-02	0.00000000000000e+00	0.00000000000000e+00
1	21	12	13	2.05272861831472e+02	7.31956689504758e+01	3.00000000000000e-02	0.00000000000000e+00	0.00000000000000e+00
1	21	13	14	1.62532968268191e+02	6.47595887577012e+01	3.00000000000000e-02	0.00000000000000e+00	0.00000000000000e+00
1	21	14	15	1.62599686677074e+02	5.36526386448472e+01	3.00000000000000e-02	0.00000000000000e+00	0.00000000000000e+00
1	21	15	16	2.07940746853794e+02	4.12959393042421e+01	3.00000000000000e-02	0.00000000000000e+00	0.00000000000000e+00
1	21	16	17	9.82109738787621e+01	2.90549538423286e+01	3.00000000000000e-02	0.00000000000000e+00	0.00000000000000e+00
1	21	17	18	8.83106999732674e+01	1.80821892509531e+01	3.00000000000000e-02	0.00000000000000e+00	0.00000000000000e+00
1	21	18	19	1.15444531223755e+02	9.25859788944936e+00	3.00000000000000e-02	0.00000000000000e+00	0.00000000000000e+00
1	21	19	20	1.74960269684065e+02	3.15291448947344e+00	3.00000000000000e-02	0.00000000000000e+00	0.00000000000000e+00
2	21	3	4	3.40991068620076e+01	3.12157115830786e+00	3.00000000000000e-02	0.00000000000000e+00	0.00000000000000e+00
2	21	5	6	1.11081305865539e+02	1.79690294873579e+01	3.00000000000000e-02	0.00000000000000e+00	0.00000000000000e+00
2	21	6	7	1.79254180128703e+02	2.87288413417543e+01	3.00000000000000e-02	0.00000000000000e+00	0.00000000000000e+00
2	21	7	8	1.21292763235903e+02	4.05114037340526e+01	3.00000000000000e-02	0.00000000000000e+00	0.00000000000000e+00
2	21	8	9	1.29458591421244e+02	5.20210688108254e+01	3.00000000000000e-02	0.00000000000000e+00	0.00000000000000e+00
2	21	9	10	2.32498556964675e+02	6.17870676777684e+01	3.00000000000000e-02	0.00000000000000e+00	0.00000000000000e+00
2	21	10	11	1.86391973849497e+02	6.83693622556614e+01	3.00000000000000e-02	0.00000000000000e+00	0.00000000000000e+00
2	21	11	12	3.07133055716142e+02	7.06969624331644e+01	3.00000000000000e-02	0.00000000000000e+00	0.00000000000000e+00
2	21	13	14	1.61319186501838e+02	6.17908349395910e+01	3.00000000000000e-02	0.00000000000000e+00	0.00000000000000e+00
2	21	14	15	1.62945715334326e+02	5.20254260272303e+01	3.00000000000000e-02	0.00000000000000e+00	0.00000000000000e+00
2	21	15	16	2.08766494798198e+02	4.05156275686719e+01	3.00000000000000e-02	0.00000000000000e+00	0.00000000000000e+00
2	21	16	17	9.87666169408984e+01	2.87385441803396e+01	3.00000000000000e-02	0.00000000000000e+00	0.00000000000000e+00
2	21	17	18	8.89235073422308e+01	1.79807273581042e+01	3.00000000000000e-02	0.00000000000000e+00	0.00000000000000e+00
2	21	18	19	1.08133749589708e+02	9.23635901991117e+00	3.00000000000000e-02	0.00000000000000e+00	0.00000000000000e+00
2	21	19	20	1.68268997093089e+02	3.15073899833894e+00	3.00000000000000e-02	0.00000000000000e+00	0.00000000000000e+00
3	21	6	7	1.40615267220913e+02	1.78449620386370e+01	3.00000000000000e-02	0.00000000000000e+00	0.00000000000000e+00
3	21	7	8	9.88383345339632e+01	2.83522039115350e+01	3.00000000000000e-02	0.00000000000000e+00	0.00000000000000e+00
3	21	8	9	1.10589693989833e+02	3.95754702225281e+01	3.00000000000000e-02	0.00000000000000e+00	0.00000000000000e+00
3	21	9	10	2.05082804124280e+02	5.00877535124889e+01	3.00000000000000e-02	0.00000000000000e+00	0.00000000000000e+00
3	21	10	11	1.68511297032392e+02	5.83132499004733e+01	3.00000000000000e-02	0.00000000000000e+00	0.00000000000000e+00
3	21	11	12	1.69483201294050e+02	6.28469724017153e+01	3.00000000000000e-02	0.00000000000000e+00	0.00000000000000e+00
3	21	12	13	3.25872342551491e+02	6.28459021440566e+01	3.00000000000000e-02	0.00000000000000e+00	0.00000000000000e+00
3	21	14	15	1.64321759075945e+02	5.00919885001662e+01	3.00000000000000e-02	0.00000000000000e+00	0.00000000000000e+00
3	21	15	16	2.12732038388394e+02	3.95807782839738e+01	3.00000000000000e-02	0.00000000000000e+00	0.00000000000000e+00
3	21	16	17	1.00955545609668e+02	2.83584586457420e+01	3.00000000000000e-02	0.00000000000000e+00	0.00000000000000e+00
3	21	17	18	9.11468525244856e+01	1.78590453407121e+01	3.00000000000000e-02	0.00000000000000e+00	0.00000000000000e+00
3	21	18	19	1.11052848288379e+02	9.20981317855869e+00	3.00000000000000e-02	0.00000000000000e+00	0.00000000000000e+00
3	21	19	20	1.67287215073596e+02	3.14815951405105e+00	3.00000000000000e-02	0.00000000000000e+00	0.00000000000000e+00
4	21	7	8	8.15095160686877e+01	1.77016813697303e+01	3.00000000000000e-02	0.00000000000000e+00	0.00000000000000e+00
4	21	8	9	9.67585844653029e+01	2.78897837228341e+01	3.00000000000000e-02	0.00000000000000e+00	0.00000000000000e+00
4	21	9	10	1.84958306940605e+02	3.84465559587105e+01	3.00000000000000e-02	0.00000000000000e+00	0.00000000000000e+00
4	21	10	11	1.55890674187859e+02	4.77806782221273e+01	3.00000000000000e-02	0.00000000000000e+00	0.00000000000000e+00
4	21	11	12	1.61514865679315e+02	5.42478599020319e+01	3.00000000000000e-02	0.00000000000000e+00	0.00000000000000e+00
4	21	12	13	1.87763618898904e+02	5.65648479559517e+01	3.00000000000000e-02	0.00000000000000e+00	0.00000000000000e+00
4	21	13	14	1.59294835473388e+02	5.42490823582219e+01	3.00000000000000e-02	0.00000000000000e+00	0.00000000000000e+00
4	21	14	15	1.65103190396791e+02	4.77836984032249e+01	3.00000000000000e-02	0.00000000000000e+00	0.00000000000000e+00
4	21	15	16	2.14650883899469e+02	3.84516376406161e+01	3.00000000000000e-02	0.00000000000000e+00	0.00000000000000e+00
4	21	16	17	1.02325508893648e+02	2.78972690103022e+01	3.00000000000000e-02	0.00000000000000e+00	0.00000000000000e+00
4	21	17	18	9.25646861948568e+01	1.77115261057389e+01	3.00000000000000e-02	0.00000000000000e+00	0.00000000000000e+00
4	21	18	19	1.12956486865691e+02	9.17778339121283e+00	3.00000000000000e-02	0.00000000000000e+00	0.00000000000000e+00
4	21	19	20	1.66233287986654e+02	3.14506969960674e+00	3.00000000000000e-02	0.00000000000000e+00	0.00000000000000e+00
5	21	8	9	7.98585189697689e+01	1.75184805123075e+01	3.00000000000000e-02	0.00000000000000e+00	0.00000000000000e+00
5	21	9	10	1.61063209111166e+02	2.73241817602363e+01	3.00000000000000e-02	0.00000000000000e+00	0.00000000000000e+00
5	21	10	11	1.41545906424617e+02	3.70728268159446e+01	3.00000000000000e-02	0.00000000000000e+00	0.00000000000000e+00
5	21	11	12	1.53222860535577e+02	4.50166908665526e+01	3.00000000000000e-02	0.00000000000000e+00	0.00000000000000e+00
5	21	12	13	1.83393907500732e+02	4.95018361366587e+01	3.00000000000000e-02	0.00000000000000e+00	0.00000000000000e+00
5	21	13	14	1.52730115977508e+02	4.95041216055712e+01	3.00000000000000e-02	0.00000000000000e+00	0.00000000000000e+00
5	21	6	7	7.34438031095296e+01	3.10991713709051e+00	3.00000000000000e-02	0.00000000000000e+00	0.00000000000000e+00
5	21	14	15	1.66346268010211e+02	4.50183130027525e+01	3.00000000000000e-02	0.00000000000000e+00	0.00000000000000e+00
5	21	15	16	2.19947503526404e+02	3.70767610652343e+01	3.00000000000000e-02	0.00000000000000e+00	0.00000000000000e+00
5	21	16	17	1.05673455686537e+02	2.73315803500814e+01	3.00000000000000e-02	0.00000000000000e+00	0.00000000000000e+00
5	21	17	18	9.61847158873784e+01	1.75305221512710e+01	3.00000000000000e-02	0.00000000000000e+00	0.00000000000000e+00
5	21	18	19	1.17804725428065e+02	9.13866675676177e+00	3.00000000000000e-02	0.00000000000000e+00	0.00000000000000e+00
5	21	19	20	1.74943895892618e+02	3.14132591908972e+00	3.00000000000000e-02	0.00000000000000e+00	0.00000000000000e+00
6	21	9	10	1.32599326583368e+02	1.72948800612717e+01	3.00000000000000e-02	0.00000000000000e+00	0.00000000000000e+00
6	21	10	11	1.20884197173803e+02	2.66243639653691e+01	3.00000000000000e-02	0.00000000000000e+00	0.00000000000000e+00
6	21	11	12	1.34870377365109e+02	3.53879962334884e+01	3.00000000000000e-02	0.00000000000000e+00	0.00000000000000e+00
6	21	12	13	1.66948102395075e+02	4.16987669800644e+01	3.00000000000000e-02	0.00000000000000e+00	0.00000000000000e+00
6	21	13	14	1.42550625137760e+02	4.40090596019164e+01	3.00000000000000e-02	0.00000000000000e+00	0.00000000000000e+00
6	21	14	15	1.52901453572817e+02	4.17013820979816e+01	3.00000000000000e-02	0.00000000000000e+00	0.00000000000000e+00
6	21	15	16	2.17294063697875e+02	3.53899702927652e+01	3.00000000000000e-02	0.00000000000000e+00	0.00000000000000e+00
6	21	16	17	1.05857274709273e+02	2.66296890462958e+01	3.00000000000000e-02	0.00000000000000e+00	0.00000000000000e+00
6	21	17	18	9.66730876023489e+01	1.73054497093502e+01	3.00000000000000e-02	0.00000000000000e+00	0.00000000000000e+00
6	21	18	19	1.18700339617604e+02	9.09023890470244e+00	3.00000000000000e-02	0.00000000000000e+00	0.00000000000000e+00
6	21	19	20	1.75392794523418e+02	3.13673048625644e+00	3.00000000000000e-02	0.00000000000000e+00	0.00000000000000e+00
7	21	10	11	1.22103132553108e+02	1.70102243387787e+01	3.00000000000000e-02	0.00000000000000e+00	0.00000000000000e+00
7	21	11	12	1.33993823738854e+02	2.57432898633725e+01	3.00000000000000e-02	0.00000000000000e+00	0.00000000000000e+00
7	21	12	13	1.65284177979739e+02	3.33030114566352e+01	3.00000000000000e-02	0.00000000000000e+00	0.00000000000000e+00
7	21	13	14	1.41299152376691e+02	3.77315920201587e+01	3.00000000000000e-02	0.00000000000000e+00	0.00000000000000e+00
7	21	14	15	1.53376755258990e+02	3.77322657942297e+01	3.00000000000000e-02	0.00000000000000e+00	0.00000000000000e+00
7	21	15	16	2.04954929071428e+02	3.33072118774330e+01	3.00000000000000e-02	0.00000000000000e+00	0.00000000000000e+00
7	21	16	17	1.06266750010148e+02	2.57482160837741e+01	3.00000000000000e-02	0.00000000000000e+00	0.00000000000000e+00
7	21	17	18	9.78555528145329e+01	1.70213764553943e+01	3.00000000000000e-02	0.00000000000000e+00	0.00000000000000e+00
7	21	18	19	1.19468130374331e+02	9.02934225985221e+00	3.00000000000000e-02	0.00000000000000e+00	0.00000000000000e+00
7	21	19	20	1.75440859236371e+02	3.13100506548543e+00	3.00000000000000e-02	0.00000000000000e+00	0.00000000000000e+00
8	21	9	10	1.23569037051088e+02	3.09700715675856e+00	3.00000000000000e-02	0.00000000000000e+00	0.00000000000000e+00
8	21	10	11	9.91695107592420e+01	8.93757194246851e+00	3.00000000000000e-02	0.00000000000000e+00	0.00000000000000e+00
8	21	11	12	1.16587255860003e+02	1.66491145244421e+01	3.00000000000000e-02	0.00000000000000e+00	0.00000000000000e+00
8	21	12	13	1.49871809454214e+02	2.46219854497954e+01	3.00000000000000e-02	0.00000000000000e+00	0.00000000000000e+00
8	21	13	14	1.33118252015369e+02	3.07243707134575e+01	3.00000000000000e-02	0.00000000000000e+00	0.00000000000000e+00
8	21	14	15	1.50263863908799e+02	3.30221945610814e+01	3.00000000000000e-02	0.00000000000000e+00	0.00000000000000e+00
8	21	15	16	2.05972943377220e+02	3.07259043518995e+01	3.00000000000000e-02	0.00000000000000e+00	0.00000000000000e+00
8	21	16	17	1.01904818350083e+02	2.46278371667201e+01	3.00000000000000e-02	0.00000000000000e+00	0.00000000000000e+00
8	21	18	19	1.31383239738423e+02	8.95139736863631e+00	3.00000000000000e-02	0.00000000000000e+00	0.00000000000000e+00
9	21	10	11	5.91212606464071e+01	3.08977295703609e+00	3.00000000000000e-02	0.00000000000000e+00	0.00000000000000e+00
9	21	11	12	8.38199661730657e+01	8.83749899026269e+00	3.00000000000000e-02	0.00000000000000e+00	0.00000000000000e+00
9	21	12	13	1.19916166647280e+02	1.61703832831404e+01	3.00000000000000e-02	0.00000000000000e+00	0.00000000000000e+00
9	21	13	14	1.14118578907477e+02	2.31837595675799e+01	3.00000000000000e-02	0.00000000000000e+00	0.00000000000000e+00
9	21	14	15	1.36325542953445e+02	2.75271672226486e+01	3.00000000000000e-02	0.00000000000000e+00	0.00000000000000e+00
9	21	15	16	1.95268906095756e+02	2.75284077074555e+01	3.00000000000000e-02	0.00000000000000e+00	0.00000000000000e+00
9	21	16	17	9.93196338316373e+01	2.31874270619744e+01	3.00000000000000e-02	0.00000000000000e+00	0.00000000000000e+00
9	21	17	18	9.35503484612847e+01	1.61807023075420e+01	3.00000000000000e-02	0.00000000000000e+00	0.00000000000000e+00
9	21	18	19	1.19522175036172e+02	8.84956130876443e+00	3.00000000000000e-02	0.00000000000000e+00	0.00000000000000e+00
9	21	19	20	1.74648095391367e+02	3.11436699807352e+00	3.00000000000000e-02	0.00000000000000e+00	0.00000000000000e+00
10	21	13	14	1.00855019800073e+02	1.55380775340092e+01	3.00000000000000e-02	0.00000000000000e+00	0.00000000000000e+00
10	21	14	15	1.26133093786924e+02	2.13149430404816e+01	3.00000000000000e-02	0.00000000000000e+00	0.00000000000000e+00
10	21	15	16	1.84116254276595e+02	2.36008355415144e+01	3.00000000000000e-02	0.00000000000000e+00	0.00000000000000e+00
10	21	16	17	9.63609381085211e+01	2.13186972864105e+01	3.00000000000000e-02	0.00000000000000e+00	0.00000000000000e+00
10	21	17	18	9.19465582612286e+01	1.55461928174118e+01	3.00000000000000e-02	0.00000000000000e+00	0.00000000000000e+00
10	21	18	19	1.13389858352507e+02	8.71331537895611e+00	3.00000000000000e-02	0.00000000000000e+00	0.00000000000000e+00
10	21	19	20	1.68042121796920e+02	3.10194767877267e+00	3.00000000000000e-02	0.00000000000000e+00	0.00000000000000e+00
11	21	12	13	9.52152385380286e+01	3.05220090455156e+00	3.00000000000000e-02	0.00000000000000e+00	0.00000000000000e+00
11	21	13	14	9.21834339733694e+01	8.51248790061772e+00	3.00000000000000e-02	0.00000000000000e+00	0.00000000000000e+00
11	21	14	15	1.21312925276967e+02	1.46748382101468e+01	3.00000000000000e-02	0.00000000000000e+00	0.00000000000000e+00
11	21	15	16	1.82585651592402e+02	1.88825777046456e+01	3.00000000000000e-02	0.00000000000000e+00	0.00000000000000e+00
11	21	16	17	1.00093777467846e+02	1.88849057522066e+01	3.00000000000000e-02	0.00000000000000e+00	0.00000000000000e+00
11	21	17	18	9.83299792103410e+01	1.46832606925670e+01	3.00000000000000e-02	0.00000000000000e+00	0.00000000000000e+00
11	21	18	19	1.23123721074892e+02	8.52592399989559e+00	3.00000000000000e-02	0.00000000000000e+00	0.00000000000000e+00
11	21	19	20	1.77077541424935e+02	3.08503908487521e+00	3.00000000000000e-02	0.00000000000000e+00	0.00000000000000e+00
12	21	13	14	7.48982392476746e+01	3.04135525195011e+00	3.00000000000000e-02	0.00000000000000e+00	0.00000000000000e+00
12	21	14	15	1.03264285253767e+02	8.24682632979281e+00	3.00000000000000e-02	0.00000000000000e+00	0.00000000000000e+00
12	21	15	16	1.64938838863492e+02	1.34803513435080e+01	3.00000000000000e-02	0.00000000000000e+00	0.00000000000000e+00
12	21	16	17	9.45614659656779e+01	1.57384989682052e+01	3.00000000000000e-02	0.00000000000000e+00	0.00000000000000e+00
12	21	17	18	9.72162846099434e+01	1.34862655419743e+01	3.00000000000000e-02	0.00000000000000e+00	0.00000000000000e+00
12	21	18	19	1.23965873397817e+02	8.25971105692222e+00	3.00000000000000e-02	0.00000000000000e+00	0.00000000000000e+00
12	21	19	20	1.77437387392132e+02	3.06121814592295e+00	3.00000000000000e-02	0.00000000000000e+00	0.00000000000000e+00
13	21	14	15	1.00797954691917e+02	2.99499204266516e+00	3.00000000000000e-02	0.00000000000000e+00	0.00000000000000e+00
13	21	15	16	1.51680299494400e+02	7.85419943529413e+00	3.00000000000000e-02	0.00000000000000e+00	0.00000000000000e+00
13	21	16	17	9.02932813116576e+01	1.17971216162942e+01	3.00000000000000e-02	0.00000000000000e+00	0.00000000000000e+00
13	21	17	18	9.76409101014431e+01	1.18011743172682e+01	3.00000000000000e-02	0.00000000000000e+00	0.00000000000000e+00
13	21	18	19	1.26392385406960e+02	7.86687655025147e+00	3.00000000000000e-02	0.00000000000000e+00	0.00000000000000e+00
13	21	19	20	1.77415901660824e+02	3.02619628361863e+00	3.00000000000000e-02	0.00000000000000e+00	0.00000000000000e+00
14	21	15	16	1.33008840771022e+02	2.94734226719809e+00	3.00000000000000e-02	0.00000000000000e+00	0.00000000000000e+00
14	21	16	17	8.12137867924984e+01	7.25330333599764e+00	3.00000000000000e-02	0.00000000000000e+00	0.00000000000000e+00
14	21	17	18	9.62165406956101e+01	9.43762047038844e+00	3.00000000000000e-02	0.00000000000000e+00	0.00000000000000e+00
14	21	18	19	1.29112389314069e+02	7.26207263142298e+00	3.00000000000000e-02	0.00000000000000e+00	0.00000000000000e+00
14	21	19	20	1.77430686453120e+02	2.97183420323093e+00	3.00000000000000e-02	0.00000000000000e+00	0.00000000000000e+00
15	21	16	17	6.02170965190982e+01	2.85821201338033e+00	3.00000000000000e-02	0.00000000000000e+00	0.00000000000000e+00
15	21	17	18	8.78680987825193e+01	6.28653083468215e+00	3.00000000000000e-02	0.00000000000000e+00	0.00000000000000e+00
15	21	18	19	1.29734837950510e+02	6.29215694403135e+00	3.00000000000000e-02	0.00000000000000e+00	0.00000000000000e+00
15	21	19	20	1.70979068771562e+02	2.88118572394124e+00	3.00000000000000e-02	0.00000000000000e+00	0.00000000000000e+00
16	21	17	18	9.06461473550565e+01	2.69555570819128e+00	3.00000000000000e-02	0.00000000000000e+00	0.00000000000000e+00
16	21	18	19	1.40952175320424e+02	4.71569673203157e+00	3.00000000000000e-02	0.00000000000000e+00	0.00000000000000e+00
16	21	19	20	1.76396279240483e+02	2.71513812618399e+00	3.00000000000000e-02	0.00000000000000e+00	0.00000000000000e+00
17	21	18	19	1.11609024263061e+02	2.35652487691660e+00	3.00000000000000e-02	0.00000000000000e+00	0.00000000000000e+00
17	21	19	20	1.66577009477880e+02	2.37289187290428e+00	3.00000000000000e-02	0.00000000000000e+00	0.00000000000000e+00
18	21	19	20	1.32912488296319e+02	1.57897192683382e+00	3.00000000000000e-02	0.00000000000000e+00	0.00000000000000e+00
0
