9.142364633305658117e+01
1.085205082466908522e+02
1.389643327062652247e+02
1.498861439567107823e+02
1.881327282145671234e+02
2.062178530627732016e+02
2.171114181996150592e+02
2.683822724467936496e+02
9.327522402771806753e+01
1.188307405750321095e+02
1.302364920890896371e+02
1.664742225390058934e+02
1.833204895455244809e+02
1.851448506697084042e+02
2.101140597266703764e+02
2.709491563272140979e+02
1.624534476026766470e+02
1.776501342889080775e+02
2.266439751709519328e+02
2.366306112087434599e+02
2.537350349563848795e+02
9.141436304173025462e+01
1.024220093879155371e+02
1.353025923276704816e+02
1.505231722879333631e+02
1.554254669471289674e+02
1.819366394117975290e+02
2.023098828115099650e+02
2.307245963892143266e+02
1.746451003479888868e+02
1.957712801484867384e+02
2.260339045614586553e+02
2.371791757485017911e+02
2.252375828825758219e+02
1.388116500945576774e+02
1.630454445475421608e+02
2.192659280048352741e+02
2.157698231572179282e+02
2.282973894962636336e+02
7.959287770214058355e+01
1.085991895988661327e+02
1.220348549643034630e+02
1.293148920966591220e+02
1.539780474472476897e+02
1.498027590580805963e+02
2.097738179698344538e+02
1.979316624422596362e+02
1.568639579790487062e+02
2.208099963586870444e+02
2.094451578581217746e+02
2.303169976960655276e+02
2.532059719893878480e+02
1.567693125191961201e+02
1.746422545720647008e+02
2.092040516856684462e+02
2.243356878562411509e+02
2.181561610211641096e+02
1.095258856487664474e+02
1.206674994996652970e+02
1.313226250515428717e+02
1.583646357952173389e+02
1.531637386454066529e+02
2.129315493256288505e+02
2.169693446987707546e+02
2.155888477077937466e+02
2.182138433643171709e+02
1.986537330934211241e+02
2.211323732313689732e+02
2.324327326890840197e+02
1.934949757090874414e+02
1.991789411594875787e+02
1.996044619033150411e+02
2.237538296827822535e+02
2.354047086897522547e+02
1.351003975929945113e+02
1.954976508179958330e+02
1.925055389770998886e+02
2.175933676265978818e+02
2.454144568031489939e+02
9.041226465352815467e+01
1.041533400123433353e+02
1.296516751227173643e+02
1.247726130538814431e+02
1.761260313119782950e+02
1.893128612224655001e+02
1.749428528663879092e+02
1.979134038297639222e+02
1.822871477768816248e+02
1.925420491112472519e+02
2.137396059825705947e+02
2.159765257437508126e+02
1.882215491207638536e+02
1.762355896585427502e+02
2.017626392501420867e+02
2.180736258265832532e+02
1.632452406586049563e+02
1.743473296137168234e+02
1.808441300134421965e+02
2.086686331819814200e+02
2.259987465858111761e+02
8.075463888089012698e+01
1.071656391682768401e+02
1.558821695921774619e+02
1.721710126409495842e+02
1.624540281123518923e+02
1.741712539319314033e+02
1.971914158908299726e+02
2.018156649756277830e+02
2.056004487269904075e+02
2.228399251322960595e+02
2.501576882041973420e+02
1.718330313787741375e+02
1.940043334612709316e+02
2.120187066840267391e+02
2.027907143721547811e+02
1.619049841377702137e+02
1.736228926143949707e+02
1.964464673220275301e+02
2.041609617964113568e+02
1.866854588712234602e+02
1.119212183992502787e+02
1.011861587612117148e+02
1.472149896751205631e+02
1.641646150601779084e+02
1.561202972767695769e+02
1.593694915162464554e+02
1.812757589014674977e+02
2.002069906188011146e+02
1.806813450118356741e+02
2.005748609306994297e+02
2.021942230395100069e+02
2.311821329147137476e+02
1.750440593647853689e+02
1.812907714887360839e+02
2.004612377547364588e+02
2.308781173035726226e+02
1.835243288479657338e+02
1.339856533350811674e+02
1.466879465099665651e+02
1.700521793347197956e+02
1.821536882412547698e+02
7.344683549102883546e+01
1.084563807502042607e+02
1.248891178038536651e+02
1.213298517623451147e+02
1.256952829616974157e+02
1.444185965455592964e+02
1.504978841356300734e+02
1.679610228395883382e+02
1.790850867076846100e+02
1.901559533426339783e+02
1.897728536208238950e+02
1.584763770905408080e+02
1.772452817346127745e+02
1.831935412304454474e+02
2.146332000750280145e+02
1.476420715684879212e+02
1.551518919495384523e+02
1.745555125182486904e+02
2.066598529358878977e+02
1.201920087908754766e+02
1.398470666782090177e+02
1.585438280900833661e+02
1.617562088112569256e+02
9.214150593694309066e+01
1.109054837735801442e+02
1.111345490048798297e+02
1.170454597782204331e+02
1.355720441525655247e+02
1.382457023230386710e+02
1.544332800542650546e+02
1.627619806195637295e+02
1.796229816311820002e+02
1.848392125192854678e+02
2.347315416961332630e+02
1.739533375158470392e+02
1.758786914598881310e+02
1.679719878228973755e+02
1.693696184580795148e+02
1.304418298071000493e+02
1.462337015493221486e+02
1.551861105959737017e+02
1.866737911835163288e+02
1.231314534866936867e+02
1.310091780419666350e+02
1.494719394954126415e+02
1.817605487608100816e+02
9.061291627267594606e+01
9.340537321925462777e+01
9.996936322711408707e+01
1.160203453517469114e+02
1.192276543955800037e+02
1.297990539804693242e+02
1.385549011329710822e+02
1.449083330095702706e+02
1.789494028586589138e+02
1.734289593412786132e+02
2.261325294052497554e+02
1.626793629160150090e+02
1.695948349294597506e+02
2.182953526623094547e+02
1.549310317287943803e+02
1.601466010612625439e+02
1.560322919684247722e+02
1.376007912751802564e+02
1.475607185778284816e+02
1.558736828132861945e+02
1.230633213276805265e+02
1.376471318888439441e+02
1.499060936139917430e+02
1.851624171615572152e+02
9.548011797589830962e+01
1.030328361815632405e+02
1.202471825174767019e+02
1.252559885483285882e+02
1.372096140658306069e+02
1.459191303341828529e+02
1.544270188431142969e+02
1.540865806764962542e+02
1.615503231210325339e+02
1.543781725080060596e+02
1.412907705623039476e+02
1.497131865596885802e+02
1.959792348783655882e+02
1.307103843821685416e+02
1.395424342748057143e+02
1.401576988561789392e+02
1.216742955586685184e+02
1.310490841757439284e+02
1.443468220404356828e+02
8.806152446464292893e+01
9.966354571577251420e+01
1.038178294874699503e+02
1.127936248381860054e+02
1.181430509724246178e+02
1.240618760392345479e+02
1.332057053651284093e+02
1.772397796579492990e+02
1.469792761108351158e+02
2.270936987728712211e+02
1.367504383046307623e+02
1.330287707779975506e+02
1.315050909445295133e+02
1.316950789967137609e+02
1.804407660861345448e+02
1.147577212681765246e+02
1.244936148200760897e+02
1.673896326221324955e+02
9.903149110215545647e+01
1.091968966019905736e+02
1.131155543424272452e+02
7.966399961862914836e+01
8.192824675314201954e+01
8.729139007630948299e+01
8.810589581486441091e+01
9.417405378572691177e+01
1.019761359473352655e+02
1.025779433421889308e+02
1.427148366518580360e+02
1.166912160012052908e+02
2.208998886480965211e+02
1.215791324773262403e+02
1.902236501275162937e+02
1.119675521355122498e+02
1.110019824383700779e+02
1.005404758132210787e+02
1.023892376554556449e+02
1.443418247014797657e+02
8.439272578844519046e+01
9.211302826779969166e+01
1.248188554149152196e+02
6.943094287639830497e+01
7.368207393339878308e+01
7.177109244307594338e+01
7.880093336704238993e+01
8.579124862989684175e+01
8.609584913982023124e+01
8.567177378996056802e+01
1.417942093822168772e+02
2.860653719474350396e+02
9.941086482706643324e+01
1.919005233884369090e+02
1.031516237238798936e+02
1.630901015360519466e+02
8.809587773883353634e+01
8.826646632528380110e+01
8.385219076163740226e+01
8.588540527617415421e+01
1.231313732853465126e+02
7.229623267221091965e+01
6.634701030726571958e+01
7.579470935511950813e+01
8.274369045348862528e+01
8.375446876174612498e+01
8.708573889551895775e+01
1.372736505731230920e+02
8.637935763970810399e+01
2.383208277032647970e+02
8.093167600355472757e+01
1.596671033063575180e+02
7.950490854965060805e+01
1.264186991272519975e+02
7.343403076308845812e+01
7.515890186656118033e+01
4.940755469174614944e+01
6.028169890776020878e+01
6.596527753279762862e+01
6.753450285546753662e+01
7.085882372676918806e+01
6.657808441304730707e+01
1.333776579793295411e+02
7.403448145014633042e+01
1.963310861487145473e+02
6.773889761417568423e+01
1.366563576067105998e+02
6.806719614803984086e+01
1.084229428096100776e+02
5.973103882764734607e+01
6.250880273950280497e+01
6.380523428473008352e+01
6.647061544814810929e+01
6.317082903118433990e+01
1.733671293441092018e+02
6.970115996851262707e+01
6.434173993480573017e+01
1.725346263770961741e+02
6.228432612946107838e+01
1.274478563907530315e+02
6.312936902529551730e+01
6.333219251243984615e+01
6.457208701360096370e+01
6.177689919708205935e+01
1.679466202234065406e+02
6.073223339407279298e+01
5.243949780733144195e+01
1.350658418630632127e+02
4.241455744988328291e+01
4.294544151151767153e+01
4.255783204956915000e+01
1.162686297135243194e+02
4.351805459467222192e+01
5.935873565490710746e+01
4.042984215495964406e+01
4.036296223801700478e+01
3.931742397599175121e+01
1.014196069665020019e+02
3.866434717134861643e+01
5.296566327344660152e+01
3.973041920642435088e+01
8.828132836896175206e+01
3.372790555935127799e+01
4.556959637889389825e+01
7.573186801671525359e+01
2.925663963416045377e+01
3.922533876904814321e+01
1.997995132527768902e+01
2.688724772557993603e+01
5.588978763242229775e+01
1.112479185682078651e+02
1.063109350441182244e+02
1.017836312014278377e+02
1.162082128412715747e+02
1.488742545741867502e+02
1.013291766787807973e+02
1.505829011969520650e+02
1.099715664286379138e+02
1.469547615004048282e+02
1.150763753829117917e+02
1.862452413978020047e+02
1.877024100282385746e+02
1.499619726262154700e+02
9.490152363868725161e+01
1.915762600397664244e+02
2.027122493533060208e+02
1.480440290631098321e+02
1.125086972417532394e+02
1.847717776250462123e+02
2.015173622400526199e+02
1.396233156737547745e+02
9.408781121578158491e+01
2.112384161406884857e+02
2.311613087626263336e+02
1.735794329313832520e+02
1.724228555384772505e+02
1.324104278645074828e+02
1.085176961420456223e+02
2.117734266167539943e+02
2.187777362657351432e+02
1.655912654890628346e+02
1.806268662628630466e+02
1.371091719995071685e+02
1.029801860514595973e+02
2.028057985905163605e+02
2.088804434458896537e+02
1.726447559349832375e+02
1.627945073814133536e+02
1.431745391635549822e+02
9.452328013397060147e+01
2.348730608364247985e+02
2.449259459614706600e+02
2.358941401326158882e+02
2.001098145201224838e+02
2.011373127204325897e+02
1.689973162084695844e+02
1.942049382462356846e+02
1.270238870684234058e+02
8.660722267006497077e+01
2.369552517711217092e+02
2.325304092722017515e+02
2.466240362770601280e+02
2.037805237186671832e+02
2.116316031727794780e+02
1.689656687245975775e+02
1.826408186011755674e+02
1.097259449824552604e+02
8.523363558886995861e+01
2.317408471472786005e+02
2.426969295042604813e+02
2.241936207913827275e+02
1.932864457184608966e+02
2.225538128080447962e+02
1.487388561473774757e+02
1.492531287708885941e+02
1.085143265099201102e+02
7.025801250080145621e+01
2.633214896885814369e+02
2.671139834134462490e+02
2.621609616844422135e+02
2.242872228405610997e+02
2.414376537545838914e+02
2.691795992851778010e+02
1.887610106084398751e+02
1.966044999086219036e+02
1.368834874707166591e+02
1.366050052115506332e+02
1.057847636104601605e+02
7.372946408505045213e+01
2.543501975945944764e+02
2.731424917867009867e+02
2.781485440461664780e+02
2.161145504816127527e+02
2.402157001190364269e+02
2.524728831531439255e+02
1.775187206750156292e+02
1.726850364681116332e+02
1.294555746362393336e+02
1.420878393155274466e+02
9.844778124687687182e+01
6.621918410087454276e+01
2.830458552158526686e+02
2.947746418613190258e+02
3.027734235853537257e+02
2.777254259424927341e+02
2.472445668612008660e+02
2.631742072212373955e+02
2.949875302774378838e+02
2.144398821435669333e+02
2.148046325317634171e+02
1.609497511183905942e+02
1.678484238240454829e+02
1.306981106772669534e+02
1.314810540968315991e+02
9.541904535830144596e+01
5.842731544631394769e+01
2.745755764248942228e+02
2.927531281575639355e+02
3.096780484169044030e+02
3.417697094932117921e+02
2.404265438468253535e+02
2.565670363110754693e+02
2.606687328439974749e+02
1.998358194347068775e+02
1.996838064888200392e+02
1.937659816565270603e+02
1.571357488199550687e+02
1.653441588912517375e+02
1.285965066748834147e+02
1.332935845632434848e+02
8.561921295766175888e+01
5.900368374087851464e+01
2.742389647820726282e+02
2.843783358098364715e+02
3.091926456850258660e+02
3.220725627121433376e+02
2.399036295177211855e+02
2.420963291134018789e+02
2.303368593372886437e+02
1.906679882932344015e+02
1.950079548084648877e+02
2.079932918472989343e+02
1.588383288622906662e+02
1.600696836612233369e+02
1.213104290060698673e+02
1.336498717753721905e+02
8.021681209943520230e+01
5.293611365798358293e+01
3.016355212782537478e+02
3.145171872817717826e+02
3.301242660586718785e+02
3.663411352119887852e+02
2.695066413160358252e+02
2.861906985243708732e+02
2.809658620530728967e+02
2.715085464742022623e+02
2.299070593801638438e+02
1.915182580671443020e+02
1.974321668598232691e+02
1.933309405353861337e+02
1.572464917139041063e+02
1.704478732831951788e+02
1.170028084698802786e+02
1.182961603423354973e+02
8.303576924486137045e+01
5.745078496408716262e+01
2.864953317725709780e+02
2.977629181675624750e+02
3.123410598565204168e+02
3.145335051998606559e+02
2.542839706503236243e+02
2.535564647951308075e+02
2.486806348043512003e+02
2.391772370559400827e+02
2.087271689769986267e+02
2.115923710105346629e+02
2.176525501757282939e+02
1.748467947191968506e+02
1.832078591425868126e+02
1.855741339292215741e+02
1.406829728253700580e+02
1.482885444445452947e+02
9.760629834741489219e+01
1.043920308445461131e+02
6.675768847855536592e+01
3.569249707670707750e+01
2.851787093313610626e+02
2.979705411384844069e+02
2.960507286875484283e+02
2.794434472709947954e+02
2.481650899936681185e+02
2.438737863483651438e+02
2.450884800163759962e+02
2.592392070471477723e+02
2.064952773241887769e+02
2.185518396574382223e+02
2.155469893027567139e+02
1.698841688090913067e+02
1.799939709333957580e+02
1.935031327034411390e+02
1.334948498833144299e+02
1.379096317061780610e+02
9.340898912748323824e+01
9.674780378239340450e+01
5.764750737470957631e+01
8.199887072805168486e+01
2.870642203236154728e+02
2.836004483287520657e+02
2.765307313479930826e+02
2.791355899606218145e+02
2.032963763827739569e+02
2.104181419117622625e+02
2.231325283586999433e+02
1.676625219569815215e+02
1.762858956069090084e+02
1.728875569841792981e+02
1.239564350757930384e+02
1.303896254656716849e+02
8.438625264601733988e+01
9.264802947426343849e+01
8.868804402019868860e+01
2.679705074424122557e+01
1.112479185682078651e+02
1.202619517298707592e+02
1.137772482971871568e+02
1.204660373318661897e+02
1.361126459950779974e+02
1.056957035634526392e+02
1.404970416963997479e+02
1.198741281799945284e+02
1.293999489362915085e+02
1.184162944585504960e+02
1.491722840174087423e+02
1.564246321598407121e+02
1.600924725980979133e+02
1.114303366227382952e+02
1.172344486004706710e+02
1.490595135737836472e+02
1.650124847969275379e+02
1.846823040991188520e+02
1.464234658347576783e+02
1.056406630570756136e+02
1.164526602527789834e+02
1.487406780724459168e+02
1.701127232101115112e+02
2.024409866905164961e+02
1.765389407000959068e+02
1.491997329967626911e+02
1.261093549615422518e+02
1.157035598221754924e+02
1.476679107916765759e+02
1.715478076620804302e+02
2.112534933272012836e+02
1.952625464974117051e+02
1.799487857764466696e+02
1.518333365500326977e+02
9.608138781000022277e+01
1.152144445900029410e+02
1.470366761042412804e+02
1.728279375711757098e+02
2.187500568205909701e+02
2.128768678225688120e+02
2.127737192391233236e+02
1.934858084722438036e+02
1.379015600431068265e+02
1.077156364156652586e+02
1.145761256582867418e+02
1.455904964543688607e+02
1.714723088505465682e+02
2.192604904742046585e+02
2.190009365383552336e+02
2.293578126336533387e+02
2.161780056191162203e+02
1.630805200669598491e+02
1.368602471960761306e+02
1.010370495444789469e+02
1.140781140251037868e+02
1.444242547019992173e+02
1.701867782117016930e+02
2.188976427576850199e+02
2.224531188070919825e+02
2.407943806264665341e+02
2.331051155865602027e+02
1.829751786384045147e+02
1.597167818843895759e+02
1.208841480796675398e+02
1.099440124685786344e+02
1.137664757437868843e+02
1.437581137743606803e+02
1.696560355981972066e+02
2.195134734744335674e+02
2.264441390429544185e+02
2.519855836279229493e+02
2.506992954052391838e+02
2.047192373023167136e+02
1.861702987488822885e+02
1.456175734904198578e+02
1.376602078669853597e+02
1.009302797910775524e+02
1.135346938685546831e+02
1.432737237317844574e+02
1.692962361212129281e+02
2.200665066877742788e+02
2.296646988530087867e+02
2.611499607479480005e+02
2.659200278807146560e+02
2.246788201630861010e+02
2.120750964935465674e+02
1.713266277397742385e+02
1.693379855399901430e+02
1.257498462070849570e+02
8.745700232311250488e+01
1.133135156073434189e+02
1.427666839751354644e+02
1.687322734484925491e+02
2.198797286965131548e+02
2.312367615267714314e+02
2.670176330136619640e+02
2.764801354930663706e+02
2.397264652687591706e+02
2.329356261683257401e+02
1.930434775825656573e+02
1.977143665804285604e+02
1.499309926107445960e+02
1.025965394178247294e+02
7.674649569208061450e+01
1.683419162069582455e+02
2.198406032848332643e+02
2.326415388982107402e+02
2.719852034696147030e+02
2.856315734508382320e+02
2.531658605737559924e+02
2.523915421824340228e+02
2.272207270812503168e+02
1.771411108544496358e+02
1.219587070248481098e+02
9.099603191407250335e+01
7.829387322744211986e+01
1.129948881863552685e+02
1.420419710683649441e+02
1.679232660867810409e+02
2.195831064499739398e+02
2.334204221497452352e+02
2.754711502852753711e+02
2.924604623998790771e+02
2.638033451780120231e+02
2.686047709611719370e+02
2.330977733624589234e+02
2.545295980841614494e+02
2.041111591584087819e+02
1.427493958744607312e+02
1.073407618349172026e+02
8.999698943045437716e+01
5.983427810242746148e+01
1.128574229641273519e+02
1.417128652429266822e+02
1.674916286916531192e+02
2.191834945246578457e+02
2.337647469459615479e+02
2.778794665589338138e+02
2.975450309556328534e+02
2.722300952834372652e+02
2.821274371284083600e+02
2.495094864289418979e+02
2.799469872669869801e+02
2.311999339454453946e+02
1.661926040940946052e+02
1.289574120559314849e+02
1.124770673269435264e+02
8.030026887675055036e+01
1.127551053634220324e+02
1.414773568019435004e+02
1.672091508995142419e+02
2.189972828622126144e+02
2.342465002714864966e+02
2.801522145311841427e+02
3.021791527818152190e+02
2.798041964639426169e+02
2.943786545176479308e+02
2.646675754519540078e+02
3.039334463681118450e+02
2.574775042699452570e+02
1.895951290368154218e+02
1.508889909168516681e+02
1.350148596449800209e+02
9.944050229196250257e+01
8.223303863519065260e+01
7.082303416453395073e+01
1.126667363430051836e+02
1.412721567247088785e+02
1.669544737175333466e+02
2.187972573124476412e+02
2.345688622505479088e+02
2.819095675259363816e+02
3.058655442934859252e+02
2.859981997706460675e+02
3.046591805187876503e+02
2.777254259424927341e+02
3.252583339864470986e+02
2.816584286565791331e+02
2.119282230486060143e+02
1.725849376109167963e+02
1.582340921306631856e+02
1.201973368166679137e+02
8.596778953595264738e+01
5.047730536111157562e+01
1.125997086554838660e+02
1.411237135581436917e+02
1.667913065045670464e+02
2.187334623246175340e+02
2.349932965430100182e+02
2.836220419969132536e+02
3.093335277137740604e+02
2.917086535317459948e+02
3.141522257920785250e+02
2.899776974965577097e+02
3.456033843715399598e+02
3.053233947634598735e+02
2.345323592844560494e+02
1.953442767479230326e+02
1.835856668092625057e+02
1.439021311421321059e+02
1.077975484398959622e+02
6.638042310843596283e+01
4.997763826570714940e+01
1.125450008863662106e+02
1.410053136271741323e+02
1.666688246957774595e+02
2.187107929199610794e+02
2.353962738964980588e+02
2.851354783122617391e+02
3.123770762677402217e+02
2.967157811340065905e+02
3.225471259753095410e+02
3.009861146831383962e+02
3.642267891950328931e+02
3.275149205885203401e+02
2.563511661647750657e+02
2.179952700337780129e+02
2.096659145314960710e+02
1.692091170784937049e+02
1.349808475975399062e+02
8.905743526265914056e+01
6.896550320659083866e+01
5.297583487172629191e+01
1.125113499349175186e+02
1.409460333373586138e+02
1.666519172387497463e+02
2.188723730228480520e+02
2.360126689641761857e+02
2.868541677666816554e+02
3.156157720567684919e+02
3.017888203977843773e+02
3.308948511769946208e+02
3.119523699692435912e+02
3.827903736080307340e+02
3.498918361719254904e+02
2.788375544610661336e+02
2.419531530110903361e+02
2.380633243428620460e+02
1.975751369235366326e+02
1.686094038329378009e+02
1.184561168887489373e+02
9.772901038293598219e+01
7.914811617330326499e+01
6.730573323589024426e+01
1.123781534083588411e+02
1.405661735051762946e+02
1.659488748572680663e+02
2.175763268330823621e+02
2.343423914235104633e+02
2.848167933997993941e+02
3.131443245517247078e+02
2.997789348248732608e+02
3.292738407713345623e+02
3.108136525481032209e+02
3.832679664384839953e+02
3.522874393896801166e+02
2.818787888619002615e+02
2.452997376986489257e+02
2.416302876173702145e+02
2.010245552848550119e+02
1.688418735469177534e+02
1.194657641321395261e+02
9.537986415568273912e+01
7.025819055860658580e+01
5.062043190658295799e+01
2.772272656374155986e+01
1.123639703181069649e+02
1.405566304118871699e+02
1.660075670969702912e+02
2.178393301584922028e+02
2.350071233639307309e+02
2.864011264454756542e+02
3.159836394082022935e+02
3.040568005693442615e+02
3.199003671400503208e+02
3.987079389779626695e+02
3.711561105418561510e+02
3.012223426831006918e+02
2.663473671808854988e+02
2.670576814416837124e+02
2.268597337340109448e+02
1.468156029019066011e+02
1.218303730215340863e+02
9.356147607124592014e+01
7.144580479518427296e+01
4.305074900163384655e+01
7.373438627604689088e+01
2.125951545116068075e+02
1.123406639126423840e+02
1.405142220765765728e+02
1.659878739074996474e+02
2.179213787119860228e+02
2.353606057855573397e+02
2.874200489583346325e+02
3.179213710193107545e+02
3.071432015409484393e+02
3.268471438349088203e+02
4.108771554396713555e+02
3.864240533662384109e+02
3.172130931200065902e+02
2.840941689374725456e+02
2.888975975157253515e+02
2.495096457622206856e+02
1.722219530141426276e+02
1.468680752827362426e+02
1.160822472635533842e+02
9.207720342546527093e+01
5.883971486155470387e+01
1.091537241262643931e+02
1.078695676573158408e+02
1.375845685015202946e+02
1.870988967574457149e+02
2.080606441720594546e+02
2.609440497831010930e+02
2.927743068147385088e+02
2.876830265817555983e+02
3.240009823111843161e+02
3.981596206199188828e+02
3.785338524921915564e+02
3.133384949571938591e+02
2.824424261308035398e+02
2.885655749939209613e+02
2.502585652214771130e+02
2.391460836249933948e+02
1.480959109884890381e+02
1.169384979351186331e+02
9.264343470729083663e+01
5.913120787245364340e+01
1.095213944986433745e+02
2.745367021863375356e+01
1.081226396282393267e+02
1.533987927329607999e+02
1.777499507616088295e+02
2.308948478226325278e+02
2.637923339918764327e+02
2.648524535738441159e+02
3.032069976091995045e+02
2.959583475857849066e+02
3.678813457263364626e+02
3.076253962504455899e+02
2.795184674224678929e+02
2.872830261743388292e+02
2.504680941655175275e+02
2.400707522779538579e+02
2.304317092759529828e+02
1.178435595197247778e+02
9.324963091316935504e+01
5.944620685727392839e+01
1.099205031557238641e+02
2.749232189008077043e+01
1.122585320944267693e+02
1.406151837527651480e+02
1.937568002456203544e+02
2.279380092457251976e+02
2.361120942944645833e+02
2.765487423697649660e+02
2.739134686195216659e+02
3.600485989788912207e+02
2.986145335956838380e+02
2.741879611395867755e+02
2.840832078512192993e+02
2.494506700588915464e+02
2.401703094565713172e+02
2.311308220924617842e+02
1.763296612866248836e+02
9.385723941655137992e+01
5.976883853578726757e+01
1.103342973720054800e+02
2.753258001961194168e+01
1.000983395597440193e+02
1.518073488516319856e+02
1.869109207303095275e+02
2.024899664227606024e+02
2.446560897676718298e+02
2.470345854263676415e+02
3.322938983290007968e+02
3.320232236238407495e+02
2.660788190744514736e+02
2.785910041953875407e+02
2.469171332825047216e+02
2.392204394927587998e+02
2.311368857637414180e+02
1.772480291005785489e+02
1.516000235210299536e+02
6.009749172219279245e+01
1.107622165386674595e+02
2.757446036439085546e+01
1.237170631907414986e+02
1.543353952773182698e+02
1.750150620666267969e+02
2.176657776914436511e+02
2.228798685939214010e+02
3.068982975249007268e+02
3.132645942040705336e+02
2.743925268694902115e+02
2.451588002428406128e+02
2.390228318274494654e+02
2.318289463833237676e+02
1.787974855269361001e+02
1.531647056344478415e+02
1.207490212106470295e+02
1.113238668770916320e+02
1.119582501931205911e+02
1.402378300290018558e+02
1.838239413054965610e+02
1.924291707056668486e+02
2.736918639237683237e+02
2.874425729100610738e+02
2.574963722430692314e+02
2.473606812363251777e+02
2.408381547199629722e+02
1.008007531684699245e+02
1.474514766752234038e+02
1.597916517997397250e+02
2.374551109413110908e+02
2.586260986801354420e+02
2.381910026387727441e+02
2.338801342044853300e+02
2.554457663302002572e+02
2.341787032336879975e+02
2.302530067523284742e+02
1.806952179671155818e+02
1.558605674704166688e+02
1.230619586455826919e+02
9.700236560569126709e+01
6.149125465964564796e+01
1.238882264021081738e+02
1.311416745205947336e+02
2.031115234120120761e+02
2.298865338925091635e+02
2.180626537917155758e+02
2.192044869765140902e+02
2.438986236327785946e+02
2.287996669299521102e+02
2.287272821141955603e+02
1.816284010982565746e+02
1.574460308356826204e+02
1.244909528982995539e+02
9.808650418588926811e+01
6.209999305214684995e+01
1.133637521637484014e+02
9.295554750911465192e+01
1.569934084268923868e+02
1.901986106338637228e+02
1.890238930130532538e+02
1.968007911832421257e+02
2.250331440484455356e+02
2.165556580352195226e+02
2.224474031237367342e+02
1.579837821130180942e+02
1.254273510779650991e+02
9.895993498765122354e+01
6.264571544192116193e+01
1.141120414162861749e+02
2.790345162547050961e+01
1.141420193283313154e+02
1.516937656751155146e+02
1.598272401143113939e+02
1.732475576110835505e+02
2.042093526046015199e+02
2.023884639696407248e+02
2.125567002670317152e+02
2.174762794591293584e+02
1.584259945728391301e+02
1.264678968587978432e+02
9.998230863678996627e+01
6.329779415948284793e+01
1.150103668722926216e+02
2.799331806321001181e+01
1.113010879391700456e+02
1.277022523207328533e+02
1.460555868660315184e+02
1.786890340717656898e+02
1.837206499685844960e+02
1.984505336856279598e+02
2.075487625283986972e+02
1.757238644177228650e+02
1.270566696946587228e+02
1.008647857495023885e+02
6.394116315405041462e+01
1.159412251276168604e+02
2.808808824159525130e+01
1.064430140931785758e+02
1.253621988541432870e+02
1.572818473405053226e+02
1.672366327056057571e+02
1.853293239095873446e+02
1.978184760484580238e+02
1.728875569841792981e+02
1.579723348091988555e+02
1.023651620068276173e+02
6.493538422022258771e+01
1.173187762304523147e+02
2.822587792259648509e+01
1.007961894685596036e+02
1.297494986920371218e+02
1.443854341293369998e+02
1.655542343103386997e+02
1.817512140425031077e+02
1.659127297463114701e+02
1.556682644513034290e+02
1.286687801782044005e+02
6.585404309460238892e+01
1.186998813175384697e+02
2.836818765290055566e+01
9.681846024791809668e+01
1.147959559776106744e+02
1.379600096717367421e+02
1.573313170098060993e+02
1.525676010083793983e+02
1.489570236137686550e+02
1.265637489820538377e+02
1.034740831093643862e+02
1.198555730518326214e+02
2.849648451207886879e+01
8.507880375454648458e+01
1.078630352319460570e+02
1.280276475528355320e+02
1.344570317636297716e+02
1.384307299886036162e+02
1.223484644807553394e+02
1.026207068975150776e+02
6.687423819568908812e+01
1.209835160922654609e+02
8.466658923272642312e+01
9.959052391747106014e+01
1.151540909557414096e+02
1.258615125729086088e+02
1.168356175906396714e+02
1.013678027515293962e+02
6.740664525598675993e+01
1.224845649784617763e+02
2.881364448564834646e+01
6.700304287578056517e+01
9.039666380955138436e+01
1.072467360858395011e+02
1.069790201841201167e+02
9.788104715482576523e+01
6.736073159863850890e+01
1.237723824407143240e+02
7.065327206395599546e+01
8.769659993753771232e+01
9.465803806855653590e+01
9.264802947426343849e+01
6.701858001220418259e+01
1.253240720718161896e+02
2.924903888286996079e+01
7.205528114882807245e+01
8.162076222647242218e+01
8.563734530086283314e+01
6.636372121737417729e+01
1.273557915646300387e+02
2.960650009612034594e+01
5.710344440852204428e+01
6.923830966339031079e+01
6.160762432198805527e+01
1.265024722459494626e+02
2.985471564339027495e+01
5.173069457383144254e+01
5.418779938918817152e+01
1.231601270801451733e+02
3.012138385303978083e+01
4.592441420510672145e+01
1.144500890393200905e+02
3.032703742677658099e+01
3.019389669229064666e+01
9.507865251371551096e+01
2.679705074424122557e+01
