1.01000000000000e+02
7.76000000000000e+02
7.95000000000000e+02
8.15000000000000e+02
8.36000000000000e+02
8.58000000000000e+02
9.30000000000000e+02
9.54000000000000e+02
9.99000000000000e+02
1.01200000000000e+03
1.02000000000000e+03
1.03200000000000e+03
1.26600000000000e+03
1.47200000000000e+03
1.48000000000000e+03
1.49500000000000e+03
1.60000000000000e+03
2.11900000000000e+03
2.12000000000000e+03
2.13200000000000e+03
2.13300000000000e+03
2.17800000000000e+03
2.19500000000000e+03
2.20300000000000e+03
2.21300000000000e+03
2.27500000000000e+03
3.30000000000000e+03
3.31000000000000e+03
3.32100000000000e+03
3.33300000000000e+03
3.34600000000000e+03
3.36000000000000e+03
3.37500000000000e+03
3.39100000000000e+03
3.40800000000000e+03
3.41600000000000e+03
3.42600000000000e+03
3.44300000000000e+03
