7.510449148868600844e+01
9.073707282907059835e+01
8.578818916467889721e+01
1.548634253077343601e+02
1.285532277412932274e+02
9.146667227525291821e+01
1.460646719554095228e+02
1.479332840878688557e+02
7.083804208569829086e+01
6.909414622896917990e+01
1.205809726424344177e+02
9.777618060593387384e+01
7.098207270728488538e+01
1.181473264989536744e+02
1.120955327812776687e+02
1.396604575845643694e+02
6.789166016109960822e+01
1.106784966700972319e+02
1.149926803407987563e+02
1.710207287580390414e+02
6.616386739929143346e+01
1.106248128075804118e+02
8.794836718732932468e+01
6.612670474813585031e+01
1.117170580356004308e+02
1.032010879563331542e+02
1.158289769541594723e+02
1.609214848112278560e+02
9.857373201188386247e+01
1.116231087743403947e+02
1.566605792106407762e+02
1.266530631441700478e+02
1.029493359801685415e+02
1.001075290984946662e+02
1.307849458404657526e+02
1.511029477328406472e+02
9.177926904317349965e+01
7.150596247771309777e+01
5.675708265691846321e+01
9.794320446644395872e+01
9.166383180133418307e+01
1.017783691251936062e+02
1.050849593817399494e+02
1.659451046973138943e+02
8.651046023873669810e+01
9.069231321928663192e+01
1.452554726621333998e+02
7.083504607944352927e+01
8.247967982707129408e+01
1.212770362183059376e+02
1.029692874210250011e+02
4.267556423309726910e+01
3.608259546296648779e+01
6.280922327916078984e+01
5.894196448458364301e+01
6.582586132848852856e+01
7.187133651301648740e+01
9.366198777352052218e+01
9.863726664379848330e+01
9.789484654151718246e+01
1.885553239937195826e+02
1.292697622092154290e+02
1.036123693063332212e+02
1.342570075643101006e+02
1.407430069543399895e+02
9.369733681392295921e+01
9.910521851430092966e+01
1.604186011577796762e+02
6.212308030965125738e+01
1.070372715204769491e+02
9.891123029801762812e+01
1.096127722066456300e+02
1.210605421808609776e+02
1.131805128627856050e+02
2.205546471548636589e+02
1.544463734104943455e+02
1.956813160418760731e+02
1.424595497992640958e+02
1.439357711104661064e+02
9.734210902286142186e+01
1.872095852452549991e+02
1.295929764804834008e+02
1.119546392493340221e+02
1.465815682561332949e+02
1.575415332127378747e+02
1.109982191768400241e+02
9.284704440416156501e+01
9.754724372939396915e+01
1.067565890809353846e+02
1.004335777686284530e+02
1.997119633947105513e+02
1.461493393146588744e+02
1.503373830744185398e+02
8.071696891838449517e+01
1.418588443787175208e+02
1.512065819214153350e+02
1.006740845080491766e+02
1.634481589421943681e+02
1.224499999988060779e+02
1.291431897286039998e+02
7.278267813158046806e+01
1.425654972433887053e+02
1.014349189490278889e+02
5.023594666646368978e+01
5.207231618791109895e+01
5.856999566891609277e+01
5.698732437758947356e+01
1.140098224258184842e+02
1.043785079276818664e+02
7.001913612096952022e+01
8.810295192121175489e+01
1.348818087480062218e+02
1.270521958536623401e+02
7.903334477907134215e+01
1.403877405400987755e+02
1.448509938665662844e+02
9.762040953902352669e+01
1.492360943497434107e+02
1.102182995114148412e+02
1.168523081802771486e+02
7.125589521025071349e+01
8.343449412944762855e+01
8.468074627101879059e+01
1.693411932954382166e+02
1.544253200062994438e+02
8.236787485342102855e+01
1.483517705327925000e+02
1.496673942247841467e+02
1.318646825610251199e+02
1.262870505089709354e+02
7.204638216066263112e+01
1.294876654083127505e+02
1.415438231172938686e+02
9.778271113339586407e+01
7.357014040320795800e+01
7.743377561955004751e+01
1.507213079597838146e+02
1.341881125535823003e+02
7.281543692375819887e+01
1.249630376721477347e+02
1.209869657281680730e+02
9.013957922341130313e+01
1.432180229874834652e+02
1.262381576175341849e+02
1.232800698153520358e+02
7.054693369203613429e+01
1.298935660090228623e+02
7.625219516777788442e+01
1.430876268509635452e+02
1.240618568789884790e+02
6.925161518576322806e+01
1.213030918448023669e+02
1.397165634208630536e+02
1.058426742175689412e+02
8.330603325952291982e+01
1.287613974772876020e+02
1.076477431773258360e+02
1.080831840986841854e+02
1.176693947209838882e+02
9.560504956407319810e+01
5.539575461320227845e+01
9.985089883429893121e+01
1.159063594561348935e+02
7.646502106134200005e+01
6.689520467484445021e+01
8.973153895367735799e+01
5.347070882155841787e+01
3.357288615027651701e+01
6.351103297107240309e+01
7.477360670433550638e+01
5.155012875726294652e+01
7.609694432192738134e+01
7.415161046889463137e+01
5.336831516793362340e+01
1.041572157115262343e+02
1.204279009459522314e+02
8.704729038488244441e+01
1.280894140199813478e+02
1.113282608888195000e+02
1.113130721048840144e+02
8.213466435952138056e+01
1.147203913504235828e+02
4.978147403492947376e+01
3.854638740875722647e+01
5.074108676076912872e+01
5.445552365834054598e+01
6.814114222808103705e+01
8.515026784389675640e+01
5.786301090598459496e+01
7.502296265270284437e+01
8.289934234935653024e+01
5.833194783305446407e+01
7.813622483241978500e+01
9.265364980191300504e+01
1.022634786925785448e+02
8.483560945275326048e+01
1.200361847294338702e+02
5.747586101183335927e+01
1.242882341097318601e+02
1.583683604101359776e+02
8.579180830254850321e+01
9.618963315122729796e+01
1.243755102922306719e+02
1.374035533379124274e+02
8.440536867393602449e+01
7.582173908799887840e+01
1.187279619926895862e+02
8.843043362079872338e+01
1.105477904256573254e+02
8.509949747069850901e+01
1.556863202669711086e+02
1.355179882239024494e+02
1.215000329775362502e+02
1.465300309972496393e+02
1.193396054044326888e+02
9.503155381568093674e+01
1.368182327261868636e+02
1.298363277171086168e+02
1.215946360909411368e+02
1.202191300841597723e+02
9.663245923657578373e+01
6.686219422317070382e+01
1.282520778662788246e+02
1.457411826575836358e+02
1.139480804953007862e+02
1.228065681893464074e+02
8.093867480715543650e+01
1.043005798166719842e+02
1.566736880410323067e+02
1.516272395362594523e+02
1.810896308651914524e+02
1.433805395803420879e+02
1.468161417428719346e+02
1.126038202262959089e+02
1.255706407331160648e+02
1.123123810194867218e+02
9.551935237749893304e+01
1.516422053565587476e+02
1.705525654643982421e+02
1.645073098948815300e+02
1.252304019496190932e+02
1.409038679326094723e+02
1.232670969040518258e+02
9.435887058314166609e+01
1.423729074827495253e+02
5.190910516880474290e+01
1.514993432898884578e+02
1.619268253537314877e+02
1.701467980623084486e+02
1.438062311049782807e+02
1.250541367423066816e+02
1.367820932093440263e+02
1.761811026967843645e+02
9.204828696186731918e+01
8.617903513046049113e+01
1.657737778070998047e+02
1.905676386994990708e+02
1.914897636391532103e+02
1.674879403394258190e+02
1.543861722795350602e+02
1.671936245378163051e+02
1.619064376833119354e+02
1.662938211673585158e+02
1.385246653898799423e+02
1.646798975429895506e+02
7.318099996629001680e+01
8.029320968279503745e+01
1.919873883057013302e+02
1.769418584400571888e+02
1.934907126379346778e+02
1.753934968988851040e+02
1.760782896192740452e+02
1.305684276432951947e+02
1.434597177261558159e+02
2.010016755819291632e+02
1.185068996608625156e+02
7.983932296843063625e+01
1.026090249955449707e+02
4.502157440991069137e+01
5.786301090598459496e+01
5.131935644184293466e+01
7.498148957501156531e+01
4.875829287701125025e+01
8.376899078600187920e+01
8.869603148296205575e+01
7.480073112309840155e+01
8.459000225030277420e+01
5.031329290778609220e+01
4.437343023752522697e+01
7.277429582366355021e+01
9.115111522575405445e+01
6.209140114975150482e+01
8.667708836373833492e+01
7.332769144436939257e+01
9.976280793527739377e+01
7.838029660108982455e+01
1.273304754060217334e+02
1.123815139716284790e+02
7.141092598192035723e+01
1.000218686318082035e+02
8.358154823233309116e+01
1.418584555358808927e+02
1.148056567976263977e+02
7.038649353851415924e+01
1.007635244589466339e+02
8.850773566779253088e+01
1.590685251556389233e+02
1.319281178581984477e+02
6.940641519158059225e+01
4.036115744070350786e+01
6.944562463889764103e+01
1.007038491405695311e+02
9.143085021621433839e+01
1.714253063584621657e+02
1.474864480768628709e+02
8.371087368344085178e+01
1.130835578185314461e+02
6.866181239369163336e+01
1.003502739406433051e+02
9.314538315890909814e+01
1.798068880233414291e+02
1.593587411889408827e+02
9.608182779173448296e+01
1.385586329791379399e+02
1.136749058418194807e+02
9.749302189159359955e+01
6.822799552181054139e+01
1.003908781016580036e+02
9.481937294635980606e+01
1.875447510563457456e+02
1.711206982748039138e+02
1.087964124574485965e+02
1.667133273765172703e+02
1.457110430926393008e+02
1.376946475189443220e+02
3.943255955043132843e+01
6.699524340645487541e+01
9.827566531448981380e+01
9.308822719631349685e+01
1.841823833389008769e+02
1.670407705306312778e+02
1.076055119031158966e+02
1.657838897951747583e+02
1.328183374272678350e+02
6.615296711485846970e+01
9.688560101353621690e+01
9.206262023989765453e+01
1.825329196121796826e+02
1.654105019697219632e+02
1.081422286319159980e+02
1.686472281278531966e+02
1.462617411793041242e+02
1.377666516121545897e+02
1.076984268294213649e+02
6.176953870146174097e+01
6.599455628438994381e+01
9.695294637054468012e+01
9.283410798041445844e+01
1.860735967206376245e+02
1.710750022045709500e+02
1.148117978881257812e+02
1.847931480747816977e+02
1.662480846173348823e+02
1.646574500211193879e+02
1.380344017740835341e+02
8.800946484705944783e+01
1.320471422800711707e+02
3.893918267816790291e+01
6.561601837574876583e+01
9.641575015253512504e+01
9.262497608234032498e+01
1.863481829185001004e+02
1.719933043828956727e+02
1.170128859631686424e+02
1.911876078861396593e+02
1.771793827565061292e+02
1.535767524260207608e+02
1.025102428272705453e+02
1.582634216820034965e+02
3.881127318194676690e+01
6.524066686208456645e+01
9.581916079456760826e+01
9.222660955899849000e+01
1.858589709158651715e+02
1.717485362797013977e+02
1.179315515065976996e+02
1.946159066030054703e+02
1.797172701172520988e+02
1.854368632119597180e+02
1.649816529578865527e+02
1.141285232134173384e+02
1.810228358347978599e+02
1.415061653229475098e+02
5.512407637650174763e+01
3.876379895028360778e+01
6.514106192382843119e+01
9.580627401785207553e+01
9.254481325574793971e+01
1.874117032178248223e+02
1.743027891059973058e+02
1.211866550233812347e+02
2.030769696045449280e+02
1.910057057261491877e+02
2.020143579784785004e+02
1.856570176274840662e+02
1.338081802392589736e+02
2.213268491023902982e+02
1.777138969860424709e+02
7.095284629375214536e+01
3.869484567538125219e+01
6.495276121458094565e+01
9.555241751280073004e+01
9.247416727377130030e+01
1.876794628134964000e+02
1.749979727811021064e+02
1.226141737684711615e+02
2.073694600151301017e+02
2.119886317981674324e+02
1.993444094431512781e+02
1.479412381902900790e+02
2.515803741090269057e+02
2.052719225432236669e+02
8.342809726003507365e+01
1.031819054961304403e+02
7.167982396470216599e+01
9.319357033554187808e+01
8.992358838650565644e+01
1.776957383942485365e+02
1.636216849485659566e+02
1.164882775807837874e+02
1.986505032577639724e+02
1.900913292823119889e+02
1.964317558865804187e+02
1.473414594112131795e+02
2.519220771394251699e+02
2.058953902547349060e+02
8.379667324173077247e+01
1.036495988538759008e+02
7.838564057789768924e+01
7.975049392304995877e+01
1.560598383104503171e+02
1.438566332841194253e+02
1.056021210208175205e+02
1.834075441613724422e+02
1.780461433609015387e+02
1.965091692298238399e+02
1.451085128546460510e+02
2.503901132182813285e+02
2.055654312975053983e+02
8.394369749695658811e+01
1.039751695177148036e+02
1.228543038971129278e+02
9.394821080432488714e+01
1.667467920190188693e+02
1.645284136658237060e+02
1.851106433880764826e+02
1.833868851127177209e+02
2.485192584067114296e+02
2.051754844688470030e+02
8.413804841994642914e+01
1.043920669931772522e+02
1.061171019381018255e+02
9.796656925498885471e+01
8.012011897755077428e+01
1.468420389425976396e+02
1.481991130503316185e+02
1.709296288484655975e+02
1.741440660027829495e+02
1.386067327313654971e+02
2.043316858981736743e+02
8.429154514506269891e+01
1.048478892804959628e+02
6.148723780531544492e+01
5.889723598054060005e+01
1.159924972752331627e+02
1.230409273051866137e+02
1.484462384141228029e+02
1.580216122870138804e+02
1.305684276432951947e+02
2.372374855596762586e+02
1.048233153517407032e+02
9.874963595956731410e+01
1.143298077469116691e+02
1.378634020872486587e+02
1.505805772658975741e+02
1.280883038628657289e+02
2.363156754203050411e+02
2.012172899007318847e+02
1.060356686894125460e+02
9.944860552412519894e+01
1.112405026060770012e+02
1.041295921444127828e+02
1.236151653831621502e+02
1.391545399978522255e+02
1.229514533024150040e+02
2.317457102823994148e+02
1.997693810675057478e+02
8.497051544442440729e+01
6.887955849484762894e+01
9.004810839556327551e+01
1.114982869046474434e+02
1.067642278308967718e+02
2.121561371989558893e+02
1.898427168884451532e+02
8.320171457674436510e+01
1.066722333719453104e+02
7.778905465831797983e+01
9.852962976245790117e+01
9.948120630483090565e+01
2.024940466630411606e+02
1.847893855114274402e+02
8.313459684259302662e+01
1.079784686849750841e+02
1.010986059999084432e+02
1.863674947632356407e+02
1.746727626609632296e+02
8.195640480309218390e+01
1.089213856796489921e+02
1.020036328251194249e+02
3.525162806545487371e+01
8.234669039327130236e+01
1.674103206280118741e+02
1.601915563249867205e+02
7.983932296843063625e+01
1.099309457489305402e+02
1.031820289539199678e+02
3.566917455828878047e+01
8.098307712408576720e+01
1.332371817261513627e+02
7.371776033089722091e+01
1.086714050935266442e+02
1.037876401216766595e+02
1.357456687392689503e+02
5.825618731168287212e+01
9.962826370991059832e+01
1.015567914249438530e+02
8.341252102095826615e+01
5.529709013215054370e+01
1.011412376818856558e+02
1.040788274816698902e+02
1.058912376448903530e+02
1.069592333919700167e+02
7.786458941394035094e+01
4.502157440991069137e+01
