1.006270481105094348e+02
1.191367307916775786e+02
1.515290943757144646e+02
1.607586007163063186e+02
2.030741948244766206e+02
2.222545721265188092e+02
2.363030163162103179e+02
2.887763752128528836e+02
1.016914730258221624e+02
1.278823305982685952e+02
1.389508400446744076e+02
1.772882996935065592e+02
1.957908416006294772e+02
2.023775558432133437e+02
2.251785167763220841e+02
2.869721905610146564e+02
1.711322622805105595e+02
1.885087135082209500e+02
2.382292801171391545e+02
2.538311190122875018e+02
2.666590521709467794e+02
9.629969036648549263e+01
1.077666996463542546e+02
1.402490958342254999e+02
1.570342515456621584e+02
1.655292111669564576e+02
1.867804901453437481e+02
2.128668194338380886e+02
2.367210716735306448e+02
1.801614054334304740e+02
2.073523358754836750e+02
2.335880796682421874e+02
2.507643356116672635e+02
2.435481981069692381e+02
1.475870473548940254e+02
1.692689054382326503e+02
2.255833098393367493e+02
2.274402644886201301e+02
2.379344198849872498e+02
8.390729715774577357e+01
1.115470775458100832e+02
1.272280276449051968e+02
1.373309908230896212e+02
1.571581173901002160e+02
1.589191094481004143e+02
2.141678154263326803e+02
2.070838742247715061e+02
1.666110637773312533e+02
2.257130779593847762e+02
2.192325827670995295e+02
2.437747640547254377e+02
2.620233421182367692e+02
1.598420879165277313e+02
1.836175831813210948e+02
2.139716049392096409e+02
2.350828532543881977e+02
2.338927599178800278e+02
1.137692036678888599e+02
1.278269227791486315e+02
1.403636038256664165e+02
1.613760248616626711e+02
1.626762691482705350e+02
2.216131827336258482e+02
2.210660229906943357e+02
2.275946079181921675e+02
2.147315985381143548e+02
2.053029287393906372e+02
2.323368832098131804e+02
2.389476826471888842e+02
1.965234171023545571e+02
1.982133414170643562e+02
2.061908870778773917e+02
2.271049946676709510e+02
2.417490415353736921e+02
1.388150577382356232e+02
1.939588688149915185e+02
1.954246873634258179e+02
2.242611386884558158e+02
2.476955430988918465e+02
9.262681580438881213e+01
1.059006813995194847e+02
1.242174802227790735e+02
1.251725243301928003e+02
1.735844718533352591e+02
1.785294811474232972e+02
1.730004003273289470e+02
1.990454966712759699e+02
1.916532474035695657e+02
1.996416163258673180e+02
2.232122161840855199e+02
2.288283022752805493e+02
1.881255589895652918e+02
1.836924266607252605e+02
2.127290332438682015e+02
2.245172067692057567e+02
1.722413367191135194e+02
1.776239519503117776e+02
1.892160141776128910e+02
2.140144389303976311e+02
2.336670929421225651e+02
1.015787084936477243e+02
1.214976141148786013e+02
1.714731214458563784e+02
1.789633370573805564e+02
1.768827369762514081e+02
1.861393164054526324e+02
2.120838597928152467e+02
2.092618721044224230e+02
2.186285258127847726e+02
2.287569578538362407e+02
2.589976505940227867e+02
1.754268848836595964e+02
2.044208152326820027e+02
2.179171743628624540e+02
2.123068060862969446e+02
1.676578854283953888e+02
1.771834287129363190e+02
2.028737869649799279e+02
2.140300941757207056e+02
2.130002910503373244e+02
1.093030560467456525e+02
1.048185033293378439e+02
1.505595520277428818e+02
1.591305734016132192e+02
1.591814049929945725e+02
1.594395528722193660e+02
1.873184880435221658e+02
2.029807309424298865e+02
1.962200710970595878e+02
2.024993697193940818e+02
2.130637235677723709e+02
2.394734107005463102e+02
1.806010843826564951e+02
1.921571847407058158e+02
2.052757125160354690e+02
2.384272356032673486e+02
1.938680037351703334e+02
1.387171092022075811e+02
1.494051420003602288e+02
1.762046131786202352e+02
1.919968801682232424e+02
7.867346154915804846e+01
1.153948100604112454e+02
1.247833335336786860e+02
1.270169471528911629e+02
1.287374046780838341e+02
1.495958443899766905e+02
1.606652634002279285e+02
1.737851347355989446e+02
1.845947534452026844e+02
1.958373489867060186e+02
1.965596250614746907e+02
1.708931901339306592e+02
1.786263797383721794e+02
1.924082051473207571e+02
2.214764789357264476e+02
1.513801786619602865e+02
1.637193841680831383e+02
1.783093745776839114e+02
2.130235757012731597e+02
1.227309940939934449e+02
1.467164237527081809e+02
1.638573726974538829e+02
1.699798706653232045e+02
1.033755323819170258e+02
1.132279485550697444e+02
1.170189063639605678e+02
1.192968219789237025e+02
1.390429853260990285e+02
1.483124660621739395e+02
1.557972361342517047e+02
1.708088878030061721e+02
1.970673441892971027e+02
1.896604500994886564e+02
2.421556671610193803e+02
1.708857917583565040e+02
1.856329700729561125e+02
1.799261523499692430e+02
1.760381962325972722e+02
1.401502161092209917e+02
1.482513800696539477e+02
1.638932830246619972e+02
1.938073067424829219e+02
1.260971108330228958e+02
1.382048194342046372e+02
1.530618913588426437e+02
1.878725281209416096e+02
9.357967702672776511e+01
9.878283946465150223e+01
1.017323100115515899e+02
1.186969726438592971e+02
1.274376526486367283e+02
1.342717186901469972e+02
1.429463719653508065e+02
1.504496067711357625e+02
1.792976329782231346e+02
1.823764886371517377e+02
2.298039580672791260e+02
1.765397748653508359e+02
1.721991501399366769e+02
2.230814606068055639e+02
1.508412691618387100e+02
1.675772132994552805e+02
1.656685282996221247e+02
1.402092542861195170e+02
1.499802573323639763e+02
1.594437161682744772e+02
1.284690191612400270e+02
1.371866293481819241e+02
1.556340084116401954e+02
1.891268770312346419e+02
9.940671960598172063e+01
1.021860887880160647e+02
1.192171625753211828e+02
1.290583823714937637e+02
1.378480877350239950e+02
1.397710229827225703e+02
1.588823133611606409e+02
1.606199165274737481e+02
1.665357629613316988e+02
1.662899357565293030e+02
1.516797643897913019e+02
1.504264259510917157e+02
1.984148837607732219e+02
1.254167774926580989e+02
1.437486489166090564e+02
1.461910135373987600e+02
1.215585324602485997e+02
1.302797594760364746e+02
1.441832449084968175e+02
8.864192198691017666e+01
9.860114208370320910e+01
1.051555040187953409e+02
1.122466888879608859e+02
1.119966625406098757e+02
1.302986461096248831e+02
1.306811085374793606e+02
1.748844469916259641e+02
1.558934360775511436e+02
2.271695862053055635e+02
1.410690160751848055e+02
1.432769732323567382e+02
1.306539598256287888e+02
1.370357313036223559e+02
1.815845708284205671e+02
1.231054888879875335e+02
1.248646217032604966e+02
1.690277951716549012e+02
9.622832962148073932e+01
1.137000998133305814e+02
1.188295833292584405e+02
8.084912309375829409e+01
8.417392725485734672e+01
8.979125685343551311e+01
8.721402267390104157e+01
1.032808421128154492e+02
1.033114808275151404e+02
1.088121456099362092e+02
1.466639998155341971e+02
1.290739203850511956e+02
2.150696770291652911e+02
1.286666675986511734e+02
1.901346560272889121e+02
1.152251700693425676e+02
1.191877498921647458e+02
9.992898408536895261e+01
1.064271885737854291e+02
1.452229987703411211e+02
9.159619777443526800e+01
9.377636102687584696e+01
1.284218553786544419e+02
6.978984476957853644e+01
7.431901798424976846e+01
7.008499941604790706e+01
8.491633733331890710e+01
8.553832360647415101e+01
8.889878931858123678e+01
9.229300379573513169e+01
1.389864542597737227e+02
2.712257303779804829e+02
1.094692257919328284e+02
1.858980479918454307e+02
1.082456119596752870e+02
1.620512765692199935e+02
9.066578215779600214e+01
9.494104331001133801e+01
8.267115310521101890e+01
8.876272539216378732e+01
1.238773725927259335e+02
6.900928939449856614e+01
6.309498135615867653e+01
7.962858348547540288e+01
8.103208186882172015e+01
8.514745157240623996e+01
9.088308150097030591e+01
1.362976250994779832e+02
9.257449990070855961e+01
2.267492318994372056e+02
8.994384929522649941e+01
1.559091055599262461e+02
8.464314801760335172e+01
1.280055155327894454e+02
7.634762764541711988e+01
8.164751586663237504e+01
4.887967088148718631e+01
6.541624439699209859e+01
6.709249344717481733e+01
7.131737390497619344e+01
7.682159258241138389e+01
7.585104310335934485e+01
1.336048760968906208e+02
7.755702035995498989e+01
1.827203046192299780e+02
7.252908395517098938e+01
1.290763890965762073e+02
6.843269888515052912e+01
1.050650130950244829e+02
5.549655766757563669e+01
5.541308553993596320e+01
5.911475615347527679e+01
6.363657641560938316e+01
6.398047866581630672e+01
1.511988985555566671e+02
6.700361972736263283e+01
6.594009654315610192e+01
1.553116831464764118e+02
6.399420796620302809e+01
1.145827253331508757e+02
6.212527835382923769e+01
6.224277295321152081e+01
6.389357457060537371e+01
6.400172726060685591e+01
1.483315245523467070e+02
6.008835274945710836e+01
5.438412253654706774e+01
1.271797340565742616e+02
4.524666383556733251e+01
4.691794492551058937e+01
4.917508422623021858e+01
1.150877060973340065e+02
4.832238890314854984e+01
6.265046013558938398e+01
4.265877395071836276e+01
4.043409275548980730e+01
4.170807964791777778e+01
9.221352059386383360e+01
3.942099060769498209e+01
5.137297799889385885e+01
4.274450166038448629e+01
8.251176655751581279e+01
3.550508562683720726e+01
4.581826210561190749e+01
7.443654136681728062e+01
3.216221862803219977e+01
4.107275796644463384e+01
2.295989235143198570e+01
2.936677395494001530e+01
5.632083490235147138e+01
1.226304714993529643e+02
1.137734153878479191e+02
1.086275760559810521e+02
1.223238012510413881e+02
1.582219863603611429e+02
1.044728336903262260e+02
1.565831281284771705e+02
1.215237274437815529e+02
1.545148142372770792e+02
1.166461545326500016e+02
1.960227048941490011e+02
1.903707313718567207e+02
1.566135371319908529e+02
1.055796288375805290e+02
1.987846581078562451e+02
2.159418225955932940e+02
1.545511366307867149e+02
1.170753990691258650e+02
1.925348458122934971e+02
2.067798310091895644e+02
1.438865503625770828e+02
9.878968502035040444e+01
2.199870481459216194e+02
2.416696970494448635e+02
1.808016621903439898e+02
1.821238254052268815e+02
1.387811215703364098e+02
1.146899719670072955e+02
2.214900275123316931e+02
2.285579702594449714e+02
1.728581124700582734e+02
1.857081189143835047e+02
1.412495337588414941e+02
1.040854404437910148e+02
2.116733560915282055e+02
2.185293699089192501e+02
1.763027918440740507e+02
1.696471005967464976e+02
1.450150672628097652e+02
9.769889934052659441e+01
2.456225305879750636e+02
2.548928644586377175e+02
2.494195336058632790e+02
2.080969400143567896e+02
2.092802506226340427e+02
1.736759739052509985e+02
1.995847042138005634e+02
1.290932453055776818e+02
8.723945929764391849e+01
2.456050747222151642e+02
2.430549887048082098e+02
2.541353463175875049e+02
2.079034995866377358e+02
2.185856577802546212e+02
1.716904140633191105e+02
1.803903394199620891e+02
1.130781602723452863e+02
8.451160682871547181e+01
2.382308992464890025e+02
2.500155058518585065e+02
2.349517019980906412e+02
1.968732283942698587e+02
2.226590920044208417e+02
1.504772546056464080e+02
1.548401939781131773e+02
1.091766173474323267e+02
7.166400326514150265e+01
2.709982127215033643e+02
2.771582421923948232e+02
2.722569168741847534e+02
2.305250719775254140e+02
2.467704269735517641e+02
2.752793338204102724e+02
1.933529550772223047e+02
1.998952157662214404e+02
1.411686086849768174e+02
1.399422487875636705e+02
1.088341813305158894e+02
7.036613032624640596e+01
2.619013518592211085e+02
2.784792150408333100e+02
2.867759295527342829e+02
2.212735531457060745e+02
2.438164855707377399e+02
2.493618924970290607e+02
1.795035475343138103e+02
1.775616236838820612e+02
1.332777071082325904e+02
1.445063676973989573e+02
9.870501910323103800e+01
6.463876576125518625e+01
2.896663985088272284e+02
3.008697292607746476e+02
3.099424909959889192e+02
2.890580879955898581e+02
2.532855543547775596e+02
2.693318691430589524e+02
2.963243086124431898e+02
2.172700871197327217e+02
2.169273568388248066e+02
1.666851320459636270e+02
1.712554171453828360e+02
1.325333162643943581e+02
1.391527979155658272e+02
9.328847731514180452e+01
5.968723490577159652e+01
2.816051119746638847e+02
2.985595883627711373e+02
3.137722313739941455e+02
3.465099609097833309e+02
2.458307879862065306e+02
2.605719187408513449e+02
2.632777955988814256e+02
2.045941602709054621e+02
2.053114211273568515e+02
1.979834758159067860e+02
1.600329882566919366e+02
1.721250989922040162e+02
1.281952099179087270e+02
1.308470868854333560e+02
8.626022932678849031e+01
5.779816303941919386e+01
2.796957304387207728e+02
2.898296358835956426e+02
3.123961603054057719e+02
3.167536428698036843e+02
2.449242143609370146e+02
2.450716129590776688e+02
2.368883570834344141e+02
1.943514119506571376e+02
2.008726478943317204e+02
2.115210175557454306e+02
1.592546156551474894e+02
1.634779500248544650e+02
1.212958702485555875e+02
1.273497947689584180e+02
8.240321679779303565e+01
5.434503380276295559e+01
3.057809500521233304e+02
3.174677732277174300e+02
3.327159954297828790e+02
3.624313445892906316e+02
2.748470768208751451e+02
2.887297731761062209e+02
2.826534838172085529e+02
2.800688107867489975e+02
2.305578517282125972e+02
2.326821666530423158e+02
1.908461679498766728e+02
1.998669725845743983e+02
2.042680715055888356e+02
1.580382438159233232e+02
1.635399011255298376e+02
1.151617541977005175e+02
1.245077470161576372e+02
7.994821963397964737e+01
5.792695102607441981e+01
2.926404454225934728e+02
3.025315674810909741e+02
3.152020938867811424e+02
3.157814228896246505e+02
2.579214590375427179e+02
2.587880712675727182e+02
2.548779532147097484e+02
2.436406558145927193e+02
2.111316039036084078e+02
2.158113546362547766e+02
2.266105470609851409e+02
1.775631200083381032e+02
1.832770875093752636e+02
1.828671825210904558e+02
1.394957540150798536e+02
1.481741425874097047e+02
9.958140892945291966e+01
1.020559176071193406e+02
6.774583689850801704e+01
3.893792358444170532e+01
2.896691998234873040e+02
3.031233852979622725e+02
2.987734688887470611e+02
2.864268176223769728e+02
2.486075595378629259e+02
2.488377286093612781e+02
2.525812947953359640e+02
2.636720503046269641e+02
2.085707218843718067e+02
2.184253385728415822e+02
2.197450863519318034e+02
1.710263563088746253e+02
1.790813100414691803e+02
1.832482795094361450e+02
1.328383307372224351e+02
1.403410277336252250e+02
9.431117090568932326e+01
9.802025054361448042e+01
6.103107608214271806e+01
7.961502242842433930e+01
2.876486346288220375e+02
2.862412246335740065e+02
2.846785440249926751e+02
2.831818343333662824e+02
2.042960430837489696e+02
2.123338083322449279e+02
2.146007700124632720e+02
1.663609482327316584e+02
1.742679300736492394e+02
1.826782386028943677e+02
1.266000592946480765e+02
1.290273452903904570e+02
8.686085772941034122e+01
9.538184687957280516e+01
8.753277670539684152e+01
2.951984236121643335e+01
1.226304714993529643e+02
1.331323050322100414e+02
1.203666754374431633e+02
1.338811873929942067e+02
1.444040288504093610e+02
1.111007263117004698e+02
1.335740584416516583e+02
1.565952156223443978e+02
1.473563632368036451e+02
1.354252139121497294e+02
1.322064957854483964e+02
1.591096109983351994e+02
1.652370250317510738e+02
1.688699219041638742e+02
1.129075687587554455e+02
1.310487287193232078e+02
1.592827412256783930e+02
1.747288697094279826e+02
1.944692259298155079e+02
1.466736969928306280e+02
1.236095053981957079e+02
1.302275843675164424e+02
1.589699157217459629e+02
1.800720987192183600e+02
2.124763829080328605e+02
1.757229173036651559e+02
1.621708095079442842e+02
1.256118351217072302e+02
1.294911907380675302e+02
1.580711753718494208e+02
1.821101478436640946e+02
2.226932296877945134e+02
1.962906915972171475e+02
1.937446087863499429e+02
1.551806396252442255e+02
1.016664050900595697e+02
1.289723228623594764e+02
1.574211627910630114e+02
1.834753989094709823e+02
2.304384757030644550e+02
2.140619441222310400e+02
2.263275934296196112e+02
1.965984934551999572e+02
1.441483393107083941e+02
1.283135038043168095e+02
1.559879218282304123e+02
1.822314325496887761e+02
2.312127008864769664e+02
2.208070145101892194e+02
2.423178896419310604e+02
2.191769745228762645e+02
1.687358005660752838e+02
1.407736829433141850e+02
1.047361968516425179e+02
1.278328086175500005e+02
1.549428867407072232e+02
1.812812739415957139e+02
2.316294953784145605e+02
2.257231268879608024e+02
2.549879294158162395e+02
2.387183286014789019e+02
1.916315103930206192e+02
1.650312097031552128e+02
1.259777661974639074e+02
1.125528967171586459e+02
1.275032960170825049e+02
1.542616001406372561e+02
1.807684590489272694e+02
2.323330737260331489e+02
2.300561974850069191e+02
2.661455412910003702e+02
2.568957908518876820e+02
2.144229692185611782e+02
1.911744184497841843e+02
1.504557503824353830e+02
1.377441101220444182e+02
1.009046844563421388e+02
1.272657415429391250e+02
1.537909130941255853e+02
1.804774862891185023e+02
2.330760877935415181e+02
2.337259094024570061e+02
2.756705634982724860e+02
2.731375401520430728e+02
2.360651153648333889e+02
2.181108205275385217e+02
1.778967781403494541e+02
1.702732723419251784e+02
1.245554493579677739e+02
8.923564837707915842e+01
1.270334979627223078e+02
1.532770914206122939e+02
1.799285888679654590e+02
2.329528861335965928e+02
2.355764910633384375e+02
2.816010278409135026e+02
2.843221643104647569e+02
2.522768672026070931e+02
2.396707018844891763e+02
2.011424772779204488e+02
1.997856788267663717e+02
1.486142322487627894e+02
1.055282269410700877e+02
7.731117070739922781e+01
1.794408158642469857e+02
2.327280382505265379e+02
2.368446190302073262e+02
2.860393063182138462e+02
2.931226629445345679e+02
2.656854120849042147e+02
2.584420700830478950e+02
2.285871359685394566e+02
1.742580694764856446e+02
1.255330879772098314e+02
9.196152051047106113e+01
7.587818630696463629e+01
1.266865490510567724e+02
1.525017868655437212e+02
1.790476346152060785e+02
2.325336587216781652e+02
2.378281063260817803e+02
2.895722574067990536e+02
3.003115751357784688e+02
2.769967558437598996e+02
2.748952575989993079e+02
2.419585864855343971e+02
2.561169369956326705e+02
2.002490552532978256e+02
1.469682641153380871e+02
1.086165720217680644e+02
8.928192279244855456e+01
6.104612804559123873e+01
1.265562473512595716e+02
1.522108373157832091e+02
1.787094868726502170e+02
2.323405384409110184e+02
2.385820825196205419e+02
2.924147878642838236e+02
3.062784147615516872e+02
2.866983807273790035e+02
2.896006103385864208e+02
2.602398411771982296e+02
2.833446423945468382e+02
2.280576534490535323e+02
1.726041418199083353e+02
1.320333144704046617e+02
1.141736309214606706e+02
8.492731267125451211e+01
6.231325259181106446e+01
1.264389090857976896e+02
1.519404740462785810e+02
1.783631397800272396e+02
2.320269424493484109e+02
2.389567611005645915e+02
2.943152840572764717e+02
3.105840455822531112e+02
2.940641960315929850e+02
3.011515136521698537e+02
2.750208094805579435e+02
3.061673091873241219e+02
2.520348420449644777e+02
1.951308404088001680e+02
1.526358279547142729e+02
1.353982500774973516e+02
1.035823111173488087e+02
6.897445682462814887e+01
1.263516685969199074e+02
1.517489393990095152e+02
1.781454538475431377e+02
2.319102924782695538e+02
2.394693787954211075e+02
2.962315172130954011e+02
3.146657829616482900e+02
3.008981808405673632e+02
3.119296547076709771e+02
2.890580879955898581e+02
3.282741939598471390e+02
2.760103666390533590e+02
2.185345748708344615e+02
1.749982830580192683e+02
1.595481220337710511e+02
1.262084387835515429e+02
8.245682332065300102e+01
5.375855130796162484e+01
1.262811458522700150e+02
1.515975530105635585e+02
1.779828101148291637e+02
2.318523975446329075e+02
2.399522089337646946e+02
2.979255321033539872e+02
3.182310281970401888e+02
3.068746934474081058e+02
3.214714674241162697e+02
3.017199062909977556e+02
3.486585338756329406e+02
2.987572459131370692e+02
2.414584317310636550e+02
1.976551072490277647e+02
1.848728314437044844e+02
1.509162173941070648e+02
1.019512775620608522e+02
7.054761160639449713e+01
4.940366294900353239e+01
1.262206509749886010e+02
1.514677628702650622e+02
1.778420150996130360e+02
2.317954314826740188e+02
2.403448427630944195e+02
2.993279263694331576e+02
3.212128716990803241e+02
3.119335250801203756e+02
3.296690419438892263e+02
3.127986353941905122e+02
3.668933097728610733e+02
3.196403716064714331e+02
2.631087075387641221e+02
2.196975718081915829e+02
2.102746728472357063e+02
1.765874489749565441e+02
1.258847146168960762e+02
9.341300979907782676e+01
6.711753797525888388e+01
5.403025438805777725e+01
1.261800725047243930e+02
1.513914527330792623e+02
1.777939544691402602e+02
2.318950493892505165e+02
2.408905176902964058e+02
3.008761328374016557e+02
3.242588816801442704e+02
3.168931839083002728e+02
3.376081603955926198e+02
3.235383367481632035e+02
3.846243112735551222e+02
3.402382396497508239e+02
2.849038159471223821e+02
2.424325181943321184e+02
2.371327376404631764e+02
2.044309034949822603e+02
1.213828537585461618e+02
9.176991597941686507e+01
7.633153844204365157e+01
6.725230142501577291e+01
1.260521465807035355e+02
1.510406115705876289e+02
1.771556895033087358e+02
2.307351322723933720e+02
2.395422292955849173e+02
2.990999992353588368e+02
3.224174267377275669e+02
3.156099581343744944e+02
3.369047354832539440e+02
3.236655435414881481e+02
3.869490789136015110e+02
3.441773199293427297e+02
2.896865073191651732e+02
2.474753971944528530e+02
2.429387907822133457e+02
2.103477155347654559e+02
1.242957040929554040e+02
9.148469733152653305e+01
7.031524799606684439e+01
5.302572280014395290e+01
3.076463010800227593e+01
1.260362214619618442e+02
1.510279654327417802e+02
1.772112777101836230e+02
2.309941867695392546e+02
2.402058748650104576e+02
3.006694614256595628e+02
3.252557120364653542e+02
3.199971092416729448e+02
3.329179362946928791e+02
4.022228211034704941e+02
3.621534493650037803e+02
3.090888180699973304e+02
2.681749411450188632e+02
2.679144852752174870e+02
2.367397974928999531e+02
1.516547480675040447e+02
1.157657978210481389e+02
9.252132391302663450e+01
7.336342577071793869e+01
4.621597475209454586e+01
7.248253758478563213e+01
2.016793911547497657e+02
1.260129519408825587e+02
1.509885574206672345e+02
1.772007492862136928e+02
2.310972223281617630e+02
2.406046562724370403e+02
3.017298462916960489e+02
3.272903534198770217e+02
3.232838643346517529e+02
3.401963899864310292e+02
4.145607099626510035e+02
3.769976570408177281e+02
3.254410731509785251e+02
2.859569734913583829e+02
2.897863910437428103e+02
2.603269477754168406e+02
1.775106210503498403e+02
1.391776141749698752e+02
1.144373048176151570e+02
9.403977449784380838e+01
6.267566177011948980e+01
1.045613395519850997e+02
2.258661146269064091e+02
1.174987061462495461e+02
1.485025141736118712e+02
2.000361690554645975e+02
2.151023581591188076e+02
2.754222914108927966e+02
3.036443519721274811e+02
3.048137060392900821e+02
3.330698785866882758e+02
4.040823581001519642e+02
3.710772922850602527e+02
3.229094092716546243e+02
2.854557116222872537e+02
2.906331293649273562e+02
2.621139235266949754e+02
2.280094126937541432e+02
1.406135604625733322e+02
1.154456741332967056e+02
9.470731210287402746e+01
6.302719424338980048e+01
1.049338229698625327e+02
3.003700569495316230e+01
1.173770692055305034e+02
1.644178907510338377e+02
1.854430994559919554e+02
2.442075848622291403e+02
2.750861210791517806e+02
2.820058261763148266e+02
3.128512162506302161e+02
3.113979960325938805e+02
3.621095093921442185e+02
3.182608197412690743e+02
2.835249774357106958e+02
2.904309919641331135e+02
2.632891443157058120e+02
2.298608877570082427e+02
2.131469007632752266e+02
1.165052511112276363e+02
9.541692141197680144e+01
6.340440795648652283e+01
1.053351184338837783e+02
3.008059406288461801e+01
1.192065076630686491e+02
1.471505972770758035e+02
2.038192210678481331e+02
2.377178805319445871e+02
2.514139390249620476e+02
2.851377302458444660e+02
2.885821270276666155e+02
3.679843850911165077e+02
3.474247786917267149e+02
3.094184335134903563e+02
2.785666460481173772e+02
2.877970090684623301e+02
2.628086959941715008e+02
2.306808574049989602e+02
2.142399914591119909e+02
1.829416685181612934e+02
9.610060875212829501e+01
6.377702066575520945e+01
1.057367345876143929e+02
3.012447513367802543e+01
1.434185443941805431e+02
1.051590907122709524e+02
1.583650722151413390e+02
1.949138873310431563e+02
2.154981030564133562e+02
2.518376818109171893e+02
2.605007618568170642e+02
3.402256946717910182e+02
3.276280501178248983e+02
2.707123696098815913e+02
2.827900694704973716e+02
2.607052265627498286e+02
2.305043324316406483e+02
2.147019318510716630e+02
1.842146794028973034e+02
1.446232315715427887e+02
6.415768084950217087e+01
1.061520664102425826e+02
3.017010774329795098e+01
1.287372053844753736e+02
1.619236094761543825e+02
1.864916112311983341e+02
2.235430388281974103e+02
2.353287274288754247e+02
3.149896525898585651e+02
3.095358393442551801e+02
2.851410375046801278e+02
2.595253596279207500e+02
2.312360119161818943e+02
2.159214149114989993e+02
1.862320287832204997e+02
1.463785508129627431e+02
1.197837717136311539e+02
1.066977046027874678e+02
1.159840022043648702e+02
1.469395518768259024e+02
1.853518340717013473e+02
2.011382110177328002e+02
2.790832206321168769e+02
2.822441538188010668e+02
2.662824214615141045e+02
2.511328867264098506e+02
1.168656769133568787e+02
1.540665806103469606e+02
1.706531116477590615e+02
2.459837864119838287e+02
2.564252698166084770e+02
2.481232274302997212e+02
2.387907183343011752e+02
2.607664447203455893e+02
2.282462630192226527e+02
2.154893518233306793e+02
1.889363326522488080e+02
1.494333358959742952e+02
1.223679026236972618e+02
9.961866848165145427e+01
6.575317120984553299e+01
1.243796030697720738e+02
1.384688910382256495e+02
2.096669618899766476e+02
2.268234332281597574e+02
2.263095362056904492e+02
2.231615790179511123e+02
2.487356055887323976e+02
2.431788891955609415e+02
2.144781599164002728e+02
1.902054528687278321e+02
1.511627327009003352e+02
1.239193568833682235e+02
1.007958937237969081e+02
6.643509256996432555e+01
1.086361878399281551e+02
9.889241521844161298e+01
1.637353643135195114e+02
1.882532709132011064e+02
1.965022523698521013e+02
2.005385788593357290e+02
2.299345902322305619e+02
2.306973443022841082e+02
2.185878520089366930e+02
1.897637118118906585e+02
1.520494447298745513e+02
1.250824938097750589e+02
1.018164143784753577e+02
6.707772632393304946e+01
1.093666559811891830e+02
3.052457379753904121e+01
1.238523376609695390e+02
1.518210478248787183e+02
1.667081744661047935e+02
1.765464314393697691e+02
2.087778756423224138e+02
2.157929918530994371e+02
2.098476100833561304e+02
2.052760556411092523e+02
1.527942371137301052e+02
1.263191303353232371e+02
1.029693462666613044e+02
6.782516515882311126e+01
1.102229600621263330e+02
3.062068528209737295e+01
1.133061271268489207e+02
1.338560754505330692e+02
1.487845418766999614e+02
1.827100990606504070e+02
1.959591370538759065e+02
1.969656091841934824e+02
1.966278462157470130e+02
1.855267544638830657e+02
1.271570856090423405e+02
1.040101525364186301e+02
6.857988022094495761e+01
1.111216132097339653e+02
3.072315264791449252e+01
1.111273934165452744e+02
1.263712961082269572e+02
1.594527093861445053e+02
1.770965871813146748e+02
1.842993460264826808e+02
1.876511038987900122e+02
1.826782386028943677e+02
1.529167667459793449e+02
1.056078749233217167e+02
6.967712904255280648e+01
1.123947696336515349e+02
3.086650904709831167e+01
1.015229357383959865e+02
1.303753630885942130e+02
1.511746203066189480e+02
1.646559384214211832e+02
1.723946923572543426e+02
1.751957194570822480e+02
1.506758973860353876e+02
1.288825657672818465e+02
7.065838826613097012e+01
1.136305167432525565e+02
3.101035653706327011e+01
9.781201469608447496e+01
1.194325699741604438e+02
1.382598372800740663e+02
1.501821153944485445e+02
1.618178028336872956e+02
1.447555835021780126e+02
1.271520203237426614e+02
1.069280573457619852e+02
7.140934706635165696e+01
1.147526884226483901e+02
3.114912695849028523e+01
8.691320092441705469e+01
1.083207158676460153e+02
1.227495171419732145e+02
1.429376093183152534e+02
1.348872987509062398e+02
1.231674287481128971e+02
1.061751004336616546e+02
7.193437537877375121e+01
1.158118389390946703e+02
8.268204644679201465e+01
9.524649109749573483e+01
1.221056626710466873e+02
1.227315475884450819e+02
1.177365776568547346e+02
1.049417904542863198e+02
7.256715230654326376e+01
1.171885658207839356e+02
3.147966431021563238e+01
6.513711503883335752e+01
9.652837235192109233e+01
1.054398071638301246e+02
1.084561366024721849e+02
1.017280324948429637e+02
7.274977893243853089e+01
1.185029155129995502e+02
3.168684072771541693e+01
7.011024674680244573e+01
8.357824751822782616e+01
9.437486521984021692e+01
9.538184687957280516e+01
7.203364770775796444e+01
1.195258777359907185e+02
3.190649601352569320e+01
6.991970497982561028e+01
8.100203510244590177e+01
8.751908125879467093e+01
7.102988068734192950e+01
1.208989777569372137e+02
3.222646996046513124e+01
5.864267107080792130e+01
7.192316737526161319e+01
6.666352641235647525e+01
1.204517158726183652e+02
3.251364724684457741e+01
5.283073907542183179e+01
5.835639828521861006e+01
1.166889143095445291e+02
3.272272338845494488e+01
4.943282039645445280e+01
1.081540888636842652e+02
3.288138236723056451e+01
3.279198129844289866e+01
9.128459070693234878e+01
2.951984236121643335e+01
