5.621030485406959087e+01
7.080980377927565428e+01
7.172970267367909969e+01
1.447466806279249170e+02
1.300981866908819029e+02
9.399701555951861565e+01
1.660097603927937087e+02
1.976761659786406256e+02
6.765793142424739415e+01
6.250692138533651132e+01
1.147163996569965860e+02
9.331183898577374691e+01
6.550469174721180821e+01
1.146015242469130300e+02
1.114360774996411294e+02
1.608268675873926270e+02
6.228029216067140794e+01
1.089007336079028505e+02
1.217767127836190042e+02
2.298268067150743548e+02
5.022091548471507139e+01
9.844715257785291840e+01
8.209216501623021145e+01
6.043872771889545703e+01
1.093458057603009763e+02
1.038417143113644698e+02
1.221090048838616582e+02
2.015466976423714982e+02
9.787653606555385011e+01
1.146441374228694485e+02
1.901007009585497087e+02
1.527120767365309462e+02
1.001339785474929442e+02
9.920506446481006435e+01
1.480339255523840336e+02
1.970385431994581609e+02
8.548755601760092304e+01
6.801840248322727689e+01
5.148138258559980329e+01
9.487456224965667673e+01
9.039753712347223313e+01
9.821907825828193950e+01
1.101285859683829500e+02
2.060167780945248239e+02
8.565764572501542773e+01
9.767458453839925880e+01
1.855666674195135499e+02
7.212890042642109734e+01
8.363197737061155124e+01
1.440126731633475572e+02
1.233674164824801665e+02
4.236678728253135517e+01
3.392319169157184433e+01
6.433955538103339222e+01
6.169772946205969788e+01
6.562574951635137666e+01
7.731901328771306225e+01
1.095374533660452840e+02
1.341150482433966999e+02
1.030020716557617675e+02
2.291404413782898359e+02
1.663495490208498495e+02
1.046964525218842113e+02
1.488102874162676699e+02
1.828045585318846236e+02
8.638542870488349479e+01
1.004314783016155843e+02
1.919021133614806160e+02
4.795005271568255978e+01
9.631891886308484629e+01
9.416294883772077640e+01
9.823972114550446122e+01
1.177748019289104491e+02
1.145061913382589012e+02
2.520888701406967130e+02
1.928487055119070135e+02
2.266863411594254956e+02
1.802502146545367054e+02
1.644237833546879415e+02
1.018400237022216146e+02
2.177554377309349434e+02
1.667045159358802380e+02
1.100672980961321912e+02
1.590442346862477621e+02
2.009119358099432873e+02
1.085161902801778240e+02
9.511901344925024659e+01
8.982759820933007688e+01
1.056675268312977778e+02
1.062014405188373587e+02
2.246615473024914706e+02
1.808262140840541008e+02
1.754344622544817867e+02
1.099494104119633846e+02
1.795517576642771473e+02
1.811230775519498764e+02
1.401033446337262944e+02
1.811159634883727847e+02
1.494463908543683033e+02
1.484791922861954845e+02
7.658997429914626309e+01
1.611897474983943539e+02
1.323980331554053009e+02
4.794900434318442706e+01
4.530717153529518271e+01
5.545694206809145044e+01
5.966616096803898017e+01
1.234278497827365442e+02
1.202195447560027191e+02
9.752243475860926480e+01
7.799691062395422136e+01
1.906576924278083141e+02
1.182521604870999425e+02
1.040061993730101904e+02
1.765726583464891633e+02
1.603777879072260077e+02
1.327516087441976822e+02
1.491372541285872160e+02
1.246094641935245164e+02
1.346569077593603367e+02
4.919039168287713437e+01
6.753778083798108867e+01
8.098534832114900439e+01
1.637877065020323073e+02
1.614839342419208492e+02
1.040832437580753123e+02
1.844047360091454948e+02
1.616365966556112426e+02
1.817199938719768397e+02
1.189511863865951113e+02
9.000896340907624449e+01
1.610743398043555032e+02
1.398167887366928710e+02
1.265188315794190430e+02
5.105514919239064398e+01
7.021091566223721259e+01
1.308483761062705071e+02
1.274435152333063002e+02
8.809628303453217768e+01
1.667907368885477410e+02
1.154628494360823652e+02
6.105732132527803202e+01
1.689423799399591815e+02
1.841604156822602363e+02
1.296034461981707580e+02
9.467545924561757431e+01
1.792198246261633301e+02
9.359514013651354958e+01
1.414043348054863998e+02
1.293548816454713517e+02
9.843217010672769618e+01
1.918244001425125589e+02
1.868481294630926470e+02
8.738999046503786872e+01
6.080570887865023622e+01
1.620171312949186415e+02
1.609919288991614508e+02
1.249039471234932819e+02
8.509185198662360960e+01
7.661564791104191841e+01
6.885972966264013451e+01
1.433875048154403373e+02
1.489329317001142385e+02
6.021551612044395796e+01
4.769302013553674868e+01
9.750230716735458714e+01
1.824906740274615657e+01
2.420244098415954781e+01
5.872667822320883602e+01
6.811678469788886048e+01
2.994332779654469689e+01
4.908899694760270904e+01
5.754872039134089334e+01
5.019570332000303381e+01
1.222279366897901696e+02
1.522696049891837617e+02
7.330155768265936445e+01
1.153853376479862476e+02
1.007527180081973484e+02
1.243777805265813896e+02
6.748828000898471657e+01
9.718716175660520662e+01
2.518176611034773771e+01
1.842020888230249653e+01
2.709878090406655460e+01
3.107629309779536442e+01
3.592741685266837237e+01
1.474538230078918488e+01
5.184798161980825881e+01
6.282982796669232783e+01
7.757559723075348757e+01
5.211569870203589971e+01
7.384583696490339833e+01
8.350873016258876191e+01
9.835601160653533270e+01
8.380280869138519506e+01
1.175327177282289597e+02
5.111950877560504125e+01
1.243321893739258144e+02
1.576677690485870755e+02
8.378482986463518500e+01
8.560033305881022159e+01
1.258725200474816859e+02
1.419171015690243678e+02
8.071950820846001307e+01
6.609219920572880369e+01
1.193784621036468963e+02
8.975300877102748132e+01
1.050512111111155491e+02
8.345878007707950985e+01
1.590598965425519111e+02
1.418513039224623640e+02
1.180365072534186055e+02
1.453421359518281690e+02
1.186292671308591054e+02
7.460600781541479876e+01
1.373379678984248926e+02
1.310717638084203145e+02
1.242614039314520085e+02
1.178206374378348471e+02
9.535065214747119455e+01
5.801958221339639721e+01
1.308566397104268333e+02
1.439604856858027802e+02
1.182254947303469805e+02
1.301838707935531829e+02
7.544971639809848796e+01
9.289115657486151179e+01
1.572083544290715906e+02
1.475259744817237788e+02
1.775128083875322318e+02
1.450820565689700459e+02
1.479014446594322862e+02
1.098718610367781707e+02
1.306383512008172829e+02
1.094493464299054182e+02
7.696693194337980515e+01
1.437914589942600969e+02
1.604160545325033809e+02
1.488617867871691942e+02
1.162905239896526410e+02
1.374128087353803664e+02
1.183973574748534929e+02
8.228919975321221614e+01
1.370034722189520267e+02
3.867786468159113866e+01
1.350758076717100948e+02
1.472706958483615267e+02
1.565210574438268907e+02
1.285855673956885425e+02
1.100924017070866228e+02
1.208173447872500645e+02
1.636775956169661015e+02
7.690846007093192327e+01
7.008277660383670593e+01
1.482078037335800218e+02
1.738877366254145329e+02
1.727086479858140819e+02
1.486804970549479208e+02
1.374879383048705392e+02
1.554725748664004641e+02
1.422478582502870381e+02
1.492019109430569301e+02
1.186732429580818433e+02
1.399091782150104279e+02
5.602321029116803430e+01
3.698032877478865998e+01
1.694360228060207874e+02
1.566073274796948169e+02
1.779840052841481111e+02
1.495347855374903077e+02
1.553266306719239935e+02
1.071457681612083377e+02
1.209815668765909038e+02
1.752190322495081318e+02
9.646865504665662172e+01
6.801437908611950434e+01
7.298427412553330385e+01
1.758338165254211916e+01
5.184798161980825881e+01
4.387303898574045746e+01
6.614136121986689432e+01
4.118712013885930645e+01
8.200979570900337023e+01
8.423414797234420348e+01
7.651984488927581651e+01
8.256500628041270318e+01
5.049424017044682245e+01
3.669574598917500907e+01
3.491576504893158983e+01
7.566026191890144048e+01
8.985945691554272230e+01
6.302811189703832895e+01
7.604470435211203494e+01
7.692746223599066013e+01
9.946840333717184990e+01
8.125542516606597587e+01
1.225594129641024921e+02
3.435702054669512506e+01
1.116453201773057913e+02
7.530748089647148902e+01
1.001221539749145677e+02
8.690444869110967829e+01
1.413419930187088198e+02
1.171267802982092689e+02
5.482934797447038022e+01
3.342849492254985933e+01
3.285749150098592253e+01
7.438766017043955969e+01
1.009849331562397481e+02
9.194392766738592115e+01
1.602476468449868037e+02
1.342874135260964010e+02
6.721376188544653019e+01
6.862973409606648545e+01
3.239141697347646698e+01
7.349851798273729742e+01
1.011473669128085078e+02
9.533569050634299913e+01
1.757406481509156606e+02
1.544067458241946724e+02
8.529081121054464631e+01
1.045456235708916353e+02
6.971067372957708130e+01
3.198501262604844086e+01
7.257613925052777404e+01
1.006070790022050119e+02
9.691496713645686611e+01
1.853871523710227223e+02
1.686136762304145691e+02
9.997074905029204217e+01
1.363435063933212064e+02
1.046552893112893230e+02
1.106089809984963495e+02
3.173101633799817733e+01
7.205683979437473852e+01
1.005057721728512803e+02
9.843758105822007565e+01
1.936198163612812664e+02
1.810726325131155363e+02
1.130798238827578359e+02
1.652737640001233217e+02
1.351050449687147648e+02
8.931862877040082083e+01
1.428109497629848761e+02
3.118913917093995991e+01
7.034459931648446229e+01
9.754701739765459934e+01
9.552042903030090315e+01
1.885415892626103584e+02
1.748517124629250361e+02
1.107156240710127406e+02
1.657926919185933912e+02
1.374263197521580651e+02
1.440737690124755375e+02
9.740112233355691274e+01
2.841137319037174791e+01
3.078232176733054004e+01
6.906839753859838993e+01
9.535564387245169371e+01
9.336114269058118964e+01
1.847427022141078794e+02
1.703301901870680979e+02
1.091344290914975943e+02
1.668787922570799367e+02
1.411659129757995856e+02
1.523894460104738187e+02
1.164955089878856711e+02
4.796524942995934282e+01
7.928820089349838440e+01
3.063147264022886418e+01
6.869546697491921350e+01
9.497216370531380392e+01
9.349328907215613071e+01
1.867600007947646930e+02
1.736977933105151806e+02
1.135876483580848060e+02
1.786298749870954339e+02
1.556067969636415853e+02
1.735654532411567459e+02
1.441232449799802566e+02
7.007898559098259739e+01
1.355079997545460344e+02
1.044910030332783890e+02
3.040428207482677792e+01
6.799428765438122468e+01
9.377456948729479791e+01
9.229878829692046338e+01
1.845120044922330464e+02
1.705419105419777281e+02
1.118350975480160088e+02
1.767444912104789410e+02
1.533103551933082258e+02
1.682880491023538809e+02
1.444193934941897055e+02
7.679297358235619697e+01
1.479848447135819640e+02
1.117384554893114199e+02
2.570636554797140860e+01
3.026006842081821446e+01
6.757388951869387483e+01
9.311353118959594610e+01
9.174405765984312211e+01
1.837824932389366666e+02
1.694230533145703816e+02
1.115174499500186442e+02
1.770715629193555856e+02
1.528584043031461022e+02
1.641961836121224678e+02
1.430519135345368511e+02
8.042737182038042931e+01
1.454057514895018812e+02
9.976166909007682193e+01
2.672621953060135525e+01
3.254400359426389855e+01
3.023878716751707074e+01
6.759453249231665950e+01
9.336513085531164791e+01
9.241906114193946564e+01
1.864726844535360897e+02
1.734266684937752530e+02
1.157663107839482279e+02
1.872006475107932033e+02
1.647865856359024974e+02
1.801920189588572896e+02
1.624012716085751151e+02
9.630314476222157793e+01
1.763308204125196141e+02
1.194448962077525209e+02
3.465606515312746438e+01
3.542211785720002837e+01
1.392086959209665409e+01
3.020249391897233338e+01
6.754182542516529963e+01
9.342013610916340838e+01
9.275466409668197798e+01
1.880378379668892137e+02
1.757502833353885592e+02
1.183909385165772221e+02
1.937240045223842628e+02
1.724252262934836892e+02
1.898176986895798564e+02
1.749362934818547615e+02
1.078637326188892729e+02
1.961044371719790149e+02
1.291804875073095218e+02
3.931812923233899681e+01
3.493378983631250634e+01
1.230154072627500028e+01
1.126370556360157593e+00
6.004191748704768372e+01
8.234405752944327617e+01
8.473609193903223513e+01
1.748724191526806067e+02
1.645722083717430166e+02
1.135954727136798112e+02
1.898036518703291335e+02
1.712146576024533715e+02
1.897339898887928200e+02
1.777385086648216372e+02
1.115072780574713391e+02
2.034905134153126767e+02
1.347789904213465206e+02
4.130683055109500401e+01
3.678999690545963830e+01
1.297167178351477546e+01
1.189009531074116000e+00
7.261631152876454109e+01
7.387930092363879453e+01
1.520844559537246994e+02
1.431817835428398098e+02
1.020911316240657243e+02
1.755644620406706338e+02
1.617491812998175078e+02
1.817649998547255450e+02
1.742029172395560295e+02
1.117833005217746347e+02
2.057784022597193427e+02
1.375276504415913905e+02
4.253119654438831532e+01
3.803862622010738193e+01
1.344448572006481335e+01
1.234180254441583191e+00
5.826063857756827957e+01
1.259922103868525625e+02
1.202330736206811963e+02
8.979453452049372686e+01
1.601753821370971025e+02
1.512906043303923127e+02
1.726082378497814318e+02
1.700334590689706999e+02
1.121966607703155319e+02
2.086744584118778789e+02
1.410100265273482592e+02
4.410159643477593505e+01
3.964473696521469037e+01
1.405369381404925555e+01
1.292412379624282126e+00
9.925601629255700686e+01
9.492516861135696615e+01
7.554914008231838807e+01
1.412837405704304672e+02
1.376440753264159298e+02
1.599490384503624227e+02
1.630845417689170063e+02
1.114839843339977392e+02
2.102385428882942620e+02
1.441520448687602993e+02
4.573919456688935270e+01
4.139560189626963194e+01
1.473236995300721652e+01
1.357898062038521259e+00
6.024884424564541519e+01
5.548869644111534427e+01
1.130366180083253909e+02
1.162377251496287300e+02
1.397717709728361797e+02
1.495643199307857287e+02
1.071457681612083377e+02
2.067232397489377718e+02
1.448090638388106584e+02
4.683361112467606802e+01
4.280534720266737025e+01
1.532171445296530621e+01
1.416574710901296719e+00
5.053804984103112474e+01
1.050330646221592019e+02
1.082684257726159842e+02
1.284535020202680187e+02
1.431644025103588831e+02
1.081956218759011676e+02
2.112263163262632588e+02
1.509585670033728775e+02
4.999800783920039748e+01
4.616354712310491237e+01
1.662261458746222331e+01
1.541824138579741765e+00
1.073228116826016532e+02
1.020249780831773165e+02
1.148026688527966854e+02
1.333880395992005674e+02
1.078252149361770478e+02
2.129037172779921150e+02
1.561425764703852792e+02
5.339252190236314277e+01
4.999488340507938489e+01
1.815256268992333588e+01
1.690802795778685752e+00
6.667308473195974727e+01
8.220176367475913537e+01
1.066463677233006280e+02
9.601142779757141454e+01
1.980199967546658968e+02
1.524065056578891983e+02
5.456785860488474071e+01
5.233588574472101129e+01
1.926751928697287397e+01
1.806587048423866415e+00
6.066721130484562963e+01
8.857507325239473062e+01
9.105667575764761068e+01
1.902968959645808411e+02
1.537039367422763405e+02
5.855970070996287546e+01
5.780745324445465627e+01
2.164881230953597324e+01
2.046441845719364050e+00
8.163227079758996751e+01
1.717795864805029282e+02
1.484540978092043986e+02
6.193209957999058446e+01
6.385793936172185425e+01
2.454378331439538385e+01
2.348380479922623110e+00
6.424841122171568486e+01
1.429900236783281571e+02
6.801437908611950434e+01
7.429201687994286374e+01
2.961520276794858830e+01
2.882428969181250356e+00
8.932755570454828842e+01
1.584748166769541626e+02
1.152914097093546530e+02
6.822622234871663238e+01
8.292636564101775321e+01
3.529333296867911685e+01
3.538846097303172122e+00
1.117595453507679366e+02
5.127097341603324310e+01
7.808199192331424854e+01
3.781937018035392128e+01
4.013342347867858706e+00
5.466301241661399501e+01
5.062238105378224873e+01
9.282428660363227380e+01
5.311110537281724930e+01
6.128345735092092461e+00
9.735243213029430365e+01
7.096357047997673817e+01
9.665809927906245491e+00
4.809775524643437450e+01
1.077017875940025426e+01
1.758338165254211916e+01
