21
# x y z
26	0	0
26.25	0	0
26.5	0	0
26.75	0	0
27	0	0
27.25	0	0
27.5	0	0
27.75	0	0
28	0	0
28.25	0	0
28.5	0	0
28.75	0	0
29	0	0
29.25	0	0
29.5	0	0
29.75	0	0
30	0	0
30.25	0	0
30.5	0	0
30.75	0	0
31	0	0
603
# a b m n rhoa k err ip iperr
1	2	3	4	9.05702351975747e+01	-4.71670842607930e+00	3.00000000000000e-02	0.00000000000000e+00	0.00000000000000e+00
1	2	4	5	1.11276230955471e+02	-1.88060001006363e+01	3.00000000000000e-02	0.00000000000000e+00	0.00000000000000e+00
1	2	5	6	8.88805961494263e+01	-4.70937981303688e+01	3.00000000000000e-02	0.00000000000000e+00	0.00000000000000e+00
1	2	6	7	1.68946594708559e+02	-9.44321074007641e+01	3.00000000000000e-02	0.00000000000000e+00	0.00000000000000e+00
1	2	7	8	1.42677320726323e+02	-1.65371787199004e+02	3.00000000000000e-02	0.00000000000000e+00	0.00000000000000e+00
1	2	8	9	9.89923836886158e+01	-2.64501639738727e+02	3.00000000000000e-02	0.00000000000000e+00	0.00000000000000e+00
1	2	9	11	1.63657942638056e+02	-2.33108060088191e+02	3.00000000000000e-02	0.00000000000000e+00	0.00000000000000e+00
1	2	11	14	1.66167678008434e+02	-3.34204898217497e+02	3.00000000000000e-02	0.00000000000000e+00	0.00000000000000e+00
2	3	4	5	9.04817378614801e+01	-4.69820226916942e+00	3.00000000000000e-02	0.00000000000000e+00	0.00000000000000e+00
2	3	5	6	7.48567385127546e+01	-1.88225081626648e+01	3.00000000000000e-02	0.00000000000000e+00	0.00000000000000e+00
2	3	6	7	1.35871569098495e+02	-4.71161154529140e+01	3.00000000000000e-02	0.00000000000000e+00	0.00000000000000e+00
2	3	7	8	1.14990035256685e+02	-9.44437889669295e+01	3.00000000000000e-02	0.00000000000000e+00	0.00000000000000e+00
2	3	8	9	7.89987118074252e+01	-1.65444407275118e+02	3.00000000000000e-02	0.00000000000000e+00	0.00000000000000e+00
2	3	9	10	1.39311120395273e+02	-2.64533202429168e+02	3.00000000000000e-02	0.00000000000000e+00	0.00000000000000e+00
2	3	10	12	1.37085160071205e+02	-2.33146750509721e+02	3.00000000000000e-02	0.00000000000000e+00	0.00000000000000e+00
2	3	12	15	1.73299561808319e+02	-3.34240255913963e+02	3.00000000000000e-02	0.00000000000000e+00	0.00000000000000e+00
2	4	8	9	6.54176006678519e+01	-6.01397373205964e+01	3.00000000000000e-02	0.00000000000000e+00	0.00000000000000e+00
2	4	9	11	1.14669808879383e+02	-6.20081485555831e+01	3.00000000000000e-02	0.00000000000000e+00	0.00000000000000e+00
2	4	11	14	1.17388683185837e+02	-1.04260234462340e+02	3.00000000000000e-02	0.00000000000000e+00	0.00000000000000e+00
2	4	14	18	1.92058142564798e+02	-2.03012708304932e+02	3.00000000000000e-02	0.00000000000000e+00	0.00000000000000e+00
3	4	5	6	7.00891873244730e+01	-4.73207894706634e+00	3.00000000000000e-02	0.00000000000000e+00	0.00000000000000e+00
3	4	6	7	1.11185739478025e+02	-1.88418470560965e+01	3.00000000000000e-02	0.00000000000000e+00	0.00000000000000e+00
3	4	7	8	8.45319496652209e+01	-4.71168947294845e+01	3.00000000000000e-02	0.00000000000000e+00	0.00000000000000e+00
3	4	8	9	5.98557325019360e+01	-9.44856785457323e+01	3.00000000000000e-02	0.00000000000000e+00	0.00000000000000e+00
3	4	9	10	1.05938859884195e+02	-1.65439769194195e+02	3.00000000000000e-02	0.00000000000000e+00	0.00000000000000e+00
3	4	10	11	1.00535079148354e+02	-2.64558339491103e+02	3.00000000000000e-02	0.00000000000000e+00	0.00000000000000e+00
3	4	11	13	1.07998207841031e+02	-2.33150712505355e+02	3.00000000000000e-02	0.00000000000000e+00	0.00000000000000e+00
3	4	13	16	1.54267556124401e+02	-3.34248878469457e+02	3.00000000000000e-02	0.00000000000000e+00	0.00000000000000e+00
2	5	10	11	1.06502018537299e+02	-8.09907440644409e+01	3.00000000000000e-02	0.00000000000000e+00	0.00000000000000e+00
2	5	11	13	1.15512791409569e+02	-7.32907330225867e+01	3.00000000000000e-02	0.00000000000000e+00	0.00000000000000e+00
2	5	13	16	1.65230277875064e+02	-1.07550789478008e+02	3.00000000000000e-02	0.00000000000000e+00	0.00000000000000e+00
2	5	16	20	1.53183633209666e+02	-1.87688699013752e+02	3.00000000000000e-02	0.00000000000000e+00	0.00000000000000e+00
3	5	9	10	1.06835889931011e+02	-6.01248747430979e+01	3.00000000000000e-02	0.00000000000000e+00	0.00000000000000e+00
3	5	10	12	1.02317456444361e+02	-6.20064459001893e+01	3.00000000000000e-02	0.00000000000000e+00	0.00000000000000e+00
3	5	12	15	1.29253721317684e+02	-1.04257050814419e+02	3.00000000000000e-02	0.00000000000000e+00	0.00000000000000e+00
3	5	15	19	1.59326040012304e+02	-2.03011468989815e+02	3.00000000000000e-02	0.00000000000000e+00	0.00000000000000e+00
4	5	6	7	1.24144672533298e+02	-4.72013233413425e+00	3.00000000000000e-02	0.00000000000000e+00	0.00000000000000e+00
4	5	7	8	7.82718595903603e+01	-1.88178840397650e+01	3.00000000000000e-02	0.00000000000000e+00	0.00000000000000e+00
4	5	8	9	5.99290377990968e+01	-4.71258789940054e+01	3.00000000000000e-02	0.00000000000000e+00	0.00000000000000e+00
4	5	9	10	1.08466964689795e+02	-9.44505091342697e+01	3.00000000000000e-02	0.00000000000000e+00	0.00000000000000e+00
4	5	10	11	1.01089231431147e+02	-1.65428246946611e+02	3.00000000000000e-02	0.00000000000000e+00	0.00000000000000e+00
4	5	11	12	1.07010706534821e+02	-2.64527683722846e+02	3.00000000000000e-02	0.00000000000000e+00	0.00000000000000e+00
4	5	12	14	1.06516919401218e+02	-2.33133183045522e+02	3.00000000000000e-02	0.00000000000000e+00	0.00000000000000e+00
4	5	14	17	1.73584875950995e+02	-3.34236793417494e+02	3.00000000000000e-02	0.00000000000000e+00	0.00000000000000e+00
3	6	11	12	8.41832787364203e+01	-8.09867324082661e+01	3.00000000000000e-02	0.00000000000000e+00	0.00000000000000e+00
3	6	12	14	8.58344834216974e+01	-7.32888910515014e+01	3.00000000000000e-02	0.00000000000000e+00	0.00000000000000e+00
3	6	14	17	1.42581742810920e+02	-1.07550420006427e+02	3.00000000000000e-02	0.00000000000000e+00	0.00000000000000e+00
4	6	10	11	7.42125111293251e+01	-6.01261554342006e+01	3.00000000000000e-02	0.00000000000000e+00	0.00000000000000e+00
4	6	11	13	8.27025239834050e+01	-6.20024020387484e+01	3.00000000000000e-02	0.00000000000000e+00	0.00000000000000e+00
4	6	13	16	1.19712911473137e+02	-1.04255927641071e+02	3.00000000000000e-02	0.00000000000000e+00	0.00000000000000e+00
4	6	16	20	1.12900663918213e+02	-2.03011281387829e+02	3.00000000000000e-02	0.00000000000000e+00	0.00000000000000e+00
5	6	7	8	3.46859006197826e+01	-4.70328138001589e+00	3.00000000000000e-02	0.00000000000000e+00	0.00000000000000e+00
5	6	8	9	3.29753481305044e+01	-1.88364902122714e+01	3.00000000000000e-02	0.00000000000000e+00	0.00000000000000e+00
5	6	9	10	6.28595813842356e+01	-4.71066474203847e+01	3.00000000000000e-02	0.00000000000000e+00	0.00000000000000e+00
5	6	10	11	5.95499283972938e+01	-9.44574257382818e+01	3.00000000000000e-02	0.00000000000000e+00	0.00000000000000e+00
5	6	11	12	6.46607882118087e+01	-1.65421936461479e+02	3.00000000000000e-02	0.00000000000000e+00	0.00000000000000e+00
5	6	12	13	6.96561233619851e+01	-2.64518263492417e+02	3.00000000000000e-02	0.00000000000000e+00	0.00000000000000e+00
5	6	13	15	8.96228794587759e+01	-2.33136707729464e+02	3.00000000000000e-02	0.00000000000000e+00	0.00000000000000e+00
5	6	15	18	9.65061028976951e+01	-3.34239947971638e+02	3.00000000000000e-02	0.00000000000000e+00	0.00000000000000e+00
2	7	13	14	9.71428178402865e+01	-9.69044329352658e+01	3.00000000000000e-02	0.00000000000000e+00	0.00000000000000e+00
2	7	14	16	2.01960621224724e+02	-7.92216800721464e+01	3.00000000000000e-02	0.00000000000000e+00	0.00000000000000e+00
2	7	16	19	1.47973071877318e+02	-1.03542114936792e+02	3.00000000000000e-02	0.00000000000000e+00	0.00000000000000e+00
4	7	12	13	1.08564936313066e+02	-8.09847648095316e+01	3.00000000000000e-02	0.00000000000000e+00	0.00000000000000e+00
4	7	13	15	1.38798724757403e+02	-7.32903468953770e+01	3.00000000000000e-02	0.00000000000000e+00	0.00000000000000e+00
4	7	15	18	1.47490315911853e+02	-1.07551183805632e+02	3.00000000000000e-02	0.00000000000000e+00	0.00000000000000e+00
5	7	11	12	1.00525857485619e+02	-6.01270762344528e+01	3.00000000000000e-02	0.00000000000000e+00	0.00000000000000e+00
5	7	12	14	1.02169771750398e+02	-6.20033691690172e+01	3.00000000000000e-02	0.00000000000000e+00	0.00000000000000e+00
5	7	14	17	1.67383165408326e+02	-1.04258046184809e+02	3.00000000000000e-02	0.00000000000000e+00	0.00000000000000e+00
6	7	8	9	5.63592227092721e+01	-4.74496095281680e+00	3.00000000000000e-02	0.00000000000000e+00	0.00000000000000e+00
6	7	9	10	8.75271057050139e+01	-1.88288643590733e+01	3.00000000000000e-02	0.00000000000000e+00	0.00000000000000e+00
6	7	10	11	1.08105292929276e+02	-4.71233878920514e+01	3.00000000000000e-02	0.00000000000000e+00	0.00000000000000e+00
6	7	11	12	1.20656000813256e+02	-9.44617559017114e+01	3.00000000000000e-02	0.00000000000000e+00	0.00000000000000e+00
6	7	12	13	1.31575110662332e+02	-1.65424213158908e+02	3.00000000000000e-02	0.00000000000000e+00	0.00000000000000e+00
6	7	13	14	1.14551673615464e+02	-2.64535801564015e+02	3.00000000000000e-02	0.00000000000000e+00	0.00000000000000e+00
6	7	14	16	2.38365258346925e+02	-2.33142858320545e+02	3.00000000000000e-02	0.00000000000000e+00	0.00000000000000e+00
6	7	16	19	1.73058879793661e+02	-3.34251819978100e+02	3.00000000000000e-02	0.00000000000000e+00	0.00000000000000e+00
3	8	14	15	2.06198657009273e+02	-9.69005972956345e+01	3.00000000000000e-02	0.00000000000000e+00	0.00000000000000e+00
3	8	15	17	1.42903834975200e+02	-7.92198166047819e+01	3.00000000000000e-02	0.00000000000000e+00	0.00000000000000e+00
3	8	17	20	1.62867426601741e+02	-1.03541343192649e+02	3.00000000000000e-02	0.00000000000000e+00	0.00000000000000e+00
5	8	13	14	9.77492963091489e+01	-8.09813069020172e+01	3.00000000000000e-02	0.00000000000000e+00	0.00000000000000e+00
5	8	14	16	1.98699441056407e+02	-7.32870229806940e+01	3.00000000000000e-02	0.00000000000000e+00	0.00000000000000e+00
5	8	16	19	1.41468222025195e+02	-1.07550953370328e+02	3.00000000000000e-02	0.00000000000000e+00	0.00000000000000e+00
6	8	12	13	1.22453624902335e+02	-6.01149857889998e+01	3.00000000000000e-02	0.00000000000000e+00	0.00000000000000e+00
6	8	13	15	1.56041330590919e+02	-6.19996466125448e+01	3.00000000000000e-02	0.00000000000000e+00	0.00000000000000e+00
6	8	15	18	1.67818541199889e+02	-1.04254545070441e+02	3.00000000000000e-02	0.00000000000000e+00	0.00000000000000e+00
7	8	9	10	1.35725747792454e+02	-4.69837605468239e+00	3.00000000000000e-02	0.00000000000000e+00	0.00000000000000e+00
7	8	10	11	9.64693466861235e+01	-1.88174124538921e+01	3.00000000000000e-02	0.00000000000000e+00	0.00000000000000e+00
7	8	11	12	1.08038525831865e+02	-4.70977740426280e+01	3.00000000000000e-02	0.00000000000000e+00	0.00000000000000e+00
7	8	12	13	1.18394031686222e+02	-9.44311763704556e+01	3.00000000000000e-02	0.00000000000000e+00	0.00000000000000e+00
7	8	13	14	1.03673657710446e+02	-1.65401496028152e+02	3.00000000000000e-02	0.00000000000000e+00	0.00000000000000e+00
7	8	14	15	2.21665740582589e+02	-2.64502755313948e+02	3.00000000000000e-02	0.00000000000000e+00	0.00000000000000e+00
7	8	15	17	1.52901918248064e+02	-2.33123060060932e+02	3.00000000000000e-02	0.00000000000000e+00	0.00000000000000e+00
7	8	17	20	1.73589628147780e+02	-3.34237577302411e+02	3.00000000000000e-02	0.00000000000000e+00	0.00000000000000e+00
2	9	16	17	8.22989799594324e+01	-1.20041803594928e+02	3.00000000000000e-02	0.00000000000000e+00	0.00000000000000e+00
2	9	17	19	1.61020632069593e+02	-9.15837013670918e+01	3.00000000000000e-02	0.00000000000000e+00	0.00000000000000e+00
4	9	15	16	1.56756100163352e+02	-9.69017977371003e+01	3.00000000000000e-02	0.00000000000000e+00	0.00000000000000e+00
4	9	16	18	1.07899045971110e+02	-7.92221956057434e+01	3.00000000000000e-02	0.00000000000000e+00	0.00000000000000e+00
6	9	14	15	1.82100294265947e+02	-8.09860150435156e+01	3.00000000000000e-02	0.00000000000000e+00	0.00000000000000e+00
6	9	15	17	1.28110495931831e+02	-7.32893381226831e+01	3.00000000000000e-02	0.00000000000000e+00	0.00000000000000e+00
6	9	17	20	1.48546328197860e+02	-1.07553418334028e+02	3.00000000000000e-02	0.00000000000000e+00	0.00000000000000e+00
7	9	13	14	7.51573663660686e+01	-6.01249310939574e+01	3.00000000000000e-02	0.00000000000000e+00	0.00000000000000e+00
7	9	14	16	1.54824255259188e+02	-6.20026171814808e+01	3.00000000000000e-02	0.00000000000000e+00	0.00000000000000e+00
7	9	16	19	1.09819123801256e+02	-1.04258991770153e+02	3.00000000000000e-02	0.00000000000000e+00	0.00000000000000e+00
8	9	10	11	4.44754856269220e+01	-4.72364565099272e+00	3.00000000000000e-02	0.00000000000000e+00	0.00000000000000e+00
8	9	11	12	5.55547269053694e+01	-1.88286642124389e+01	3.00000000000000e-02	0.00000000000000e+00	0.00000000000000e+00
8	9	12	13	6.59919064912062e+01	-4.71148647717549e+01	3.00000000000000e-02	0.00000000000000e+00	0.00000000000000e+00
8	9	13	14	5.93252999644997e+01	-9.44631272662274e+01	3.00000000000000e-02	0.00000000000000e+00	0.00000000000000e+00
8	9	14	15	1.29623571822908e+02	-1.65431776042672e+02	3.00000000000000e-02	0.00000000000000e+00	0.00000000000000e+00
8	9	15	16	1.09831874878433e+02	-2.64531459699401e+02	3.00000000000000e-02	0.00000000000000e+00	0.00000000000000e+00
8	9	16	18	7.52627143065294e+01	-2.33147923418128e+02	3.00000000000000e-02	0.00000000000000e+00	0.00000000000000e+00
8	9	18	21	9.64578938557096e+01	-3.34245467024193e+02	3.00000000000000e-02	0.00000000000000e+00	0.00000000000000e+00
3	10	17	18	1.54635719904783e+02	-1.20042012688275e+02	3.00000000000000e-02	0.00000000000000e+00	0.00000000000000e+00
3	10	18	20	1.45470540601494e+02	-9.15836416758444e+01	3.00000000000000e-02	0.00000000000000e+00	0.00000000000000e+00
5	10	16	17	8.19174026948208e+01	-9.69030757467532e+01	3.00000000000000e-02	0.00000000000000e+00	0.00000000000000e+00
5	10	17	19	1.57018145212925e+02	-7.92232703890195e+01	3.00000000000000e-02	0.00000000000000e+00	0.00000000000000e+00
7	10	15	16	1.56115639847113e+02	-8.09820829384647e+01	3.00000000000000e-02	0.00000000000000e+00	0.00000000000000e+00
7	10	16	18	1.06562379372604e+02	-7.32896232935603e+01	3.00000000000000e-02	0.00000000000000e+00	0.00000000000000e+00
8	10	14	15	1.75166804902952e+02	-6.01243233540600e+01	3.00000000000000e-02	0.00000000000000e+00	0.00000000000000e+00
8	10	15	17	1.18418799102749e+02	-6.20019681990604e+01	3.00000000000000e-02	0.00000000000000e+00	0.00000000000000e+00
8	10	17	20	1.29482398647979e+02	-1.04259854618638e+02	3.00000000000000e-02	0.00000000000000e+00	0.00000000000000e+00
9	10	11	12	7.04174437618992e+01	-4.70748892021307e+00	3.00000000000000e-02	0.00000000000000e+00	0.00000000000000e+00
9	10	12	13	9.77572034306337e+01	-1.88201643790157e+01	3.00000000000000e-02	0.00000000000000e+00	0.00000000000000e+00
9	10	13	14	9.42434484002740e+01	-4.71120662265606e+01	3.00000000000000e-02	0.00000000000000e+00	0.00000000000000e+00
9	10	14	15	2.03922280995851e+02	-9.44517538111684e+01	3.00000000000000e-02	0.00000000000000e+00	0.00000000000000e+00
9	10	15	16	1.71765040731843e+02	-1.65411581872134e+02	3.00000000000000e-02	0.00000000000000e+00	0.00000000000000e+00
9	10	16	17	8.76781974230664e+01	-2.64521201421186e+02	3.00000000000000e-02	0.00000000000000e+00	0.00000000000000e+00
9	10	17	19	1.67366686164034e+02	-2.33142147736280e+02	3.00000000000000e-02	0.00000000000000e+00	0.00000000000000e+00
4	11	18	19	1.64827449342161e+02	-1.20046502510624e+02	3.00000000000000e-02	0.00000000000000e+00	0.00000000000000e+00
6	11	17	18	1.52337659855114e+02	-9.69044425428832e+01	3.00000000000000e-02	0.00000000000000e+00	0.00000000000000e+00
6	11	18	20	1.41705859692281e+02	-7.92237066955972e+01	3.00000000000000e-02	0.00000000000000e+00	0.00000000000000e+00
8	11	16	17	7.65273569409822e+01	-8.09856150494547e+01	3.00000000000000e-02	0.00000000000000e+00	0.00000000000000e+00
8	11	17	19	1.46528540789850e+02	-7.32921214010576e+01	3.00000000000000e-02	0.00000000000000e+00	0.00000000000000e+00
9	11	15	16	1.60826740677634e+02	-6.01212470384120e+01	3.00000000000000e-02	0.00000000000000e+00	0.00000000000000e+00
9	11	16	18	1.08919400690718e+02	-6.20029832927559e+01	3.00000000000000e-02	0.00000000000000e+00	0.00000000000000e+00
10	11	12	13	7.56379707873053e+01	-4.71693695120205e+00	3.00000000000000e-02	0.00000000000000e+00	0.00000000000000e+00
10	11	13	14	8.47784663801394e+01	-1.88295749121336e+01	3.00000000000000e-02	0.00000000000000e+00	0.00000000000000e+00
10	11	14	15	1.83353058739394e+02	-4.71160520155092e+01	3.00000000000000e-02	0.00000000000000e+00	0.00000000000000e+00
10	11	15	16	1.54532753071078e+02	-9.44507450988180e+01	3.00000000000000e-02	0.00000000000000e+00	0.00000000000000e+00
10	11	16	17	8.03580229608633e+01	-1.65421970127926e+02	3.00000000000000e-02	0.00000000000000e+00	0.00000000000000e+00
10	11	17	18	1.50022423744382e+02	-2.64530561486901e+02	3.00000000000000e-02	0.00000000000000e+00	0.00000000000000e+00
10	11	18	20	1.37687162039594e+02	-2.33146384606492e+02	3.00000000000000e-02	0.00000000000000e+00	0.00000000000000e+00
5	12	19	20	1.00210020654534e+02	-1.20040465469098e+02	3.00000000000000e-02	0.00000000000000e+00	0.00000000000000e+00
7	12	18	19	1.51022766711901e+02	-9.69094813954792e+01	3.00000000000000e-02	0.00000000000000e+00	0.00000000000000e+00
9	12	17	18	1.42860346673137e+02	-8.09870501948067e+01	3.00000000000000e-02	0.00000000000000e+00	0.00000000000000e+00
9	12	18	20	1.31913173783344e+02	-7.32924257888809e+01	3.00000000000000e-02	0.00000000000000e+00	0.00000000000000e+00
10	12	16	17	7.24389392900133e+01	-6.01247825715369e+01	3.00000000000000e-02	0.00000000000000e+00	0.00000000000000e+00
10	12	17	19	1.41819862184562e+02	-6.20058858799240e+01	3.00000000000000e-02	0.00000000000000e+00	0.00000000000000e+00
11	12	13	14	8.52975063359739e+01	-4.72102029799054e+00	3.00000000000000e-02	0.00000000000000e+00	0.00000000000000e+00
11	12	14	15	1.69860842339396e+02	-1.88298254197388e+01	3.00000000000000e-02	0.00000000000000e+00	0.00000000000000e+00
11	12	15	16	1.30586385908544e+02	-4.71126549661210e+01	3.00000000000000e-02	0.00000000000000e+00	0.00000000000000e+00
11	12	16	17	6.97484504153152e+01	-9.44560839402337e+01	3.00000000000000e-02	0.00000000000000e+00	0.00000000000000e+00
11	12	17	18	1.32968987295670e+02	-1.65427109619989e+02	3.00000000000000e-02	0.00000000000000e+00	0.00000000000000e+00
11	12	18	19	1.42601433996679e+02	-2.64549489359093e+02	3.00000000000000e-02	0.00000000000000e+00	0.00000000000000e+00
11	12	19	21	1.08806855559681e+02	-2.33115919785069e+02	3.00000000000000e-02	0.00000000000000e+00	0.00000000000000e+00
8	13	19	20	8.71019905254638e+01	-9.69016548838695e+01	3.00000000000000e-02	0.00000000000000e+00	0.00000000000000e+00
10	13	18	19	1.32796307465738e+02	-8.09921246787292e+01	3.00000000000000e-02	0.00000000000000e+00	0.00000000000000e+00
11	13	17	18	1.20596965204697e+02	-6.01244223995022e+01	3.00000000000000e-02	0.00000000000000e+00	0.00000000000000e+00
11	13	18	20	1.11268605658570e+02	-6.20056983647552e+01	3.00000000000000e-02	0.00000000000000e+00	0.00000000000000e+00
12	13	14	15	1.67301853061122e+02	-4.70820572523637e+00	3.00000000000000e-02	0.00000000000000e+00	0.00000000000000e+00
12	13	15	16	1.04222606742671e+02	-1.88200826933734e+01	3.00000000000000e-02	0.00000000000000e+00	0.00000000000000e+00
12	13	16	17	5.89624872608584e+01	-4.71093130135253e+01	3.00000000000000e-02	0.00000000000000e+00	0.00000000000000e+00
12	13	17	18	1.17212094956804e+02	-9.44535194462341e+01	3.00000000000000e-02	0.00000000000000e+00	0.00000000000000e+00
12	13	18	19	1.24662960385882e+02	-1.65436420609234e+02	3.00000000000000e-02	0.00000000000000e+00	0.00000000000000e+00
12	13	19	20	8.21415605915948e+01	-2.64516272212777e+02	3.00000000000000e-02	0.00000000000000e+00	0.00000000000000e+00
11	14	19	20	6.80166202054033e+01	-8.09837360163395e+01	3.00000000000000e-02	0.00000000000000e+00	0.00000000000000e+00
12	14	18	19	9.38300619066784e+01	-6.01332132165310e+01	3.00000000000000e-02	0.00000000000000e+00	0.00000000000000e+00
13	14	15	16	4.36103894786512e+01	-4.71633968142563e+00	3.00000000000000e-02	0.00000000000000e+00	0.00000000000000e+00
13	14	16	17	3.12918551948405e+01	-1.88266982701645e+01	3.00000000000000e-02	0.00000000000000e+00	0.00000000000000e+00
13	14	17	18	6.88350208431187e+01	-4.71169389866242e+01	3.00000000000000e-02	0.00000000000000e+00	0.00000000000000e+00
13	14	18	19	7.65285119494703e+01	-9.44721799135257e+01	3.00000000000000e-02	0.00000000000000e+00	0.00000000000000e+00
13	14	19	20	5.23150645427499e+01	-1.65419467530363e+02	3.00000000000000e-02	0.00000000000000e+00	0.00000000000000e+00
13	14	20	21	7.66959653996299e+01	-2.64442401965424e+02	3.00000000000000e-02	0.00000000000000e+00	0.00000000000000e+00
13	15	19	20	7.80274593342128e+01	-6.01242587933246e+01	3.00000000000000e-02	0.00000000000000e+00	0.00000000000000e+00
14	15	16	17	6.36896817030573e+01	-4.72135642031011e+00	3.00000000000000e-02	0.00000000000000e+00	0.00000000000000e+00
14	15	17	18	5.18772221788893e+01	-1.88318482114193e+01	3.00000000000000e-02	0.00000000000000e+00	0.00000000000000e+00
14	15	18	19	1.33241230010563e+02	-4.71308360342275e+01	3.00000000000000e-02	0.00000000000000e+00	0.00000000000000e+00
14	15	19	20	9.18111335536068e+01	-9.44556071880507e+01	3.00000000000000e-02	0.00000000000000e+00	0.00000000000000e+00
14	15	20	21	1.37140733659675e+02	-1.65361889870674e+02	3.00000000000000e-02	0.00000000000000e+00	0.00000000000000e+00
15	16	17	18	1.40175491506953e+02	-4.72144630544385e+00	3.00000000000000e-02	0.00000000000000e+00	0.00000000000000e+00
15	16	18	19	1.26399823361368e+02	-1.88381472062226e+01	3.00000000000000e-02	0.00000000000000e+00	0.00000000000000e+00
15	16	19	20	8.15670715526284e+01	-4.71093838380934e+01	3.00000000000000e-02	0.00000000000000e+00	0.00000000000000e+00
15	16	20	21	1.18899761869807e+02	-9.44075985722168e+01	3.00000000000000e-02	0.00000000000000e+00	0.00000000000000e+00
16	17	18	19	5.07492579176436e+01	-4.72816236398938e+00	3.00000000000000e-02	0.00000000000000e+00	0.00000000000000e+00
16	17	19	20	3.58218171484986e+01	-1.88185260874469e+01	3.00000000000000e-02	0.00000000000000e+00	0.00000000000000e+00
16	17	20	21	5.35865782356963e+01	-4.70801073938643e+01	3.00000000000000e-02	0.00000000000000e+00	0.00000000000000e+00
17	18	19	20	5.15631091899075e+01	-4.70140315017939e+00	3.00000000000000e-02	0.00000000000000e+00	0.00000000000000e+00
17	18	20	21	5.88580287770337e+01	-1.88053231700567e+01	3.00000000000000e-02	0.00000000000000e+00	0.00000000000000e+00
18	19	20	21	1.23670385627306e+02	-4.72339866809150e+00	3.00000000000000e-02	0.00000000000000e+00	0.00000000000000e+00
1	4	2	3	9.23645270719747e+01	1.57497164426031e+00	3.00000000000000e-02	0.00000000000000e+00	0.00000000000000e+00
2	5	3	4	8.83040969130139e+01	1.57394707136465e+00	3.00000000000000e-02	0.00000000000000e+00	0.00000000000000e+00
3	6	4	5	1.06129894567107e+02	1.56988525118642e+00	3.00000000000000e-02	0.00000000000000e+00	0.00000000000000e+00
4	7	5	6	5.81771809045812e+01	1.57193564166834e+00	3.00000000000000e-02	0.00000000000000e+00	0.00000000000000e+00
2	8	4	6	8.81876012543549e+01	3.14236341996910e+00	3.00000000000000e-02	0.00000000000000e+00	0.00000000000000e+00
5	8	6	7	1.03210500833802e+02	1.57534321028695e+00	3.00000000000000e-02	0.00000000000000e+00	0.00000000000000e+00
3	9	5	7	1.10794292689735e+02	3.14238733591625e+00	3.00000000000000e-02	0.00000000000000e+00	0.00000000000000e+00
6	9	7	8	9.38271767531223e+01	1.56800945134098e+00	3.00000000000000e-02	0.00000000000000e+00	0.00000000000000e+00
4	10	6	8	1.30769441252598e+02	3.14250659654288e+00	3.00000000000000e-02	0.00000000000000e+00	0.00000000000000e+00
7	10	8	9	5.32054306033533e+01	1.57570553316354e+00	3.00000000000000e-02	0.00000000000000e+00	0.00000000000000e+00
2	11	5	8	1.42938553800530e+02	4.71853411020796e+00	3.00000000000000e-02	0.00000000000000e+00	0.00000000000000e+00
2	11	6	7	1.84058361866189e+02	1.57367294966860e+01	3.00000000000000e-02	0.00000000000000e+00	0.00000000000000e+00
5	11	7	9	9.41404101719723e+01	3.14219278880819e+00	3.00000000000000e-02	0.00000000000000e+00	0.00000000000000e+00
8	11	9	10	1.07792554961945e+02	1.56858987363022e+00	3.00000000000000e-02	0.00000000000000e+00	0.00000000000000e+00
3	12	6	9	1.38925026974375e+02	4.71872841373230e+00	3.00000000000000e-02	0.00000000000000e+00	0.00000000000000e+00
3	12	7	8	1.54415081010019e+02	1.57344521307727e+01	3.00000000000000e-02	0.00000000000000e+00	0.00000000000000e+00
6	12	8	10	9.29234914684825e+01	3.14254523980732e+00	3.00000000000000e-02	0.00000000000000e+00	0.00000000000000e+00
9	12	10	11	7.85487796567485e+01	1.57245999537060e+00	3.00000000000000e-02	0.00000000000000e+00	0.00000000000000e+00
4	13	7	10	1.30681612164881e+02	4.71878688681916e+00	3.00000000000000e-02	0.00000000000000e+00	0.00000000000000e+00
4	13	8	9	9.47568378151468e+01	1.57375935783870e+01	3.00000000000000e-02	0.00000000000000e+00	0.00000000000000e+00
7	13	9	11	1.23032903039000e+02	3.14253064524698e+00	3.00000000000000e-02	0.00000000000000e+00	0.00000000000000e+00
10	13	11	12	9.16862723181185e+01	1.57116762461325e+00	3.00000000000000e-02	0.00000000000000e+00	0.00000000000000e+00
2	14	6	10	1.78715052738575e+02	6.29207458098296e+00	3.00000000000000e-02	0.00000000000000e+00	0.00000000000000e+00
2	14	7	9	1.55152340290118e+02	1.37629369025758e+01	3.00000000000000e-02	0.00000000000000e+00	0.00000000000000e+00
5	14	8	11	1.42368023659929e+02	4.71897006758289e+00	3.00000000000000e-02	0.00000000000000e+00	0.00000000000000e+00
5	14	9	10	1.70870117224362e+02	1.57357802705998e+01	3.00000000000000e-02	0.00000000000000e+00	0.00000000000000e+00
8	14	10	12	1.32333852471544e+02	3.14220236190297e+00	3.00000000000000e-02	0.00000000000000e+00	0.00000000000000e+00
11	14	12	13	1.15988058861865e+02	1.57067277570332e+00	3.00000000000000e-02	0.00000000000000e+00	0.00000000000000e+00
3	15	7	11	1.60760670438102e+02	6.29197813073538e+00	3.00000000000000e-02	0.00000000000000e+00	0.00000000000000e+00
3	15	8	10	1.49516477136292e+02	1.37631957597728e+01	3.00000000000000e-02	0.00000000000000e+00	0.00000000000000e+00
6	15	9	12	1.31303832058536e+02	4.71864446459633e+00	3.00000000000000e-02	0.00000000000000e+00	0.00000000000000e+00
6	15	10	11	1.35004591039806e+02	1.57361213341686e+01	3.00000000000000e-02	0.00000000000000e+00	0.00000000000000e+00
9	15	11	13	1.04089114443371e+02	3.14214214603798e+00	3.00000000000000e-02	0.00000000000000e+00	0.00000000000000e+00
12	15	13	14	6.78525108596399e+01	1.57215934779558e+00	3.00000000000000e-02	0.00000000000000e+00	0.00000000000000e+00
4	16	8	12	1.42378510056153e+02	6.29230534909682e+00	3.00000000000000e-02	0.00000000000000e+00	0.00000000000000e+00
4	16	9	11	1.66589188449406e+02	1.37631517225220e+01	3.00000000000000e-02	0.00000000000000e+00	0.00000000000000e+00
7	16	10	13	1.29137804792357e+02	4.71881069597091e+00	3.00000000000000e-02	0.00000000000000e+00	0.00000000000000e+00
7	16	11	12	1.34692667016629e+02	1.57363011973593e+01	3.00000000000000e-02	0.00000000000000e+00	0.00000000000000e+00
10	16	12	14	8.73551026782507e+01	3.14217945808217e+00	3.00000000000000e-02	0.00000000000000e+00	0.00000000000000e+00
13	16	14	15	1.25969380314673e+02	1.57134492812060e+00	3.00000000000000e-02	0.00000000000000e+00	0.00000000000000e+00
2	17	7	12	1.73033315767998e+02	7.86125582179731e+00	3.00000000000000e-02	0.00000000000000e+00	0.00000000000000e+00
2	17	8	11	1.69307998872601e+02	1.41470791273679e+01	3.00000000000000e-02	0.00000000000000e+00	0.00000000000000e+00
2	17	9	10	2.00623256334003e+02	4.40067507949257e+01	3.00000000000000e-02	0.00000000000000e+00	0.00000000000000e+00
5	17	9	13	1.59448859953347e+02	6.29208008907814e+00	3.00000000000000e-02	0.00000000000000e+00	0.00000000000000e+00
5	17	10	12	1.63000226748345e+02	1.37631912615125e+01	3.00000000000000e-02	0.00000000000000e+00	0.00000000000000e+00
8	17	11	14	1.18989580820097e+02	4.71856942734143e+00	3.00000000000000e-02	0.00000000000000e+00	0.00000000000000e+00
8	17	12	13	1.35036675596283e+02	1.57352575157727e+01	3.00000000000000e-02	0.00000000000000e+00	0.00000000000000e+00
11	17	13	15	1.25012599835470e+02	3.14271779568034e+00	3.00000000000000e-02	0.00000000000000e+00	0.00000000000000e+00
14	17	15	16	1.05929786369011e+02	1.57220672443672e+00	3.00000000000000e-02	0.00000000000000e+00	0.00000000000000e+00
3	18	8	13	1.64890343897673e+02	7.86135476370085e+00	3.00000000000000e-02	0.00000000000000e+00	0.00000000000000e+00
3	18	9	12	1.86707268961498e+02	1.41469550725883e+01	3.00000000000000e-02	0.00000000000000e+00	0.00000000000000e+00
3	18	10	11	1.87971295458732e+02	4.40072612437537e+01	3.00000000000000e-02	0.00000000000000e+00	0.00000000000000e+00
6	18	10	14	1.34816880911872e+02	6.29215077390634e+00	3.00000000000000e-02	0.00000000000000e+00	0.00000000000000e+00
6	18	11	13	1.49410885272726e+02	1.37629776411870e+01	3.00000000000000e-02	0.00000000000000e+00	0.00000000000000e+00
9	18	12	15	1.32507447504977e+02	4.71889258285116e+00	3.00000000000000e-02	0.00000000000000e+00	0.00000000000000e+00
9	18	13	14	9.60513844506216e+01	1.57364803301945e+01	3.00000000000000e-02	0.00000000000000e+00	0.00000000000000e+00
12	18	14	16	1.59058828460347e+02	3.14284641433769e+00	3.00000000000000e-02	0.00000000000000e+00	0.00000000000000e+00
15	18	16	17	4.95437040915661e+01	1.57342039613839e+00	3.00000000000000e-02	0.00000000000000e+00	0.00000000000000e+00
4	19	9	14	1.55027261501370e+02	7.86126353934862e+00	3.00000000000000e-02	0.00000000000000e+00	0.00000000000000e+00
4	19	10	13	1.66711427823663e+02	1.41469096869278e+01	3.00000000000000e-02	0.00000000000000e+00	0.00000000000000e+00
4	19	11	12	1.68836726043808e+02	4.40069765192026e+01	3.00000000000000e-02	0.00000000000000e+00	0.00000000000000e+00
7	19	11	15	1.56496240724072e+02	6.29206500177197e+00	3.00000000000000e-02	0.00000000000000e+00	0.00000000000000e+00
7	19	12	14	1.33192742417955e+02	1.37628367059929e+01	3.00000000000000e-02	0.00000000000000e+00	0.00000000000000e+00
10	19	13	16	1.46523483536621e+02	4.71866402817930e+00	3.00000000000000e-02	0.00000000000000e+00	0.00000000000000e+00
10	19	14	15	1.96137290837204e+02	1.57360513179510e+01	3.00000000000000e-02	0.00000000000000e+00	0.00000000000000e+00
13	19	15	17	9.73009776774792e+01	3.14192368003330e+00	3.00000000000000e-02	0.00000000000000e+00	0.00000000000000e+00
16	19	17	18	9.91653527453355e+01	1.57052576744828e+00	3.00000000000000e-02	0.00000000000000e+00	0.00000000000000e+00
2	20	8	14	1.84724097083426e+02	9.42941353755581e+00	3.00000000000000e-02	0.00000000000000e+00	0.00000000000000e+00
2	20	9	13	2.13994275077073e+02	1.51234840829604e+01	3.00000000000000e-02	0.00000000000000e+00	0.00000000000000e+00
2	20	10	12	2.15244162537465e+02	3.14225972247313e+01	3.00000000000000e-02	0.00000000000000e+00	0.00000000000000e+00
5	20	10	15	1.78651834390701e+02	7.86129389411461e+00	3.00000000000000e-02	0.00000000000000e+00	0.00000000000000e+00
5	20	11	14	1.58775748422288e+02	1.41468492989903e+01	3.00000000000000e-02	0.00000000000000e+00	0.00000000000000e+00
5	20	12	13	1.74713648058187e+02	4.40063694831197e+01	3.00000000000000e-02	0.00000000000000e+00	0.00000000000000e+00
8	20	12	16	1.74097966449521e+02	6.29191677838247e+00	3.00000000000000e-02	0.00000000000000e+00	0.00000000000000e+00
8	20	13	15	1.80037612167086e+02	1.37628703477523e+01	3.00000000000000e-02	0.00000000000000e+00	0.00000000000000e+00
11	20	14	17	1.58829487274597e+02	4.71874005919899e+00	3.00000000000000e-02	0.00000000000000e+00	0.00000000000000e+00
11	20	15	16	1.83170716874841e+02	1.57359103180194e+01	3.00000000000000e-02	0.00000000000000e+00	0.00000000000000e+00
14	20	16	18	8.15204933707602e+01	3.14225612665930e+00	3.00000000000000e-02	0.00000000000000e+00	0.00000000000000e+00
17	20	18	19	9.82568665742027e+01	1.57450563295835e+00	3.00000000000000e-02	0.00000000000000e+00	0.00000000000000e+00
3	21	9	15	2.07211717397084e+02	9.42985880572877e+00	3.00000000000000e-02	0.00000000000000e+00	0.00000000000000e+00
3	21	10	14	1.88038432139678e+02	1.51241399613672e+01	3.00000000000000e-02	0.00000000000000e+00	0.00000000000000e+00
3	21	11	13	2.01717500038478e+02	3.14235486428414e+01	3.00000000000000e-02	0.00000000000000e+00	0.00000000000000e+00
6	21	11	16	1.82900788200910e+02	7.86189889189869e+00	3.00000000000000e-02	0.00000000000000e+00	0.00000000000000e+00
6	21	12	15	1.85083816647357e+02	1.41477592948707e+01	3.00000000000000e-02	0.00000000000000e+00	0.00000000000000e+00
6	21	13	14	1.30817686104216e+02	4.40093140804765e+01	3.00000000000000e-02	0.00000000000000e+00	0.00000000000000e+00
9	21	13	17	1.55552969297164e+02	6.29305407744754e+00	3.00000000000000e-02	0.00000000000000e+00	0.00000000000000e+00
9	21	14	16	2.20785680286788e+02	1.37646074704514e+01	3.00000000000000e-02	0.00000000000000e+00	0.00000000000000e+00
12	21	15	18	1.36593710567573e+02	4.72023576581483e+00	3.00000000000000e-02	0.00000000000000e+00	0.00000000000000e+00
12	21	16	17	8.74379539396165e+01	1.57398390588307e+01	3.00000000000000e-02	0.00000000000000e+00	0.00000000000000e+00
15	21	17	19	1.21937239800953e+02	3.14587445630796e+00	3.00000000000000e-02	0.00000000000000e+00	0.00000000000000e+00
18	21	19	20	5.63282895073273e+01	1.57714289934671e+00	3.00000000000000e-02	0.00000000000000e+00	0.00000000000000e+00
1	4	2	3	9.22583739831515e+01	1.57497164426031e+00	3.00000000000000e-02	0.00000000000000e+00	0.00000000000000e+00
1	5	2	3	9.36759859786306e+01	2.36919274994513e+00	3.00000000000000e-02	0.00000000000000e+00	0.00000000000000e+00
1	5	3	4	8.85253196383968e+01	2.36220589978031e+00	3.00000000000000e-02	0.00000000000000e+00	0.00000000000000e+00
1	6	2	3	9.64410975861583e+01	2.71034431396689e+00	3.00000000000000e-02	0.00000000000000e+00	0.00000000000000e+00
1	6	3	4	1.06335322321071e+02	4.71676945724474e+00	3.00000000000000e-02	0.00000000000000e+00	0.00000000000000e+00
1	6	4	5	1.13760418139603e+02	2.69565507636247e+00	3.00000000000000e-02	0.00000000000000e+00	0.00000000000000e+00
1	7	3	4	1.04176418394204e+02	6.29183436978054e+00	3.00000000000000e-02	0.00000000000000e+00	0.00000000000000e+00
1	7	4	5	1.00450084518894e+02	6.28500450610942e+00	3.00000000000000e-02	0.00000000000000e+00	0.00000000000000e+00
1	7	5	6	4.56312353599630e+01	2.85328968953966e+00	3.00000000000000e-02	0.00000000000000e+00	0.00000000000000e+00
1	7	2	3	9.36222117200366e+01	2.87577250295761e+00	3.00000000000000e-02	0.00000000000000e+00	0.00000000000000e+00
1	8	2	3	9.75469428082879e+01	2.96608861777726e+00	3.00000000000000e-02	0.00000000000000e+00	0.00000000000000e+00
1	8	3	4	1.12466309978387e+02	7.26151278269541e+00	3.00000000000000e-02	0.00000000000000e+00	0.00000000000000e+00
1	8	4	5	1.16708885970501e+02	9.43681662843451e+00	3.00000000000000e-02	0.00000000000000e+00	0.00000000000000e+00
1	8	5	6	6.56220747903927e+01	7.25399164638878e+00	3.00000000000000e-02	0.00000000000000e+00	0.00000000000000e+00
1	8	6	7	8.74514487949702e+01	2.95825859030811e+00	3.00000000000000e-02	0.00000000000000e+00	0.00000000000000e+00
1	9	3	4	8.46409731185269e+01	7.86604212880002e+00	3.00000000000000e-02	0.00000000000000e+00	0.00000000000000e+00
1	9	4	5	1.23364308854454e+02	1.17996641626849e+01	3.00000000000000e-02	0.00000000000000e+00	0.00000000000000e+00
1	9	5	6	8.07062312229274e+01	1.17970869471624e+01	3.00000000000000e-02	0.00000000000000e+00	0.00000000000000e+00
1	9	6	7	1.38642006213958e+02	7.85627298306018e+00	3.00000000000000e-02	0.00000000000000e+00	0.00000000000000e+00
1	9	2	3	9.33005086051052e+01	3.02023542186293e+00	3.00000000000000e-02	0.00000000000000e+00	0.00000000000000e+00
1	9	7	8	1.31994764890924e+02	2.99281389833834e+00	3.00000000000000e-02	0.00000000000000e+00	0.00000000000000e+00
1	10	3	4	1.03187664189858e+02	8.25871303862992e+00	3.00000000000000e-02	0.00000000000000e+00	0.00000000000000e+00
1	10	4	5	1.26182333554995e+02	1.34842455411332e+01	3.00000000000000e-02	0.00000000000000e+00	0.00000000000000e+00
1	10	5	6	8.69359623761910e+01	1.57385480861209e+01	3.00000000000000e-02	0.00000000000000e+00	0.00000000000000e+00
1	10	6	7	1.57821430418491e+02	1.34812910912974e+01	3.00000000000000e-02	0.00000000000000e+00	0.00000000000000e+00
1	10	7	8	1.25337394045179e+02	8.24441671842365e+00	3.00000000000000e-02	0.00000000000000e+00	0.00000000000000e+00
1	10	8	9	3.56299599945691e+01	3.03794752816428e+00	3.00000000000000e-02	0.00000000000000e+00	0.00000000000000e+00
1	10	2	3	9.26231852403540e+01	3.05511637674583e+00	3.00000000000000e-02	0.00000000000000e+00	0.00000000000000e+00
1	11	3	4	8.97630772169280e+01	8.52483258784075e+00	3.00000000000000e-02	0.00000000000000e+00	0.00000000000000e+00
1	11	4	5	1.27984733176009e+02	1.46809027051653e+01	3.00000000000000e-02	0.00000000000000e+00	0.00000000000000e+00
1	11	5	6	9.21468065040332e+01	1.88852125616190e+01	3.00000000000000e-02	0.00000000000000e+00	0.00000000000000e+00
1	11	6	7	1.76875563965312e+02	1.88836062491392e+01	3.00000000000000e-02	0.00000000000000e+00	0.00000000000000e+00
1	11	7	8	1.47435276589213e+02	1.46730967943086e+01	3.00000000000000e-02	0.00000000000000e+00	0.00000000000000e+00
1	11	8	9	7.66381915603067e+01	8.51290479298809e+00	3.00000000000000e-02	0.00000000000000e+00	0.00000000000000e+00
1	11	9	10	6.22026728314067e+01	3.05434601166723e+00	3.00000000000000e-02	0.00000000000000e+00	0.00000000000000e+00
1	11	2	3	9.23015152272893e+01	3.07884157492968e+00	3.00000000000000e-02	0.00000000000000e+00	0.00000000000000e+00
1	12	2	3	9.48656171309666e+01	3.09568167635193e+00	3.00000000000000e-02	0.00000000000000e+00	0.00000000000000e+00
1	12	3	4	1.15259235716783e+02	8.71215792624044e+00	3.00000000000000e-02	0.00000000000000e+00	0.00000000000000e+00
1	12	4	5	1.33090222405723e+02	1.55435470160531e+01	3.00000000000000e-02	0.00000000000000e+00	0.00000000000000e+00
1	12	5	6	9.81726670707816e+01	2.13190819972511e+01	3.00000000000000e-02	0.00000000000000e+00	0.00000000000000e+00
1	12	6	7	1.95771780535860e+02	2.36017766014401e+01	3.00000000000000e-02	0.00000000000000e+00	0.00000000000000e+00
1	12	7	8	1.69819323685979e+02	2.13130940990254e+01	3.00000000000000e-02	0.00000000000000e+00	0.00000000000000e+00
1	12	8	9	9.56254150023379e+01	1.55380345064472e+01	3.00000000000000e-02	0.00000000000000e+00	0.00000000000000e+00
1	12	9	10	1.32622045592690e+02	8.69755417640702e+00	3.00000000000000e-02	0.00000000000000e+00	0.00000000000000e+00
1	12	10	11	1.80863145862598e+01	3.07520825838031e+00	3.00000000000000e-02	0.00000000000000e+00	0.00000000000000e+00
1	13	2	3	2.56586061353729e+01	3.10805074118474e+00	3.00000000000000e-02	0.00000000000000e+00	0.00000000000000e+00
1	13	3	4	3.86548597549401e+01	8.84836062778610e+00	3.00000000000000e-02	0.00000000000000e+00	0.00000000000000e+00
1	13	4	5	1.22359734390745e+02	1.61778528984605e+01	3.00000000000000e-02	0.00000000000000e+00	0.00000000000000e+00
1	13	5	6	9.29455867953305e+01	2.31879339169462e+01	3.00000000000000e-02	0.00000000000000e+00	0.00000000000000e+00
1	13	6	7	1.90680826615248e+02	2.75295321263466e+01	3.00000000000000e-02	0.00000000000000e+00	0.00000000000000e+00
1	13	7	8	1.70813813251893e+02	2.75256200018198e+01	3.00000000000000e-02	0.00000000000000e+00	0.00000000000000e+00
1	13	8	9	1.01076239665155e+02	2.31838467775032e+01	3.00000000000000e-02	0.00000000000000e+00	0.00000000000000e+00
1	13	9	10	1.49257557267477e+02	1.61706710047168e+01	3.00000000000000e-02	0.00000000000000e+00	0.00000000000000e+00
1	13	10	11	1.34290525308119e+02	8.83554239504955e+00	3.00000000000000e-02	0.00000000000000e+00	0.00000000000000e+00
1	13	11	12	1.11848987287886e+02	3.08916221184046e+00	3.00000000000000e-02	0.00000000000000e+00	0.00000000000000e+00
1	14	2	3	2.74747526480761e+01	3.11739466833642e+00	3.00000000000000e-02	0.00000000000000e+00	0.00000000000000e+00
1	14	3	4	4.90131677381950e+01	8.95016603360249e+00	3.00000000000000e-02	0.00000000000000e+00	0.00000000000000e+00
1	14	4	5	1.23552305225482e+02	1.66539025378001e+01	3.00000000000000e-02	0.00000000000000e+00	0.00000000000000e+00
1	14	5	6	9.52251594273564e+01	2.46284490575011e+01	3.00000000000000e-02	0.00000000000000e+00	0.00000000000000e+00
1	14	6	7	1.99921210180282e+02	3.07272329335603e+01	3.00000000000000e-02	0.00000000000000e+00	0.00000000000000e+00
1	14	7	8	1.84725243391933e+02	3.30208507725739e+01	3.00000000000000e-02	0.00000000000000e+00	0.00000000000000e+00
1	14	8	9	1.14718747843765e+02	3.07244777675674e+01	3.00000000000000e-02	0.00000000000000e+00	0.00000000000000e+00
1	14	9	10	1.79109520877427e+02	2.46218283900884e+01	3.00000000000000e-02	0.00000000000000e+00	0.00000000000000e+00
1	14	10	11	1.18617710164834e+02	1.66468847417218e+01	3.00000000000000e-02	0.00000000000000e+00	0.00000000000000e+00
1	14	11	12	1.72913152031375e+02	8.93705012075598e+00	3.00000000000000e-02	0.00000000000000e+00	0.00000000000000e+00
1	14	12	13	1.46744115550286e+02	3.09258562222549e+00	3.00000000000000e-02	0.00000000000000e+00	0.00000000000000e+00
1	15	2	3	9.18957414151403e+01	3.12462143797527e+00	3.00000000000000e-02	0.00000000000000e+00	0.00000000000000e+00
1	15	3	4	1.12350056182327e+02	9.02808921068162e+00	3.00000000000000e-02	0.00000000000000e+00	0.00000000000000e+00
1	15	4	5	1.29526138591223e+02	1.70182588895853e+01	3.00000000000000e-02	0.00000000000000e+00	0.00000000000000e+00
1	15	5	6	9.89390180256133e+01	2.57489409167623e+01	3.00000000000000e-02	0.00000000000000e+00	0.00000000000000e+00
1	15	6	7	2.06476388728265e+02	3.33088215924349e+01	3.00000000000000e-02	0.00000000000000e+00	0.00000000000000e+00
1	15	7	8	1.89972411733923e+02	3.77312690141419e+01	3.00000000000000e-02	0.00000000000000e+00	0.00000000000000e+00
1	15	8	9	1.17821486869031e+02	3.77322163695389e+01	3.00000000000000e-02	0.00000000000000e+00	0.00000000000000e+00
1	15	9	10	1.83445525025288e+02	3.33034133927262e+01	3.00000000000000e-02	0.00000000000000e+00	0.00000000000000e+00
1	15	10	11	5.23238402744038e+01	2.57419403799038e+01	3.00000000000000e-02	0.00000000000000e+00	0.00000000000000e+00
1	15	11	12	1.80287969047549e+02	1.70107061421474e+01	3.00000000000000e-02	0.00000000000000e+00	0.00000000000000e+00
1	15	12	13	5.74135184131572e+01	9.01234721281983e+00	3.00000000000000e-02	0.00000000000000e+00	0.00000000000000e+00
1	15	13	14	1.90746545826050e-01	3.10345210714873e+00	3.00000000000000e-02	0.00000000000000e+00	0.00000000000000e+00
1	16	2	3	1.97025064485096e+01	3.13032348627753e+00	3.00000000000000e-02	0.00000000000000e+00	0.00000000000000e+00
1	16	3	4	4.21788971679445e+01	9.08896714654232e+00	3.00000000000000e-02	0.00000000000000e+00	0.00000000000000e+00
1	16	4	5	1.20090110025696e+02	1.73022304607291e+01	3.00000000000000e-02	0.00000000000000e+00	0.00000000000000e+00
1	16	5	6	9.27288715761224e+01	2.66304634544271e+01	3.00000000000000e-02	0.00000000000000e+00	0.00000000000000e+00
1	16	6	7	1.94554594980079e+02	3.53917090180928e+01	3.00000000000000e-02	0.00000000000000e+00	0.00000000000000e+00
1	16	7	8	1.80096821798646e+02	4.17003729710700e+01	3.00000000000000e-02	0.00000000000000e+00	0.00000000000000e+00
1	16	8	9	1.12999650887042e+02	4.40096630278904e+01	3.00000000000000e-02	0.00000000000000e+00	0.00000000000000e+00
1	16	9	10	1.77208392660085e+02	4.16989377298886e+01	3.00000000000000e-02	0.00000000000000e+00	0.00000000000000e+00
1	16	10	11	9.99091230857340e+01	3.53862282878858e+01	3.00000000000000e-02	0.00000000000000e+00	0.00000000000000e+00
1	16	11	12	1.74422060741742e+02	2.66235097897317e+01	3.00000000000000e-02	0.00000000000000e+00	0.00000000000000e+00
1	16	12	13	1.10567459250960e+02	1.72938105990894e+01	3.00000000000000e-02	0.00000000000000e+00	0.00000000000000e+00
1	16	13	14	5.93191085173108e+01	9.07498734306490e+00	3.00000000000000e-02	0.00000000000000e+00	0.00000000000000e+00
1	16	14	15	1.94516723005949e+01	3.11144614631255e+00	3.00000000000000e-02	0.00000000000000e+00	0.00000000000000e+00
1	17	2	3	1.80324161972601e+01	3.13490020205664e+00	3.00000000000000e-02	0.00000000000000e+00	0.00000000000000e+00
1	17	3	4	3.82746620135621e+01	9.13738111477322e+00	3.00000000000000e-02	0.00000000000000e+00	0.00000000000000e+00
1	17	4	5	1.20264110238596e+02	1.75272256219571e+01	3.00000000000000e-02	0.00000000000000e+00	0.00000000000000e+00
1	17	5	6	9.35290549723549e+01	2.73324122996674e+01	3.00000000000000e-02	0.00000000000000e+00	0.00000000000000e+00
1	17	6	7	1.98311539008599e+02	3.70786663317252e+01	3.00000000000000e-02	0.00000000000000e+00	0.00000000000000e+00
1	17	7	8	1.86671819589822e+02	4.50173922120025e+01	3.00000000000000e-02	0.00000000000000e+00	0.00000000000000e+00
1	17	8	9	1.20006600556476e+02	4.95050185247804e+01	3.00000000000000e-02	0.00000000000000e+00	0.00000000000000e+00
1	17	9	10	1.94105632202968e+02	4.95024730633690e+01	3.00000000000000e-02	0.00000000000000e+00	0.00000000000000e+00
1	17	10	11	1.79636347450170e+02	4.50157742475091e+01	3.00000000000000e-02	0.00000000000000e+00	0.00000000000000e+00
1	17	11	12	1.73248488953127e+02	3.70729329820652e+01	3.00000000000000e-02	0.00000000000000e+00	0.00000000000000e+00
1	17	12	13	1.46831439417562e+02	2.73246959043249e+01	3.00000000000000e-02	0.00000000000000e+00	0.00000000000000e+00
1	17	13	14	8.97630571596659e+01	1.75202125853273e+01	3.00000000000000e-02	0.00000000000000e+00	0.00000000000000e+00
1	17	14	15	1.45741752009280e+02	9.12488508000178e+00	3.00000000000000e-02	0.00000000000000e+00	0.00000000000000e+00
1	17	15	16	5.99108205706885e+01	3.11608684825934e+00	3.00000000000000e-02	0.00000000000000e+00	0.00000000000000e+00
1	18	2	3	9.11454630536733e+01	3.13862868169909e+00	3.00000000000000e-02	0.00000000000000e+00	0.00000000000000e+00
1	18	3	4	1.11413553984677e+02	9.17648617802828e+00	3.00000000000000e-02	0.00000000000000e+00	0.00000000000000e+00
1	18	4	5	1.28290158558365e+02	1.77081639874674e+01	3.00000000000000e-02	0.00000000000000e+00	0.00000000000000e+00
1	18	5	6	9.89538583782177e+01	2.78981379538642e+01	3.00000000000000e-02	0.00000000000000e+00	0.00000000000000e+00
1	18	6	7	2.09411299919226e+02	3.84536551806298e+01	3.00000000000000e-02	0.00000000000000e+00	0.00000000000000e+00
1	18	7	8	1.97719277988497e+02	4.77827481677808e+01	3.00000000000000e-02	0.00000000000000e+00	0.00000000000000e+00
1	18	8	9	1.28370284106794e+02	5.42500577308567e+01	3.00000000000000e-02	0.00000000000000e+00	0.00000000000000e+00
1	18	9	10	2.10563645135237e+02	5.65655720892949e+01	3.00000000000000e-02	0.00000000000000e+00	0.00000000000000e+00
1	18	10	11	6.65162080683444e+01	5.42471338136999e+01	3.00000000000000e-02	0.00000000000000e+00	0.00000000000000e+00
1	18	11	12	2.53181500784934e+02	4.77808226346923e+01	3.00000000000000e-02	0.00000000000000e+00	0.00000000000000e+00
1	18	12	13	1.46474513383777e+02	3.84471760383272e+01	3.00000000000000e-02	0.00000000000000e+00	0.00000000000000e+00
1	18	13	14	9.34872003454435e+01	2.78915572020620e+01	3.00000000000000e-02	0.00000000000000e+00	0.00000000000000e+00
1	18	14	15	1.56150708444096e+02	1.77025964193752e+01	3.00000000000000e-02	0.00000000000000e+00	0.00000000000000e+00
1	18	15	16	2.15535218213556e+01	9.16457474449924e+00	3.00000000000000e-02	0.00000000000000e+00	0.00000000000000e+00
1	18	16	17	4.06544904304450e-02	3.12217694455542e+00	3.00000000000000e-02	0.00000000000000e+00	0.00000000000000e+00
1	19	2	3	9.09762608604889e+01	3.14170583406390e+00	3.00000000000000e-02	0.00000000000000e+00	0.00000000000000e+00
1	19	3	4	1.11306898847628e+02	9.20850628320629e+00	3.00000000000000e-02	0.00000000000000e+00	0.00000000000000e+00
1	19	4	5	1.27928966195889e+02	1.78556277429385e+01	3.00000000000000e-02	0.00000000000000e+00	0.00000000000000e+00
1	19	5	6	9.86729653659806e+01	2.83593529209171e+01	3.00000000000000e-02	0.00000000000000e+00	0.00000000000000e+00
1	19	6	7	2.09039155038775e+02	3.95828774654236e+01	3.00000000000000e-02	0.00000000000000e+00	0.00000000000000e+00
1	19	7	8	1.97949945183648e+02	5.00909571015936e+01	3.00000000000000e-02	0.00000000000000e+00	0.00000000000000e+00
1	19	8	9	1.29925868866040e+02	5.83168541498342e+01	3.00000000000000e-02	0.00000000000000e+00	0.00000000000000e+00
1	19	9	10	2.15026196064874e+02	6.28465112934206e+01	3.00000000000000e-02	0.00000000000000e+00	0.00000000000000e+00
1	19	10	11	1.60277493045649e+02	6.28460322805172e+01	3.00000000000000e-02	0.00000000000000e+00	0.00000000000000e+00
1	19	11	12	1.98734755347020e+02	5.83128199299959e+01	3.00000000000000e-02	0.00000000000000e+00	0.00000000000000e+00
1	19	12	13	1.59899569370873e+02	5.00874165194549e+01	3.00000000000000e-02	0.00000000000000e+00	0.00000000000000e+00
1	19	13	14	1.06354607831176e+02	3.95757219255914e+01	3.00000000000000e-02	0.00000000000000e+00	0.00000000000000e+00
1	19	14	15	1.82682791549703e+02	2.83516166832007e+01	3.00000000000000e-02	0.00000000000000e+00	0.00000000000000e+00
1	19	15	16	1.35508021103784e+02	1.78469338811930e+01	3.00000000000000e-02	0.00000000000000e+00	0.00000000000000e+00
1	19	16	17	5.14442950203755e+01	9.19196360335906e+00	3.00000000000000e-02	0.00000000000000e+00	0.00000000000000e+00
1	19	17	18	3.38377672961352e+01	3.11360888652937e+00	3.00000000000000e-02	0.00000000000000e+00	0.00000000000000e+00
1	20	2	3	9.02847062026890e+01	3.14427478591241e+00	3.00000000000000e-02	0.00000000000000e+00	0.00000000000000e+00
1	20	3	4	1.11029248247644e+02	9.23504468647747e+00	3.00000000000000e-02	0.00000000000000e+00	0.00000000000000e+00
1	20	4	5	1.27666816345971e+02	1.79772664841677e+01	3.00000000000000e-02	0.00000000000000e+00	0.00000000000000e+00
1	20	5	6	9.86968013785737e+01	2.87394702618590e+01	3.00000000000000e-02	0.00000000000000e+00	0.00000000000000e+00
1	20	6	7	2.09906258703381e+02	4.05178288000751e+01	3.00000000000000e-02	0.00000000000000e+00	0.00000000000000e+00
1	20	7	8	2.00155522002069e+02	5.20243913982306e+01	3.00000000000000e-02	0.00000000000000e+00	0.00000000000000e+00
1	20	8	9	1.32852025963990e+02	6.17919273875646e+01	3.00000000000000e-02	0.00000000000000e+00	0.00000000000000e+00
1	20	9	10	2.23370084851008e+02	6.83703650532920e+01	3.00000000000000e-02	0.00000000000000e+00	0.00000000000000e+00
1	20	10	11	7.37871890262758e+01	7.06963448302953e+01	3.00000000000000e-02	0.00000000000000e+00	0.00000000000000e+00
1	20	11	12	2.90221427865955e+02	6.83692770555688e+01	3.00000000000000e-02	0.00000000000000e+00	0.00000000000000e+00
1	20	12	13	1.74193275796472e+02	6.17870979148611e+01	3.00000000000000e-02	0.00000000000000e+00	0.00000000000000e+00
1	20	13	14	1.20223512253284e+02	5.20216147143414e+01	3.00000000000000e-02	0.00000000000000e+00	0.00000000000000e+00
1	20	14	15	2.15503547384618e+02	4.05114600211330e+01	3.00000000000000e-02	0.00000000000000e+00	0.00000000000000e+00
1	20	15	16	1.63959666274113e+02	2.87316359286568e+01	3.00000000000000e-02	0.00000000000000e+00	0.00000000000000e+00
1	20	16	17	6.25863871846003e+01	1.79689486408674e+01	3.00000000000000e-02	0.00000000000000e+00	0.00000000000000e+00
1	20	17	18	1.16956793726751e+01	9.21928675690333e+00	3.00000000000000e-02	0.00000000000000e+00	0.00000000000000e+00
1	20	18	19	4.72707271352126e-01	3.12862626729670e+00	3.00000000000000e-02	0.00000000000000e+00	0.00000000000000e+00
1	21	2	3	9.02528432236261e+01	3.14644152069007e+00	3.00000000000000e-02	0.00000000000000e+00	0.00000000000000e+00
1	21	3	4	1.10828142424389e+02	9.25727885268870e+00	3.00000000000000e-02	0.00000000000000e+00	0.00000000000000e+00
1	21	4	5	1.27291220277693e+02	1.80786996467370e+01	3.00000000000000e-02	0.00000000000000e+00	0.00000000000000e+00
1	21	5	6	9.84319143753448e+01	2.90559335399684e+01	3.00000000000000e-02	0.00000000000000e+00	0.00000000000000e+00
1	21	6	7	2.09571134280405e+02	4.12983039509564e+01	3.00000000000000e-02	0.00000000000000e+00	0.00000000000000e+00
1	21	7	8	2.00467176345536e+02	5.36517754407356e+01	3.00000000000000e-02	0.00000000000000e+00	0.00000000000000e+00
1	21	8	9	1.34069910628462e+02	6.47611899355922e+01	3.00000000000000e-02	0.00000000000000e+00	0.00000000000000e+00
1	21	9	10	2.27548788476411e+02	7.31974100030273e+01	3.00000000000000e-02	0.00000000000000e+00	0.00000000000000e+00
1	21	10	11	6.44334653558939e+01	7.77652243591248e+01	3.00000000000000e-02	0.00000000000000e+00	0.00000000000000e+00
1	21	11	12	3.20594405168933e+02	7.77654782124137e+01	3.00000000000000e-02	0.00000000000000e+00	0.00000000000000e+00
1	21	12	13	1.88847686089177e+02	7.31984798441736e+01	3.00000000000000e-02	0.00000000000000e+00	0.00000000000000e+00
1	21	13	14	1.34194558521738e+02	6.47616503413095e+01	3.00000000000000e-02	0.00000000000000e+00	0.00000000000000e+00
1	21	14	15	2.47719719173549e+02	5.36566161493230e+01	3.00000000000000e-02	0.00000000000000e+00	0.00000000000000e+00
1	21	15	16	1.91406721712673e+02	4.13010276803562e+01	3.00000000000000e-02	0.00000000000000e+00	0.00000000000000e+00
1	21	16	17	7.82737222897098e+01	2.90603352118292e+01	3.00000000000000e-02	0.00000000000000e+00	0.00000000000000e+00
1	21	17	18	6.33970717950352e+01	1.80858552365920e+01	3.00000000000000e-02	0.00000000000000e+00	0.00000000000000e+00
1	21	18	19	5.43144497947581e-01	9.26636875364808e+00	3.00000000000000e-02	0.00000000000000e+00	0.00000000000000e+00
1	21	19	20	1.61383138745947e-01	3.15381925097658e+00	3.00000000000000e-02	0.00000000000000e+00	0.00000000000000e+00
2	21	3	4	9.64105961438116e+01	3.12465470992557e+00	3.00000000000000e-02	0.00000000000000e+00	0.00000000000000e+00
2	21	4	5	1.19027657168892e+02	9.21758967009406e+00	3.00000000000000e-02	0.00000000000000e+00	0.00000000000000e+00
2	21	5	6	9.48969158377159e+01	1.79692592292312e+01	3.00000000000000e-02	0.00000000000000e+00	0.00000000000000e+00
2	21	6	7	1.97386839932745e+02	2.87325871580856e+01	3.00000000000000e-02	0.00000000000000e+00	0.00000000000000e+00
2	21	7	8	1.86543275489571e+02	4.05092944526154e+01	3.00000000000000e-02	0.00000000000000e+00	0.00000000000000e+00
2	21	8	9	1.27339750094418e+02	5.20236096687208e+01	3.00000000000000e-02	0.00000000000000e+00	0.00000000000000e+00
2	21	9	10	2.18229696975627e+02	6.17876619796051e+01	3.00000000000000e-02	0.00000000000000e+00	0.00000000000000e+00
2	21	10	11	2.15141917129680e+02	6.83699958781594e+01	3.00000000000000e-02	0.00000000000000e+00	0.00000000000000e+00
2	21	11	12	4.50684903963415e+01	7.06970019770434e+01	3.00000000000000e-02	0.00000000000000e+00	0.00000000000000e+00
2	21	12	13	3.20796274543461e+02	6.83714853799820e+01	3.00000000000000e-02	0.00000000000000e+00	0.00000000000000e+00
2	21	13	14	1.37285375949734e+02	6.17923842562224e+01	3.00000000000000e-02	0.00000000000000e+00	0.00000000000000e+00
2	21	14	15	2.53439077032049e+02	5.20290194703156e+01	3.00000000000000e-02	0.00000000000000e+00	0.00000000000000e+00
2	21	15	16	1.95678977616664e+02	4.05204607065987e+01	3.00000000000000e-02	0.00000000000000e+00	0.00000000000000e+00
2	21	16	17	8.06579389635801e+01	2.87437863809487e+01	3.00000000000000e-02	0.00000000000000e+00	0.00000000000000e+00
2	21	17	18	7.91091797577530e+01	1.79843456044069e+01	3.00000000000000e-02	0.00000000000000e+00	0.00000000000000e+00
2	21	18	19	1.39149462203534e+01	9.24409161109786e+00	3.00000000000000e-02	0.00000000000000e+00	0.00000000000000e+00
2	21	19	20	9.74951119359481e-02	3.15164239303915e+00	3.00000000000000e-02	0.00000000000000e+00	0.00000000000000e+00
3	21	4	5	9.99870534168573e+01	3.11201122389019e+00	3.00000000000000e-02	0.00000000000000e+00	0.00000000000000e+00
3	21	5	6	8.49922711678047e+01	9.19299485987030e+00	3.00000000000000e-02	0.00000000000000e+00	0.00000000000000e+00
3	21	6	7	1.74163567610925e+02	1.78482669735863e+01	3.00000000000000e-02	0.00000000000000e+00	0.00000000000000e+00
3	21	7	8	1.65173774802860e+02	2.83494912419906e+01	3.00000000000000e-02	0.00000000000000e+00	0.00000000000000e+00
3	21	8	9	1.15838571458551e+02	3.95783039129675e+01	3.00000000000000e-02	0.00000000000000e+00	0.00000000000000e+00
3	21	9	10	2.04311060849298e+02	5.00883942057750e+01	3.00000000000000e-02	0.00000000000000e+00	0.00000000000000e+00
3	21	10	11	2.03261056954793e+02	5.83138410606927e+01	3.00000000000000e-02	0.00000000000000e+00	0.00000000000000e+00
3	21	11	12	2.04439153489152e+02	6.28467293033317e+01	3.00000000000000e-02	0.00000000000000e+00	0.00000000000000e+00
3	21	12	13	3.81380415885422e+01	6.28474652723430e+01	3.00000000000000e-02	0.00000000000000e+00	0.00000000000000e+00
3	21	13	14	2.62023148615275e+02	5.83171748081545e+01	3.00000000000000e-02	0.00000000000000e+00	0.00000000000000e+00
3	21	14	15	2.57927582923350e+02	5.00952821318128e+01	3.00000000000000e-02	0.00000000000000e+00	0.00000000000000e+00
3	21	15	16	1.99033661107291e+02	3.95853708277892e+01	3.00000000000000e-02	0.00000000000000e+00	0.00000000000000e+00
3	21	16	17	8.21678064481111e+01	2.83635569989510e+01	3.00000000000000e-02	0.00000000000000e+00	0.00000000000000e+00
3	21	17	18	1.14958059740168e+02	1.78626127682185e+01	3.00000000000000e-02	0.00000000000000e+00	0.00000000000000e+00
3	21	18	19	5.26331315442228e+01	9.21750144816717e+00	3.00000000000000e-02	0.00000000000000e+00	0.00000000000000e+00
3	21	19	20	5.89592466485809e-01	3.14906139298507e+00	3.00000000000000e-02	0.00000000000000e+00	0.00000000000000e+00
4	21	5	6	7.60885383690122e+01	3.12400336544078e+00	3.00000000000000e-02	0.00000000000000e+00	0.00000000000000e+00
4	21	6	7	1.44035077226687e+02	9.16580189041181e+00	3.00000000000000e-02	0.00000000000000e+00	0.00000000000000e+00
4	21	7	8	1.35325419562053e+02	1.76998007429188e+01	3.00000000000000e-02	0.00000000000000e+00	0.00000000000000e+00
4	21	8	9	9.96153896566399e+01	2.78940162176517e+01	3.00000000000000e-02	0.00000000000000e+00	0.00000000000000e+00
4	21	9	10	1.81073616094839e+02	3.84479329568324e+01	3.00000000000000e-02	0.00000000000000e+00	0.00000000000000e+00
4	21	10	11	1.85024018736879e+02	4.77817969141819e+01	3.00000000000000e-02	0.00000000000000e+00	0.00000000000000e+00
4	21	11	12	1.90973632616269e+02	5.42477083900320e+01	3.00000000000000e-02	0.00000000000000e+00	0.00000000000000e+00
4	21	12	13	1.91823567172441e+02	5.65662676371713e+01	3.00000000000000e-02	0.00000000000000e+00	0.00000000000000e+00
4	21	13	14	2.00489646337671e+01	5.42501715091179e+01	3.00000000000000e-02	0.00000000000000e+00	0.00000000000000e+00
4	21	14	15	3.43261009137338e+02	4.77867088490404e+01	3.00000000000000e-02	0.00000000000000e+00	0.00000000000000e+00
4	21	15	16	1.98152077536330e+02	3.84559701780291e+01	3.00000000000000e-02	0.00000000000000e+00	0.00000000000000e+00
4	21	16	17	8.21343219953450e+01	2.79022037250845e+01	3.00000000000000e-02	0.00000000000000e+00	0.00000000000000e+00
4	21	17	18	1.16508948798159e+02	1.77150346972344e+01	3.00000000000000e-02	0.00000000000000e+00	0.00000000000000e+00
4	21	18	19	4.51207982564082e+01	9.18541886487336e+00	3.00000000000000e-02	0.00000000000000e+00	0.00000000000000e+00
4	21	19	20	4.52425062945783e-02	3.14596980026412e+00	3.00000000000000e-02	0.00000000000000e+00	0.00000000000000e+00
5	21	6	7	1.31344539928307e+02	3.11565625845501e+00	3.00000000000000e-02	0.00000000000000e+00	0.00000000000000e+00
5	21	7	8	1.07513996115996e+02	9.12086294323708e+00	3.00000000000000e-02	0.00000000000000e+00	0.00000000000000e+00
5	21	8	9	8.50207041756610e+01	1.75224189426169e+01	3.00000000000000e-02	0.00000000000000e+00	0.00000000000000e+00
5	21	9	10	1.60080855267884e+02	2.73248262793309e+01	3.00000000000000e-02	0.00000000000000e+00	0.00000000000000e+00
5	21	10	11	1.66217897879923e+02	3.70735766305315e+01	3.00000000000000e-02	0.00000000000000e+00	0.00000000000000e+00
5	21	11	12	1.76730004747127e+02	4.50160865698386e+01	3.00000000000000e-02	0.00000000000000e+00	0.00000000000000e+00
5	21	12	13	1.81934329732937e+02	4.95028419263386e+01	3.00000000000000e-02	0.00000000000000e+00	0.00000000000000e+00
5	21	13	14	1.39242826984078e+02	4.95048643422457e+01	3.00000000000000e-02	0.00000000000000e+00	0.00000000000000e+00
5	21	14	15	8.56460240191725e+01	4.50209340078495e+01	3.00000000000000e-02	0.00000000000000e+00	0.00000000000000e+00
5	21	15	16	3.18551142797453e+02	3.70807570474084e+01	3.00000000000000e-02	0.00000000000000e+00	0.00000000000000e+00
5	21	16	17	8.24334574028972e+01	2.73363081789593e+01	3.00000000000000e-02	0.00000000000000e+00	0.00000000000000e+00
5	21	17	18	1.14427828248900e+02	1.75339566153749e+01	3.00000000000000e-02	0.00000000000000e+00	0.00000000000000e+00
5	21	18	19	3.87113593224855e+01	9.14623763375354e+00	3.00000000000000e-02	0.00000000000000e+00	0.00000000000000e+00
5	21	19	20	8.77346598868439e-02	3.14222382586865e+00	3.00000000000000e-02	0.00000000000000e+00	0.00000000000000e+00
6	21	7	8	5.97003135706264e+01	3.10312044257575e+00	3.00000000000000e-02	0.00000000000000e+00	0.00000000000000e+00
6	21	8	9	6.01071954187438e+01	9.07785411003034e+00	3.00000000000000e-02	0.00000000000000e+00	0.00000000000000e+00
6	21	9	10	1.24578595265311e+02	1.72935035863548e+01	3.00000000000000e-02	0.00000000000000e+00	0.00000000000000e+00
6	21	10	11	1.36233412429389e+02	2.66239483343377e+01	3.00000000000000e-02	0.00000000000000e+00	0.00000000000000e+00
6	21	11	12	1.52780159500251e+02	3.53864197402770e+01	3.00000000000000e-02	0.00000000000000e+00	0.00000000000000e+00
6	21	12	13	1.64246604236011e+02	4.16991264546788e+01	3.00000000000000e-02	0.00000000000000e+00	0.00000000000000e+00
6	21	13	14	1.30447127679659e+02	4.40093140804765e+01	3.00000000000000e-02	0.00000000000000e+00	0.00000000000000e+00
6	21	14	15	2.58358736138732e+02	4.17035213367165e+01	3.00000000000000e-02	0.00000000000000e+00	0.00000000000000e+00
6	21	15	16	4.97134281587625e+01	3.53935512560694e+01	3.00000000000000e-02	0.00000000000000e+00	0.00000000000000e+00
6	21	16	17	1.75967379088979e+02	2.66341617824250e+01	3.00000000000000e-02	0.00000000000000e+00	0.00000000000000e+00
6	21	17	18	1.16864985198200e+02	1.73087923904695e+01	3.00000000000000e-02	0.00000000000000e+00	0.00000000000000e+00
6	21	18	19	4.59441748602737e+01	9.09773030082231e+00	3.00000000000000e-02	0.00000000000000e+00	0.00000000000000e+00
6	21	19	20	6.91764888577097e-02	3.13762569997867e+00	3.00000000000000e-02	0.00000000000000e+00	0.00000000000000e+00
7	21	8	9	2.85534721452205e+01	3.11615709908726e+00	3.00000000000000e-02	0.00000000000000e+00	0.00000000000000e+00
7	21	9	10	5.47733616573767e+01	9.01427707653465e+00	3.00000000000000e-02	0.00000000000000e+00	0.00000000000000e+00
7	21	10	11	1.23626227974873e+02	1.70122842230604e+01	3.00000000000000e-02	0.00000000000000e+00	0.00000000000000e+00
7	21	11	12	1.41511330464725e+02	2.57428595143130e+01	3.00000000000000e-02	0.00000000000000e+00	0.00000000000000e+00
7	21	12	13	1.54888457839030e+02	3.33040457731522e+01	3.00000000000000e-02	0.00000000000000e+00	0.00000000000000e+00
7	21	13	14	1.25965047044225e+02	3.77320482038530e+01	3.00000000000000e-02	0.00000000000000e+00	0.00000000000000e+00
7	21	14	15	2.53117465456635e+02	3.77342335837796e+01	3.00000000000000e-02	0.00000000000000e+00	0.00000000000000e+00
7	21	15	16	2.04824978433346e+02	3.33104533659045e+01	3.00000000000000e-02	0.00000000000000e+00	0.00000000000000e+00
7	21	16	17	1.54961651547510e+01	2.57524315559498e+01	3.00000000000000e-02	0.00000000000000e+00	0.00000000000000e+00
7	21	17	18	1.68392901401643e+02	1.70246201551735e+01	3.00000000000000e-02	0.00000000000000e+00	0.00000000000000e+00
7	21	18	19	1.14931033809713e+02	9.03673741643577e+00	3.00000000000000e-02	0.00000000000000e+00	0.00000000000000e+00
7	21	19	20	5.27765385774379e+00	3.13189715793072e+00	3.00000000000000e-02	0.00000000000000e+00	0.00000000000000e+00
8	21	9	10	1.30479958470647e+02	3.08856813932286e+00	3.00000000000000e-02	0.00000000000000e+00	0.00000000000000e+00
8	21	10	11	1.12119615599029e+02	8.93468822509155e+00	3.00000000000000e-02	0.00000000000000e+00	0.00000000000000e+00
8	21	11	12	1.31582947976939e+02	1.66449867527367e+01	3.00000000000000e-02	0.00000000000000e+00	0.00000000000000e+00
8	21	12	13	1.47588499755476e+02	2.46207754406105e+01	3.00000000000000e-02	0.00000000000000e+00	0.00000000000000e+00
8	21	13	14	1.23757533712957e+02	3.07233216686047e+01	3.00000000000000e-02	0.00000000000000e+00	0.00000000000000e+00
8	21	14	15	2.53248373261761e+02	3.30231213226756e+01	3.00000000000000e-02	0.00000000000000e+00	0.00000000000000e+00
8	21	15	16	2.07502195218998e+02	3.07283649008778e+01	3.00000000000000e-02	0.00000000000000e+00	0.00000000000000e+00
8	21	16	17	8.90479297701357e+01	2.46316043610808e+01	3.00000000000000e-02	0.00000000000000e+00	0.00000000000000e+00
8	21	17	18	4.57255102273891e+01	1.66599906826746e+01	3.00000000000000e-02	0.00000000000000e+00	0.00000000000000e+00
8	21	18	19	1.65489828488179e+02	8.95866464321096e+00	3.00000000000000e-02	0.00000000000000e+00	0.00000000000000e+00
8	21	19	20	5.33844162844682e+01	3.12463659844707e+00	3.00000000000000e-02	0.00000000000000e+00	0.00000000000000e+00
9	21	10	11	6.86354695007603e+01	3.09000362418503e+00	3.00000000000000e-02	0.00000000000000e+00	0.00000000000000e+00
9	21	11	12	9.65458894253962e+01	8.83480718394167e+00	3.00000000000000e-02	0.00000000000000e+00	0.00000000000000e+00
9	21	12	13	1.20154760620654e+02	1.61705464958010e+01	3.00000000000000e-02	0.00000000000000e+00	0.00000000000000e+00
9	21	13	14	1.08367496381186e+02	2.31831885121484e+01	3.00000000000000e-02	0.00000000000000e+00	0.00000000000000e+00
9	21	14	15	2.33496932772803e+02	2.75280362611841e+01	3.00000000000000e-02	0.00000000000000e+00	0.00000000000000e+00
9	21	15	16	1.98004097724219e+02	2.75303937215621e+01	3.00000000000000e-02	0.00000000000000e+00	0.00000000000000e+00
9	21	16	17	8.73131073000616e+01	2.31907939463482e+01	3.00000000000000e-02	0.00000000000000e+00	0.00000000000000e+00
9	21	17	18	1.28630360601977e+02	1.61836245029651e+01	3.00000000000000e-02	0.00000000000000e+00	0.00000000000000e+00
9	21	18	19	2.43076657077253e+01	8.85667127252649e+00	3.00000000000000e-02	0.00000000000000e+00	0.00000000000000e+00
9	21	19	20	1.91560742759356e+01	3.11524951918980e+00	3.00000000000000e-02	0.00000000000000e+00	0.00000000000000e+00
10	21	11	12	8.33736313633554e+01	3.07110083923395e+00	3.00000000000000e-02	0.00000000000000e+00	0.00000000000000e+00
10	21	12	13	1.14315829892561e+02	8.69751815669808e+00	3.00000000000000e-02	0.00000000000000e+00	0.00000000000000e+00
10	21	13	14	1.08311144790205e+02	1.55374344482706e+01	3.00000000000000e-02	0.00000000000000e+00	0.00000000000000e+00
10	21	14	15	2.37406656821361e+02	2.13155909048871e+01	3.00000000000000e-02	0.00000000000000e+00	0.00000000000000e+00
10	21	15	16	2.03251354321421e+02	2.36021527251068e+01	3.00000000000000e-02	0.00000000000000e+00	0.00000000000000e+00
10	21	16	17	9.12379765540758e+01	2.13215186553581e+01	3.00000000000000e-02	0.00000000000000e+00	0.00000000000000e+00
10	21	17	18	1.35991067086099e+02	1.55488909923816e+01	3.00000000000000e-02	0.00000000000000e+00	0.00000000000000e+00
10	21	18	19	1.31890657118410e+02	8.72021640881539e+00	3.00000000000000e-02	0.00000000000000e+00	0.00000000000000e+00
10	21	19	20	2.98984008613002e+00	3.10282318683214e+00	3.00000000000000e-02	0.00000000000000e+00	0.00000000000000e+00
11	21	13	14	5.78122840670749e+01	8.51291082147962e+00	3.00000000000000e-02	0.00000000000000e+00	0.00000000000000e+00
11	21	14	15	2.11257395146437e+02	1.46760540439493e+01	3.00000000000000e-02	0.00000000000000e+00	0.00000000000000e+00
11	21	15	16	1.85282100618337e+02	1.88834069464973e+01	3.00000000000000e-02	0.00000000000000e+00	0.00000000000000e+00
11	21	16	17	8.60155559623337e+01	1.88871250348215e+01	3.00000000000000e-02	0.00000000000000e+00	0.00000000000000e+00
11	21	17	18	1.30316454416359e+02	1.46856787540227e+01	3.00000000000000e-02	0.00000000000000e+00	0.00000000000000e+00
11	21	18	19	1.26003530658196e+02	8.53254673525440e+00	3.00000000000000e-02	0.00000000000000e+00	0.00000000000000e+00
11	21	19	20	8.90687869682363e+00	3.08590508186010e+00	3.00000000000000e-02	0.00000000000000e+00	0.00000000000000e+00
11	21	12	13	8.74430696936008e+01	3.05831615575043e+00	3.00000000000000e-02	0.00000000000000e+00	0.00000000000000e+00
12	21	14	15	1.64258544054420e+02	8.24773263443831e+00	3.00000000000000e-02	0.00000000000000e+00	0.00000000000000e+00
12	21	15	16	1.69292485065125e+02	1.34803109499641e+01	3.00000000000000e-02	0.00000000000000e+00	0.00000000000000e+00
12	21	16	17	8.32080295909463e+01	1.57398390588307e+01	3.00000000000000e-02	0.00000000000000e+00	0.00000000000000e+00
12	21	17	18	1.30502625561097e+02	1.34882670520923e+01	3.00000000000000e-02	0.00000000000000e+00	0.00000000000000e+00
12	21	18	19	1.26445802140888e+02	8.26594423429697e+00	3.00000000000000e-02	0.00000000000000e+00	0.00000000000000e+00
12	21	19	20	8.77653549777912e+00	3.06206994525144e+00	3.00000000000000e-02	0.00000000000000e+00	0.00000000000000e+00
12	21	13	14	8.84258342483610e+01	3.03686217045972e+00	3.00000000000000e-02	0.00000000000000e+00	0.00000000000000e+00
13	21	15	16	1.33488856537949e+02	7.85441098991193e+00	3.00000000000000e-02	0.00000000000000e+00	0.00000000000000e+00
13	21	16	17	7.71335379691472e+01	1.17979794564502e+01	3.00000000000000e-02	0.00000000000000e+00	0.00000000000000e+00
13	21	17	18	1.28905356933771e+02	1.18027905191337e+01	3.00000000000000e-02	0.00000000000000e+00	0.00000000000000e+00
13	21	18	19	1.26559036829923e+02	7.87259418321358e+00	3.00000000000000e-02	0.00000000000000e+00	0.00000000000000e+00
13	21	19	20	9.71225192572589e+00	3.02702872228103e+00	3.00000000000000e-02	0.00000000000000e+00	0.00000000000000e+00
13	21	14	15	1.77517674669405e+02	2.99723732327609e+00	3.00000000000000e-02	0.00000000000000e+00	0.00000000000000e+00
14	21	16	17	6.11611849575993e+01	7.25287630475712e+00	3.00000000000000e-02	0.00000000000000e+00	0.00000000000000e+00
14	21	17	18	1.17079345618809e+02	9.43845746453373e+00	3.00000000000000e-02	0.00000000000000e+00	0.00000000000000e+00
14	21	18	19	1.22817661139910e+02	7.26701622654151e+00	3.00000000000000e-02	0.00000000000000e+00	0.00000000000000e+00
14	21	19	20	4.45659992680153e+01	2.97263220416188e+00	3.00000000000000e-02	0.00000000000000e+00	0.00000000000000e+00
14	21	15	16	8.08414241831689e+01	2.94684630969661e+00	3.00000000000000e-02	0.00000000000000e+00	0.00000000000000e+00
15	21	16	17	5.18219701942646e+01	2.85975852427637e+00	3.00000000000000e-02	0.00000000000000e+00	0.00000000000000e+00
15	21	17	18	1.17870961415773e+02	6.28728958078535e+00	3.00000000000000e-02	0.00000000000000e+00	0.00000000000000e+00
15	21	18	19	1.25077450631719e+02	6.29621457460013e+00	3.00000000000000e-02	0.00000000000000e+00	0.00000000000000e+00
15	21	19	20	6.28624789698881e+01	2.88193424763156e+00	3.00000000000000e-02	0.00000000000000e+00	0.00000000000000e+00
16	21	19	20	6.38043328066456e+01	2.71579449925706e+00	3.00000000000000e-02	0.00000000000000e+00	0.00000000000000e+00
16	21	17	18	1.30570655154374e+02	2.69650398276769e+00	3.00000000000000e-02	0.00000000000000e+00	0.00000000000000e+00
16	21	18	19	1.24606572621802e+02	4.71899855793350e+00	3.00000000000000e-02	0.00000000000000e+00	0.00000000000000e+00
17	21	18	19	8.69317482922129e+01	2.36178800824321e+00	3.00000000000000e-02	0.00000000000000e+00	0.00000000000000e+00
17	21	19	20	6.02265786491826e+01	2.37329287574409e+00	3.00000000000000e-02	0.00000000000000e+00	0.00000000000000e+00
18	21	19	20	5.64823763685935e+01	1.57714289934671e+00	3.00000000000000e-02	0.00000000000000e+00	0.00000000000000e+00
0
