9.088831580321593151e+01
1.140984728768868592e+02
8.867949747265235771e+01
1.777852113319258081e+02
1.509028832389673198e+02
1.067920799158621037e+02
1.837795799478050469e+02
2.097528901918112183e+02
9.677151417923681720e+01
7.371136001735264642e+01
1.361771173541504538e+02
1.070073604085914667e+02
7.607398768456350524e+01
1.384344960638632358e+02
1.277868473945466121e+02
1.856443197508420155e+02
6.459237316333991430e+01
1.115206742084848770e+02
1.236314027889437881e+02
2.400162623806598106e+02
6.256042908766323762e+01
1.083144059841469158e+02
7.975877552328034881e+01
5.803514735430827898e+01
1.060309392714690659e+02
9.000339994600746252e+01
1.133432094617126324e+02
1.749824766026062548e+02
9.708733967977050838e+01
1.227564446209619859e+02
1.910906579291382741e+02
1.836930319834703766e+02
1.072974248374633106e+02
9.950866060664809254e+01
1.429211534501646383e+02
2.065965116141317424e+02
1.094028358781913823e+02
7.633075155774183429e+01
5.825327824790418418e+01
1.080203186727968756e+02
9.338390625864413153e+01
1.122453855654930521e+02
1.133843576360585246e+02
2.135660397168392421e+02
8.891369479850996527e+01
9.121328083758419325e+01
1.743128332671091698e+02
6.917812687060538224e+01
8.693826486023070288e+01
1.371859883172297145e+02
1.374575895228418005e+02
4.013250730042533831e+01
3.307816845896046232e+01
6.235874998605618202e+01
5.535670796143951122e+01
6.579920496717231515e+01
7.183077378437627658e+01
9.664949721465028176e+01
1.215384823039301949e+02
9.568627842636688285e+01
2.288149580531519405e+02
1.888776618392273576e+02
1.082391426016923504e+02
1.458809260129721395e+02
1.829637608313769874e+02
9.609276240430847338e+01
9.883937396689292143e+01
1.856885611741123796e+02
5.160707599645908772e+01
1.017091971049562744e+02
9.530027860932568728e+01
1.133907342751544007e+02
1.251348665595833864e+02
1.092873729873305706e+02
2.550485676722285291e+02
2.158260700747620433e+02
2.336933564577267646e+02
1.728971913658539847e+02
1.955425220189009963e+02
9.861310380190198543e+01
2.210137174038245576e+02
1.843901962306825908e+02
1.218423497065045211e+02
1.652100677958652000e+02
2.051480995617305609e+02
1.157809040661761202e+02
1.020744922712948863e+02
1.123243701193919151e+02
1.199628394941082234e+02
1.077989572877101665e+02
2.471393618009890361e+02
1.795381252996566843e+02
2.123637878356759927e+02
1.052110761433337274e+02
2.145306957286520912e+02
1.750422890060241627e+02
1.452052928335381807e+02
1.934486951371082739e+02
1.444405628526897374e+02
1.753622813213897018e+02
7.605200873017822971e+01
1.672467772633467007e+02
1.454283572976136441e+02
4.907376714869334933e+01
5.446516402010502844e+01
6.012095296005492173e+01
5.791215653762455418e+01
1.305522616000213247e+02
1.125621104771030332e+02
9.689893655094297742e+01
9.517358980476004149e+01
2.119675612604210357e+02
1.525270149866306326e+02
1.014710576683752095e+02
2.091128066070961893e+02
1.615066161241846885e+02
1.411325578415952009e+02
1.770428817251883231e+02
1.254641955358824248e+02
1.608599967572383775e+02
7.582394377529756468e+01
8.828827496641793005e+01
9.382743917150479263e+01
2.035682070124053951e+02
1.688128789584118010e+02
1.074430418578704121e+02
2.254479330975853202e+02
2.016637859931636854e+02
1.924574066014022264e+02
1.463374555122534559e+02
8.410416314556429995e+01
1.774622095222702853e+02
1.321406762598598164e+02
1.249687912499982758e+02
5.618794849915614975e+01
6.974624605849136572e+01
1.425751181214051826e+02
1.111995753474914750e+02
7.628655662440904450e+01
1.568604804746297816e+02
1.260405318142877746e+02
7.109152221133953731e+01
2.033148500284336819e+02
1.863155365542539812e+02
1.524400619574001041e+02
8.701239331422146961e+01
1.860907240474234925e+02
9.929996549744856793e+01
1.773276134064543612e+02
1.221365738148785880e+02
9.313683868101024643e+01
1.906672185825710528e+02
2.175075794871314656e+02
9.790320681531154889e+01
7.059846679924974922e+01
1.909582778555669336e+02
1.650586928632527304e+02
1.486821390702476151e+02
1.394223156005656676e+02
8.027422429893643141e+01
7.250035672853948654e+01
1.504368228352216761e+02
1.823513118917443308e+02
7.156046556234231559e+01
5.458598938084404040e+01
1.156437562822373906e+02
1.846108382067015086e+01
2.462602768199032965e+01
5.734897221346901830e+01
7.749300983401502663e+01
3.315829012382827301e+01
5.200499907491148122e+01
6.050457182260259259e+01
5.253187781754139252e+01
1.072111918074653119e+02
1.585618584699528810e+02
7.609139460838862590e+01
1.114151448720222959e+02
1.017086541169761063e+02
1.410942219519085086e+02
7.889202670871473799e+01
9.526761832204806524e+01
2.031828475724014993e+01
1.682200914044410922e+01
2.203600223207049069e+01
5.420474554102354148e+01
3.837850899076312317e+01
1.556923519006732626e+01
8.279110984023387232e+01
8.191717614063590247e+01
1.031309285146223971e+02
5.697982857137201762e+01
8.936821426255896483e+01
9.672115376894437588e+01
1.078862148239419980e+02
8.900381667117332540e+01
1.303177871820066684e+02
5.419408626532754880e+01
1.390577014968876028e+02
1.774999745791633643e+02
9.279191116020732011e+01
1.015126553977315211e+02
1.397811045494746622e+02
1.577633579272099382e+02
9.049944325026582703e+01
6.857994524368105260e+01
1.312749606490722272e+02
9.386075705741545505e+01
1.104807787068630489e+02
9.936791456078988460e+01
1.787423569622432638e+02
1.548138707881132063e+02
1.260625590438083776e+02
1.661261708911617063e+02
1.282329465393452210e+02
9.797359190450305277e+01
1.470624949134715393e+02
1.454121001576039589e+02
1.276823314642277154e+02
1.121762369957721006e+02
1.031951664689154029e+02
6.048006316705135532e+01
1.382121437021754957e+02
1.519216758397789135e+02
1.233166817790843766e+02
1.386800624598268428e+02
8.295061759019948511e+01
1.158107208550112688e+02
1.714131096429748027e+02
1.593494012818300689e+02
2.053826929869051980e+02
1.565913740380668173e+02
1.532183566544312612e+02
1.188572141287623793e+02
1.428423037923667493e+02
1.123728436621033353e+02
8.010425879725096365e+01
1.587349779720795766e+02
1.756670761897100022e+02
1.498996252289950064e+02
1.223488241090108062e+02
1.504532049646781218e+02
1.261206362915659298e+02
8.328339992846055395e+01
1.523759177503546027e+02
3.792227506228974221e+01
1.434442778142136774e+02
1.544596411528017370e+02
1.685147864699666513e+02
1.368828217864632677e+02
1.145106759515345374e+02
1.315646723524624520e+02
1.803433945141315178e+02
7.965692823960455371e+01
7.934552570523733550e+01
1.583825875280260220e+02
1.869108479265128722e+02
1.781066497602442382e+02
1.566446081209623742e+02
1.457953307888487586e+02
1.678305251173259762e+02
1.529948394374057159e+02
1.564911111695696775e+02
1.277939052487905798e+02
1.488131018448102338e+02
6.137946979591510654e+01
4.047368314532900513e+01
1.835765979247865687e+02
1.639716853356605952e+02
1.933915328033888557e+02
1.629375763426826040e+02
1.647704878853230639e+02
1.054744533118496861e+02
1.306427741141774561e+02
1.937480445277437298e+02
1.057507963050240107e+02
7.021136416511515677e+01
8.185904741756549186e+01
2.635514195685975736e+01
8.279110984023387232e+01
7.573768880288687910e+01
7.741820596625741757e+01
7.602739105007501053e+01
9.222776479533399652e+01
1.052054930555388097e+02
8.685534968626758712e+01
9.961651286029750452e+01
4.915766719658795836e+01
7.235279170056981002e+01
7.126292400227488599e+01
8.794869830320079984e+01
1.112937745612954927e+02
6.307672486656522182e+01
8.193575368001418724e+01
9.043901880316531106e+01
1.245739865018517207e+02
8.186375421792260454e+01
1.321496788851431461e+02
7.117483649692169934e+01
1.210110096284802665e+02
8.965984439056872191e+01
1.269361603769535662e+02
8.837928164674104892e+01
1.539418027921213934e+02
1.301828003013992259e+02
5.785766784855243117e+01
7.039676081291470666e+01
8.964864385057522611e+01
1.299136861433865135e+02
9.498157252424644525e+01
1.774409942843802526e+02
1.521005513153152435e+02
7.368012812603386408e+01
9.329267355940775985e+01
7.003766284326934510e+01
6.963386217333612649e+01
8.921577741213609158e+01
1.309518116516464943e+02
9.874247379934296021e+01
1.934442717268835850e+02
1.701004127529683387e+02
8.953597222993759885e+01
1.255675649537768521e+02
7.286190486329876137e+01
6.928426708417529767e+01
8.874915915055750304e+01
1.313043183573248314e+02
1.011015161219498992e+02
2.048121243988643130e+02
1.847149368906420648e+02
1.040097813637254660e+02
1.575986333854514498e+02
1.040947602465292050e+02
1.205907284471674359e+02
6.911765853291579731e+01
8.866569347240033494e+01
1.322066773327144631e+02
1.036169548704156256e+02
2.159047699343881277e+02
2.000653964109133369e+02
1.190009887572355325e+02
1.909195708990893934e+02
1.344542392651055707e+02
1.608782677838921700e+02
1.275838870578580355e+02
6.854835045928795978e+01
8.735172491039699594e+01
1.296580557867497987e+02
1.015931396730044725e+02
2.118898469246774141e+02
1.933467217109268006e+02
1.163619693318264012e+02
1.864526386612163833e+02
1.300122812114328497e+02
1.460069919902101958e+02
1.049060077800946260e+02
2.900470561045368356e+01
6.812236581956450721e+01
8.640399367486095628e+01
1.279074626699897550e+02
1.003431382449863776e+02
2.099609095282127953e+02
1.908267478193120041e+02
1.169940566147558627e+02
1.908994802938339035e+02
1.370604676407656086e+02
1.594957998076781962e+02
1.275373505682804733e+02
4.928290924171960086e+01
8.022820994284428764e+01
6.799391659947498567e+01
8.622714246459182164e+01
1.279397377320421043e+02
1.009987585998155026e+02
2.134774606048623582e+02
1.960129126393761396e+02
1.231307713985853667e+02
2.065160057850908970e+02
1.535972199288073909e+02
1.855383356842726528e+02
1.594564442475447663e+02
7.222658934922715446e+01
1.337511279579277641e+02
1.109493465744388914e+02
6.770243310331328246e+01
8.556748107011694060e+01
1.266504876721445783e+02
9.992817102074707236e+01
2.111289056301908715e+02
1.924419405146080919e+02
1.216689990551702181e+02
2.045834813094192270e+02
1.529237627918390103e+02
1.840507793746328957e+02
1.631219090250162083e+02
8.102275103272796741e+01
1.586885012275886311e+02
1.288670406229873890e+02
2.280593287969571392e+01
6.747996928866950839e+01
8.506837631589222326e+01
1.256783598511093771e+02
9.911654944986210580e+01
2.092661425646242037e+02
1.893615063087241595e+02
1.200935992851986498e+02
2.014101044996751284e+02
1.499324445236611894e+02
1.766759737520462181e+02
1.572997759633830697e+02
8.249959324354270507e+01
1.587645271279596955e+02
1.172828906515534726e+02
2.762900974636486495e+01
5.199261645426486211e+01
6.746267482154183881e+01
8.511302336548611436e+01
1.260232186189323329e+02
9.982020365903765935e+01
2.121463830646921451e+02
1.934673056260207034e+02
1.244310066058781388e+02
2.121223190020479024e+02
1.610751119354044363e+02
1.932720859505679698e+02
1.773242291612217230e+02
9.801656950351873832e+01
1.942175420692801708e+02
1.406894740963170989e+02
3.794555110907131734e+01
4.764539327254784240e+01
1.823637909239412380e+01
6.740791791522838139e+01
8.504234288127027241e+01
1.260417762407709859e+02
1.000845750137968651e+02
2.135157814625561343e+02
1.953859695216688692e+02
1.268024368245780096e+02
2.182718563485433947e+02
1.677260849391875581e+02
2.029538437662672834e+02
1.900132172593137341e+02
1.092814940029822850e+02
2.210824205098196273e+02
1.605577017005279288e+02
4.776136716781537928e+01
5.655540087239300107e+01
2.346869866587555720e+01
2.015569387129763079e+00
8.892128503969716746e+01
1.201926534619939986e+02
9.573486184691981293e+01
2.026473363883955869e+02
1.844917853591369976e+02
1.228679104230765660e+02
2.148488049726056772e+02
1.675070083788652369e+02
2.035689817728490425e+02
1.927363459834607795e+02
1.126062781752645492e+02
2.284846793682967814e+02
1.660687678852085583e+02
4.975255165450147388e+01
5.883426085275292650e+01
2.445076861275954982e+01
2.103000364720198689e+00
1.046790453291526575e+02
8.497851087862630948e+01
1.774674577582239579e+02
1.612330493942698126e+02
1.116737465550224471e+02
2.003800489964132225e+02
1.600162383224888174e+02
1.969307582181344571e+02
1.898521438326746420e+02
1.132864597391352390e+02
2.316757507224692461e+02
1.692013625078612620e+02
5.115731571645642362e+01
6.055253382724924904e+01
2.522747166811591768e+01
2.173850077004854331e+00
7.017882888695199028e+01
1.438274387285048022e+02
1.306267041733743213e+02
9.583858797680838393e+01
1.784534858512999165e+02
1.473712771642369148e+02
1.849464740539837919e+02
1.827764788994543039e+02
1.120804247935239886e+02
2.320369033196696762e+02
1.708757208979011182e+02
5.227066874332730606e+01
6.203741501221630728e+01
2.593534315635805143e+01
2.240023178134909365e+00
1.211045129438126935e+02
1.043099458390967271e+02
8.186369610681180120e+01
1.580769881223218363e+02
1.352723516541008166e+02
1.725745425824858046e+02
1.752262716003404250e+02
1.110779285081501939e+02
2.329987244820768524e+02
1.731534135590503638e+02
5.375425309217244774e+01
6.398706613234194407e+01
2.686292471517529989e+01
2.326721844569351383e+00
6.196783918707365757e+01
5.835288593048182548e+01
1.229378469495336788e+02
1.127473288882256384e+02
1.497336831229176255e+02
1.589269036395002956e+02
1.054744533118496861e+02
2.267413685312073710e+02
1.715586780839302889e+02
5.431196160749487944e+01
6.512618599661038843e+01
2.751079745025337786e+01
2.391531710810085087e+00
5.392277520879205355e+01
1.127747070636449109e+02
1.064487358162471651e+02
1.398295886018542831e+02
1.521239067936353138e+02
1.060183511676554531e+02
2.302553742016958154e+02
1.757480558783194908e+02
5.702208019182840815e+01
6.860096211958914125e+01
2.916714802992749256e+01
2.546587587412346476e+00
1.147509253356540171e+02
1.043718095239926527e+02
1.301089401270619135e+02
1.437387726723789285e+02
1.063492593405550934e+02
2.323633623121126845e+02
1.789692928531831626e+02
6.000755051796915041e+01
7.257422943832548867e+01
3.112874820273317411e+01
2.733051652598729842e+00
6.821175168571713243e+01
9.462124140510590564e+01
1.150434589753594850e+02
9.446646250897701691e+01
2.154253186799973321e+02
1.720594824010262300e+02
6.046656216715403787e+01
7.445538365270702741e+01
3.239890344536050293e+01
2.866955451962158730e+00
8.235944398026654767e+01
1.026806089283906545e+02
9.425574238984837905e+01
2.127508550868157897e+02
1.715976021627514001e+02
6.425336406588488103e+01
8.016544345008945527e+01
3.549240473283992969e+01
3.172756554454648992e+00
8.317555494964413754e+01
1.908920302287549191e+02
1.595224139601965589e+02
6.562726143356967157e+01
8.442331588219535377e+01
3.842585113023363164e+01
3.486539466808911580e+00
7.253622769251673219e+01
1.849506316117028177e+02
1.488258428963600295e+02
7.021136416511515677e+01
9.308626554338728454e+01
4.402150564142264244e+01
4.080849221752538725e+00
9.354810695564896150e+01
1.202189012805398676e+02
7.078472237168514880e+01
1.002531864622740017e+02
5.060447885486374986e+01
4.853083648847572817e+00
1.559674068336665584e+02
5.302237707701861780e+01
9.166958950771991965e+01
5.267777437237576521e+01
5.362251531697138418e+00
5.666946053627761160e+01
5.272862580620267892e+01
9.686357448279802895e+01
6.682670478807835934e+01
7.520643607165049538e+00
1.163512763209747192e+01
9.963069237884464258e+01
8.543126580028311423e+01
5.292636004853915210e+01
1.229224712046936574e+01
2.635514195685975736e+01
