8.240934470921202148e+01
7.270249892940958603e+01
4.437812255183035859e+01
8.687761903967819421e+01
9.102832046853681902e+01
7.766768679144780663e+01
9.443723489655602066e+01
1.006125927831449332e+02
4.850093881476187363e+01
2.994832637946707621e+01
5.485380740508931297e+01
5.409629795880884018e+01
4.594375859753601077e+01
4.875082626553660958e+01
6.194446317356777598e+01
6.025107405160439100e+01
5.205151368370598419e+01
6.262181809279945810e+01
6.682181355853110460e+01
9.182816810223731352e+01
3.790074571121436975e+01
6.807445826146238232e+01
6.466225646955811612e+01
5.553810086259217371e+01
5.959445807156428998e+01
7.954290285511805791e+01
7.720182438020273707e+01
7.930683697776974839e+01
7.746129528762880057e+01
7.482532860538320563e+01
7.630064488317474058e+01
9.399654386946879470e+01
6.091115621404406966e+01
7.692214754498104412e+01
7.574153873240436496e+01
1.077878509373230003e+02
6.647299912363294538e+01
5.718446551633320496e+01
6.166289160654214641e+01
8.123194318306620687e+01
7.193872354912328149e+01
7.672655135192000841e+01
1.099628026538517247e+02
5.455522867973134993e+01
5.937070955220637103e+01
8.689627749747242547e+01
5.583962302460699334e+01
5.570012668138226530e+01
5.835535627245339896e+01
7.483066888270282391e+01
2.846864837990755959e+01
3.142065361885329722e+01
4.133679272827375684e+01
3.717982117193278668e+01
4.653262727718284708e+01
3.467528120141754044e+01
6.246517151505897658e+01
5.310945590847029507e+01
8.874825216903848002e+01
9.059143364887960104e+01
8.080470998360880230e+01
5.995593215468106507e+01
1.074731272580471284e+02
6.330887644928582603e+01
6.815041778675599460e+01
9.600419405570531239e+01
5.696079355411530543e+01
6.541565424625295577e+01
8.518657808517423291e+01
7.822563507616168010e+01
9.861649794512840117e+01
6.598138362898455966e+01
1.105547349498932874e+02
1.162300812922629376e+02
7.890483345868616993e+01
1.388381245840721192e+02
8.077415849682354576e+01
6.152926045759376450e+01
1.012998655714337701e+02
1.056387851398613975e+02
1.031501592933699385e+02
7.783456494857200880e+01
1.423549642347997803e+02
7.349931051559676121e+01
9.019922275704030312e+01
8.407030707121359114e+01
1.057389055477808597e+02
7.158069374431232745e+01
9.387392171445429767e+01
1.667654749842141086e+02
9.963749886031550318e+01
1.398511255624629257e+02
6.558696868523857404e+01
1.223051716149499697e+02
1.088586734558451070e+02
7.738109646705912326e+01
1.391940737981080076e+02
8.442675474468511254e+01
5.636289334356331437e+01
9.511600949705157859e+01
1.049225326523358461e+02
5.476629958745836291e+01
5.358093899998723941e+01
6.830244747007853334e+01
4.767363153032336953e+01
6.324337675019663152e+01
1.061811428342034986e+02
9.643732012778798435e+01
8.648468383149037209e+01
6.078245875103546325e+01
8.284876170196260148e+01
1.299729439054752049e+02
6.242354424785563793e+01
1.110583946723241127e+02
1.020291944199603904e+02
5.911929873440805494e+01
1.059207461287340664e+02
6.577939591804212682e+01
5.887870643382517954e+01
4.253200450022983858e+01
5.676429976674091904e+01
9.503285861905116860e+01
1.111728422492116835e+02
5.430158460655434993e+01
6.592755517219453054e+01
9.068507923103605606e+01
1.324096306687156641e+02
6.440357791766976447e+01
1.165623138315195888e+02
1.067750636878290749e+02
7.935359639699466072e+01
5.945280759456908726e+01
7.866002320338454012e+01
1.288553543217067840e+02
1.493023797882628969e+02
7.075107717267823659e+01
9.800181902260607103e+01
1.085239638886736913e+02
5.964341184825517672e+01
8.297293511803643185e+01
1.281083002667832602e+02
6.425333542592191804e+01
6.255755858266186209e+01
1.007857982391639808e+02
1.160072033786329797e+02
5.579646150830298268e+01
6.213472808791825486e+01
1.052704197636581966e+02
1.126009524851209989e+02
7.157638069454608853e+01
6.252700104348709687e+01
8.738080001616631876e+01
7.563987321595359958e+01
1.193810359093857159e+02
1.356819425094553253e+02
6.636979307251412763e+01
7.481905684443132998e+01
1.232038888906950831e+02
9.657812062925684415e+01
5.705810840883162172e+01
7.497958618678322296e+01
8.210096449223901516e+01
4.102296769149225497e+01
4.691541081101117783e+01
7.782517027884229321e+01
8.331473456949929357e+01
8.978109457131550641e+01
4.720641602954592742e+01
5.675620837724878953e+01
9.660758993787523252e+01
1.033967217836453472e+02
7.915547392987174646e+01
1.402228551736362192e+02
1.505731200435059520e+02
7.659987033339929496e+01
1.387470385123872347e+02
1.456041761235230183e+02
6.099489906011316265e+01
5.868904076130612424e+01
4.736474092034299588e+01
4.744465956369189996e+01
4.691594840020213297e+01
5.332480141522643180e+01
4.934502452874979639e+01
6.871687518131498962e+01
7.258020808748250374e+01
4.901060165178971317e+01
6.893120703164927932e+01
6.977769724647706084e+01
3.387770703825080432e+01
4.885180938199442835e+01
6.958808586362381732e+01
7.143410373170414118e+01
3.665865359565088966e+01
6.656343442767895624e+01
4.890459100181194430e+01
7.075613333193717835e+01
7.500157544804432064e+01
4.178956395322043704e+01
8.258468145418990503e+01
8.264489868562152708e+01
4.890635261351994956e+01
7.131228778032766513e+01
7.690478442978093199e+01
4.525201926604697888e+01
9.487802273670789077e+01
9.864094619795093877e+01
5.923774672052520174e+01
4.877977885835888827e+01
7.104749235890837156e+01
7.652096258372075965e+01
4.603452610459694228e+01
9.876185140319967104e+01
1.052211030917532639e+02
6.730924354136477916e+01
5.314948719131566435e+01
4.873425415780014447e+01
7.106751284727374696e+01
7.679005708132500274e+01
4.717528033906297935e+01
1.038924657197144512e+02
1.147895760352839716e+02
7.864007101234808772e+01
6.602445535697741263e+01
8.233201617559240049e+01
4.864609887400497001e+01
7.081430480243524528e+01
7.627285920666598429e+01
4.723147987394391834e+01
1.047701310752339623e+02
1.174266560338878094e+02
8.372608101692969740e+01
7.216139577390840998e+01
8.790259808142165809e+01
5.974391941725482980e+01
7.679459056441956477e+01
4.825402481688114165e+01
1.092742391208093835e+02
1.265765367693250454e+02
9.545178197295960842e+01
8.764638210900272952e+01
1.130625426424797695e+02
8.403304576714162977e+01
9.111367785557544607e+01
4.862723285153607833e+01
7.094358081164463670e+01
7.680406046707389578e+01
4.861765227744603379e+01
1.111835072145909749e+02
1.312405815357886070e+02
1.027976689924195455e+02
9.853494231129405989e+01
1.318599864137815985e+02
1.034430523145571499e+02
1.206755714661183276e+02
7.445817008763484068e+01
4.853304539019099195e+01
7.058381535902087478e+01
7.596013986599434986e+01
4.797861982183344054e+01
1.090798889803938181e+02
1.285551491078174422e+02
1.022346009620925145e+02
9.941742667348262330e+01
1.329853871456184322e+02
1.049444973257956093e+02
1.218643372390218076e+02
7.345483920121945687e+01
8.142537936962760625e+01
7.505636401176319339e+01
4.720701538094121474e+01
1.063277431464615859e+02
1.243813336797974358e+02
9.954762213075592570e+01
9.721686267573193163e+01
1.285444198440489743e+02
1.006017420606620334e+02
1.138511246862111079e+02
6.541073575632914583e+01
7.091662825285992255e+01
8.197049801403490221e+01
7.515770873110383832e+01
4.746215656603007460e+01
1.074581168026280551e+02
1.269279237897582107e+02
1.035834099306551792e+02
1.036361426946058515e+02
1.331722810520902556e+02
7.984327114962719918e+01
9.320503619292874475e+01
1.236580979846924464e+02
1.034554728542722444e+02
7.520921343255116653e+01
4.763373924776217194e+01
1.082333536567598031e+02
1.287514447680593150e+02
1.066677428580735665e+02
1.087832895850625476e+02
1.502903306674512862e+02
1.248724530730960680e+02
1.508386509837096696e+02
9.363853010576686131e+01
1.151377434001088460e+02
1.658493005301192511e+02
1.557094375790311460e+02
4.840053949154809487e+01
7.014574892451389587e+01
7.498277432710364110e+01
4.748661568529350063e+01
1.077521872971411625e+02
1.282317026331603245e+02
1.070364660040857103e+02
1.101847211542036575e+02
1.532475942369505049e+02
1.288836024008901688e+02
1.572920915976427807e+02
9.861021226034041831e+01
1.230825843556706189e+02
1.814719491682717774e+02
1.718857071819859357e+02
6.444475051723625825e+01
4.837116773973397699e+01
7.003988361116734040e+01
7.474042542686622426e+01
4.730646897277697605e+01
1.071293455453451742e+02
1.273944676088124908e+02
1.068959849570832290e+02
1.107830358172819132e+02
1.617542646406142808e+02
1.023558498192691673e+02
1.294701053013068304e+02
1.949894342714709126e+02
1.881060763679454624e+02
6.998086030816143932e+01
5.647611493814452643e+01
7.823540553457571889e+01
7.374510481803545758e+01
4.619121743190526530e+01
1.009714301942249932e+02
1.184911751077117117e+02
1.011494921554429851e+02
1.063695794275333952e+02
1.495484076575060328e+02
1.283355457169143108e+02
1.590956626506887233e+02
1.012776052313006403e+02
1.286783962295744459e+02
1.945748742253144314e+02
1.882007667677749794e+02
7.007894516239274196e+01
5.656095174078669885e+01
5.704158851723781254e+01
3.825987365726162182e+01
8.350191297249634204e+01
9.916410264847633016e+01
8.794315209545855794e+01
9.546043510227934803e+01
1.371574022072260846e+02
1.204316132209939241e+02
1.261333715803201585e+02
1.924052257022703429e+02
1.872249331679841191e+02
6.994943704678911445e+01
5.655231902787478049e+01
8.620175753977825650e+01
7.837486796797294630e+01
8.712481760716977419e+01
1.267510410917465862e+02
1.135493961683154538e+02
1.455081617630441144e+02
9.529647073998513918e+01
1.904648771472901103e+02
1.864875183125284366e+02
6.989539574458929394e+01
5.658816743963308937e+01
7.664017965150178213e+01
7.049491099481477363e+01
7.975902332390238314e+01
1.165500760200349220e+02
1.064685010071235780e+02
1.385112400281042255e+02
9.208053417663808204e+01
1.856562708544507245e+02
6.984767484354814826e+01
5.664093085905220448e+01
4.727001652437574819e+01
5.024047592057102918e+01
6.201780572981844841e+01
9.535264721434421631e+01
9.164813588092016516e+01
1.240134303005045666e+02
8.527442411538849854e+01
1.150590220254157430e+02
6.939855068359300105e+01
9.168207764723280206e+01
8.799006400328285338e+01
1.189004898942767312e+02
8.252266464537653690e+01
1.123450641035230007e+02
1.804797476648681993e+02
5.670148949123872484e+01
7.011494142831379861e+01
9.097823657776439177e+01
8.660514236116719644e+01
1.154697134979920179e+02
8.049058300838471780e+01
1.100392811934561763e+02
1.786423438283732139e+02
1.822840873229995964e+02
6.727420335747859781e+01
7.110715950360415150e+01
9.928023620105028613e+01
7.243590790548272196e+01
1.022523784788416776e+02
1.711014498616804076e+02
1.788601412125100296e+02
6.943771538520712738e+01
5.484737392837338632e+01
8.061161885043945574e+01
6.257332410351899199e+01
9.198716715867105620e+01
1.602484008085979781e+02
1.734045032327420017e+02
6.876239860984506436e+01
5.704746090595541830e+01
8.783572690213624412e+01
1.539724435003113570e+02
1.706528630010317613e+02
6.887300323631401966e+01
5.749721696348161259e+01
7.979637354388593451e+01
5.201203636628940785e+01
7.676043041186527205e+01
1.387533610847326884e+02
1.615467172852924875e+02
6.780686264729392576e+01
5.764207489568735809e+01
1.306723961693782883e+02
1.550719980389907562e+02
6.762818962370636200e+01
5.845913448175397065e+01
6.219806636308773307e+01
7.604860232987418556e+01
1.269643480708705710e+02
6.229791268444673591e+01
5.757158642341300947e+01
9.587742403464542917e+01
1.026764868547697631e+02
5.725770493832055763e+01
5.746288887434128867e+01
5.914271922412153515e+01
6.289820902613388398e+01
6.974242486621837145e+01
4.744465956369189996e+01
6.302997143799545654e+01
6.457179499894596120e+01
3.524079496341148143e+01
5.477624865626039252e+01
6.934432570764153070e+01
5.867996117361241915e+01
6.345827561085209823e+01
8.545627897311393895e+01
5.576537517048685544e+01
8.140325621092354424e+01
9.678296620601000200e+01
7.377222334764249467e+01
6.052177825422597124e+01
8.789991995557743110e+01
1.024191516729633378e+02
5.847768146148022339e+01
7.319827313360799792e+01
7.902691010409911598e+01
7.507625763966920829e+01
7.340162579571463652e+01
5.579682990294648448e+01
1.008514700442048593e+02
1.071327458650442424e+02
8.677976721805131888e+01
7.812991642144065452e+01
8.766748478716547766e+01
8.378155175558684675e+01
1.052823372968492635e+02
9.148181214296097608e+01
8.836304879877575047e+01
1.056459945294364360e+02
9.350502379460684210e+01
6.214542909983291707e+01
9.680412650134417163e+01
1.040124982700915695e+02
1.001988504071880186e+02
8.922504226387134452e+01
7.744320508636945988e+01
7.720003767476927692e+01
1.075555883348554573e+02
1.065154023258653240e+02
9.557929272990699587e+01
9.766694654067485715e+01
1.018198347905726990e+02
8.326544178213032410e+01
1.045875291238139084e+02
6.499777275227884843e+01
8.508431369318428494e+01
1.095082556189663450e+02
1.100222622399185326e+02
1.298155955714782408e+02
9.377513082943228540e+01
1.032822171691640847e+02
8.667191998631105321e+01
6.934505065166084137e+01
9.813283483423708731e+01
9.844318427053653409e+01
1.100457589955592681e+02
1.269357924489463869e+02
1.119869489831197740e+02
9.966417727037375585e+01
1.010826396418916886e+02
1.044603134067280195e+02
9.384381900967508727e+01
1.408160272717838950e+02
5.972232152638765967e+01
1.210537005910780266e+02
1.339616641774273091e+02
1.374856691713486612e+02
1.140192414439300137e+02
1.113290989605216907e+02
1.379137694717020111e+02
1.216046302986405721e+02
9.485973484126893140e+01
1.344238057695351358e+02
1.534059663858572264e+02
9.527129209351942052e+01
6.226245203736367273e+01
1.206425484974209184e+02
1.265881670331586974e+02
1.362022846994264569e+02
1.212539378864130839e+02
1.085236218793247076e+02
8.527442411538849854e+01
1.306874964058823139e+02
1.366763459936037748e+02
1.207636818092605466e+02
1.615467172852924875e+02
5.736043305119986968e+01
