9.140678988950936912e+01
1.094987323585237817e+02
1.398317544723731203e+02
1.510020074319132846e+02
1.848777134945204921e+02
2.018665801247913976e+02
2.262110296401855010e+02
2.723696235457396710e+02
9.282204537862170923e+01
1.172904648627679052e+02
1.297130352838442491e+02
1.597764140891794113e+02
1.762084423714153445e+02
1.861229971421194875e+02
2.137970648069808135e+02
2.688019057931820157e+02
1.549286727776743362e+02
1.794066572029213660e+02
2.238439894856693684e+02
2.380648831633589566e+02
2.521192207344441556e+02
8.819934845176265981e+01
1.011514314277829385e+02
1.270910880054743615e+02
1.427623561013994617e+02
1.538934053902338235e+02
1.854644026048744934e+02
1.995923018038514272e+02
2.249526229689811885e+02
1.782669363779343712e+02
1.938514180036592620e+02
2.212651973704092541e+02
2.377032208627959733e+02
2.341135316050766164e+02
1.371720442007420502e+02
1.629056348782313250e+02
2.145923378291805079e+02
2.197352434193402928e+02
2.265992189230883582e+02
7.827267150404323104e+01
1.004246269299555934e+02
1.155757055305336536e+02
1.276138206075771393e+02
1.557676708485312247e+02
1.458980351451590138e+02
2.068836639343142565e+02
1.957548287280598345e+02
1.528281924729672312e+02
2.177341250822327368e+02
2.070114308545044537e+02
2.322342993712862551e+02
2.520181403116861532e+02
1.576150904789180629e+02
1.723077319415332056e+02
2.036853653827929804e+02
2.244830499745444570e+02
2.268346794829605528e+02
1.010856397575320500e+02
1.156192115601379129e+02
1.298545485433441797e+02
1.586708092728402448e+02
1.492914324525025336e+02
2.130278253511694686e+02
2.082686831572048334e+02
2.207016237881774998e+02
2.084241169566180645e+02
1.927954191092366329e+02
2.231539122796639560e+02
2.287908185955771501e+02
1.901088394842392404e+02
1.879116584118498565e+02
2.011721174742754670e+02
2.192873125070696858e+02
2.348483223321207163e+02
1.285872524176777176e+02
1.883600101817615950e+02
1.859505591823699433e+02
2.158458051134379616e+02
2.408845299551214794e+02
8.554429397522827117e+01
9.961994127945527566e+01
1.229253763395906560e+02
1.167498360214323014e+02
1.691256745450608605e+02
1.751562862381090326e+02
1.644859427654624824e+02
1.939995216718204176e+02
1.742968527405463703e+02
1.958110234275501398e+02
2.132541046192371539e+02
2.219483993567659184e+02
1.834923822619576299e+02
1.734685456275735476e+02
2.057292789655774925e+02
2.171018756329965242e+02
1.675700370974512055e+02
1.693006106339778398e+02
1.856068294802792593e+02
2.079205984536442884e+02
2.283298742506087251e+02
9.941901458867725694e+01
1.140707462433694843e+02
1.666803007802675438e+02
1.746090999273674527e+02
1.613197377382150535e+02
1.830352943346471477e+02
2.033088774246032813e+02
1.201239907017155844e+02
2.008215914514584313e+02
2.081987816489931902e+02
2.192657815862498012e+02
2.471286395846272228e+02
1.719401938360757356e+02
1.956291819768366054e+02
2.078120207777920996e+02
2.059659389844229054e+02
1.503252492010448691e+02
1.718583681525975067e+02
1.924802745360665313e+02
2.067719592499143175e+02
2.031727291835875064e+02
9.823649520144232383e+01
9.347692539289025149e+01
1.392110890658736935e+02
1.483203246697275404e+02
1.395270855981312081e+02
1.526914647581050133e+02
1.753520968222330794e+02
1.899612826580852527e+02
1.865012827614863511e+02
1.914375771594365290e+02
2.065307186329951321e+02
2.326307870426990689e+02
1.727540427773729164e+02
1.827749449653073270e+02
1.973288908181414456e+02
2.281186296069485024e+02
1.873226379040694383e+02
1.222152360913567861e+02
1.427195623009132532e+02
1.651984866476539082e+02
1.837598631999485690e+02
7.106814764447096877e+01
1.072263231542426070e+02
1.168215344071384294e+02
1.123174077825461552e+02
1.246195605301491725e+02
1.419307509673984953e+02
1.519272093323277204e+02
1.669036064991698538e+02
1.777911382201478148e+02
1.889339039710789336e+02
1.913101749035079706e+02
1.645594475871940574e+02
1.713077134956196801e+02
1.894122617987511319e+02
2.182953799540242130e+02
1.461531596727263036e+02
1.575393723187847854e+02
1.742514529014494826e+02
2.069016185043330438e+02
1.220097640363139391e+02
1.428314914005111689e+02
1.602619404845804638e+02
1.697031578462913046e+02
9.825093382798682740e+01
1.089456958678827476e+02
1.074321470156330349e+02
1.205176249666182002e+02
1.378641580254778773e+02
1.470896418465206068e+02
1.544931851459808172e+02
1.746043298867784017e+02
1.910329452356706099e+02
1.832813869893190883e+02
2.321359568599044678e+02
1.601573039090201860e+02
1.813302777709751865e+02
1.728557694113637524e+02
1.501326478323119602e+02
1.689137501352529114e+02
1.314512436753681186e+02
1.390983026930862252e+02
1.586270668653643554e+02
1.880868266065271825e+02
1.176864796068754941e+02
1.293418984969764836e+02
1.468457245410165513e+02
1.794033857552475979e+02
8.289879289515576488e+01
8.281313785717537712e+01
9.331007703648988638e+01
1.061526040892579061e+02
1.140667036355812201e+02
1.198291255087135738e+02
1.297816920915774688e+02
1.375290332385558827e+02
1.775746282540538914e+02
1.730182156057562679e+02
2.264897438102093190e+02
1.725384999615720290e+02
1.676794565480509220e+02
2.151935216283551711e+02
1.428565797213365443e+02
1.645406470369697161e+02
1.596322871113614212e+02
1.328205737055363613e+02
1.447767450969953700e+02
1.548050759809366639e+02
1.208067566943147000e+02
1.285474587474286352e+02
1.500313007904183848e+02
1.817937086620380001e+02
8.884944887081786646e+01
1.009309409833521300e+02
1.146152654607120809e+02
1.246594571622123482e+02
1.322618036246008444e+02
1.357218050714541562e+02
1.590777381867749511e+02
1.574109733391669295e+02
1.589371659756745601e+02
1.628501164302973052e+02
1.495523147468375100e+02
1.477163535639282941e+02
1.927256254850196910e+02
1.202136571622889676e+02
1.418110888691073797e+02
1.410793058295020899e+02
1.161588571989496756e+02
1.284271096895421351e+02
1.424094968964172665e+02
8.549752618383237746e+01
9.287826773866515850e+01
1.008513345225115927e+02
1.069537024313088978e+02
1.097979917752293204e+02
1.304290248459960821e+02
1.303133033347796754e+02
1.722582848986401700e+02
1.469337706865846656e+02
2.194317380885562727e+02
1.328316878853161995e+02
1.385241928313105575e+02
1.285101676377486797e+02
1.291001419424840151e+02
1.776803321627651826e+02
1.191573569300858395e+02
1.206319130347237092e+02
1.615879291769267354e+02
9.046806657094704462e+01
1.096066700678732388e+02
1.123417017088244592e+02
6.854299314957823697e+01
7.348253819646119211e+01
7.777902555799271056e+01
7.941726718971052890e+01
9.542974829669306303e+01
9.693312424929112581e+01
9.758922956498196299e+01
1.363317616543548070e+02
1.304113460152104835e+02
2.092600144860259377e+02
1.220349353281730203e+02
1.845744271673811738e+02
1.088395259470368899e+02
1.154195964454651175e+02
9.906172852183047439e+01
1.008043941064021425e+02
1.425292475632104470e+02
8.869309232813697008e+01
9.047211880573608767e+01
1.220608052501521286e+02
6.419592485113452085e+01
6.805599779619565481e+01
6.957800994784419402e+01
8.484169827044982526e+01
8.691526260317624519e+01
8.629095042631342949e+01
9.189802989666424082e+01
1.382481815767249032e+02
2.573953047441424360e+02
1.108045249716326595e+02
1.812136857267482526e+02
1.032077588288008201e+02
1.578741070209189274e+02
8.592980037963397422e+01
9.213490026774488229e+01
8.358357636825746795e+01
8.558227788498305699e+01
1.236319358412483638e+02
6.195111853885875064e+01
6.334081677818802092e+01
7.901860526118328210e+01
8.167896366574558442e+01
8.167982527951896543e+01
8.725973027816412753e+01
1.334733138153340803e+02
9.752840598539282269e+01
2.135769246641191046e+02
9.024865916445180858e+01
1.507715765645538681e+02
8.048100145170127462e+01
1.243017464733414528e+02
7.189917836192930167e+01
7.889015113113818245e+01
4.857813715457378123e+01
6.266920392638374437e+01
6.568310980766112550e+01
6.630828258547336418e+01
7.170752032518980457e+01
7.488196881858384302e+01
1.272022804128622511e+02
8.206519226015817026e+01
1.729896267644280670e+02
7.342361446195563701e+01
1.256941166764790978e+02
6.582689166494220956e+01
1.022943418176468526e+02
5.816269062138227497e+01
6.246486090665445090e+01
6.577965851702182931e+01
1.458726400395654537e+02
6.905007403319446269e+01
6.754176684266124653e+01
1.402935555818988007e+02
6.031559497852400398e+01
1.050183972730238082e+02
5.262873233020101083e+01
5.708701552777101540e+01
5.556876436948838460e+01
1.153703693549459501e+02
4.238224129868019219e+01
4.533587035180778457e+01
4.931015570443828722e+01
1.091535370804752318e+02
5.082832781543159228e+01
6.067353224709969339e+01
4.525944572921731890e+01
3.920309252714115900e+01
4.179725981402164336e+01
8.863143091481171609e+01
4.207579123714847213e+01
5.058720662899705189e+01
3.989203000908188557e+01
7.577780324713751270e+01
3.638822995671912963e+01
4.353874404053342317e+01
6.708975099980180801e+01
3.246653527396212979e+01
3.867976958515566821e+01
2.535675766397753961e+01
3.035467283697308361e+01
1.116598344731033308e+02
1.048183228996299476e+02
1.004628881050523290e+02
1.117810669790245868e+02
1.479615608692079718e+02
9.808574301629056436e+01
1.482017791103175455e+02
1.136884911161770617e+02
1.473545792523876514e+02
1.063481578388481381e+02
1.865837494777153722e+02
1.831438192681479791e+02
1.446252063603315605e+02
9.942935159791186095e+01
1.876854278959312978e+02
2.044163727447304382e+02
1.432051041860076737e+02
1.109104338532384446e+02
1.799148117486291483e+02
1.916156644135520253e+02
1.381662366263149124e+02
8.846307656284544407e+01
2.084795443339420444e+02
2.272223826416800421e+02
1.717998526085978881e+02
1.713696574622209710e+02
1.314015101578958991e+02
1.076155214752581912e+02
2.124196023363862764e+02
2.157053884711143610e+02
1.648356102688501608e+02
1.864453549777401804e+02
1.331204862390036112e+02
9.773387661909639235e+01
2.008419665286430416e+02
2.140002422904597665e+02
1.702508651259764179e+02
1.553785187871878861e+02
1.387732851963713472e+02
8.568437866025919902e+01
2.344057773912347784e+02
2.470691384778459962e+02
2.388891106162110702e+02
2.003396522163672842e+02
2.019285711033517430e+02
1.663197068036294866e+02
1.943149941229152091e+02
1.204423037678952682e+02
8.327420376681992309e+01
2.356299029189491989e+02
2.342144412326218799e+02
2.580000139553234249e+02
2.020471038337232699e+02
2.073744787340225173e+02
1.628846450722694499e+02
1.754270977226512400e+02
1.041779673565540207e+02
7.688448206053736556e+01
2.314068994770220797e+02
2.435339389026212018e+02
2.164985612930801722e+02
1.871189652553428857e+02
2.182222223681032744e+02
1.436038203583182735e+02
1.403202080178602102e+02
1.067357901428608358e+02
6.767977820572131975e+01
2.629346501403639422e+02
2.701617506578021448e+02
2.659310765251556745e+02
2.227419735439775081e+02
2.377682598490717965e+02
2.695985311929126738e+02
1.871834172532702496e+02
1.902981500879238581e+02
1.348166737596362168e+02
1.386595578281954317e+02
1.041978128646252628e+02
6.770386380146292993e+01
2.528250321888727967e+02
2.727534238472497350e+02
2.737837103258747220e+02
2.117704470775491075e+02
2.342530950709002866e+02
2.452664074257947959e+02
1.724297066030804615e+02
1.678464328674885451e+02
1.283905367844784280e+02
1.391455777733986281e+02
9.383470400508099374e+01
5.898788843553770533e+01
2.794522506652648985e+02
2.945210718157355814e+02
3.040034969318033404e+02
2.680194293017039513e+02
2.454502515285630579e+02
2.562238082685830705e+02
2.907088137681602689e+02
2.100062202812585497e+02
2.085135391669067531e+02
1.976957762152730425e+02
1.578860178584050971e+02
1.669941406213502262e+02
1.270360279448653529e+02
1.320370810099137202e+02
8.561038824807215519e+01
5.880592050718385622e+01
2.735195579910763968e+02
2.897979740091024041e+02
3.035036452101272744e+02
3.407366118030873849e+02
2.358721596068206736e+02
2.520246125539902096e+02
2.504556788396017453e+02
1.968084745416832675e+02
1.962918989333050490e+02
1.961482992773356955e+02
1.556079124006591314e+02
1.657186302477825848e+02
1.205176934497931995e+02
1.260789592000557207e+02
8.228299981005055486e+01
5.422608768832336068e+01
2.720215625602232308e+02
2.783983303798987095e+02
3.012538914907850653e+02
3.127400553053007570e+02
2.364933302118467111e+02
2.364666651457116018e+02
2.248640133886856916e+02
1.856126858901197636e+02
1.949482229684254264e+02
2.051835874763359584e+02
1.502585011431594069e+02
1.562862890032190251e+02
1.142034211064886904e+02
1.162505073080208433e+02
8.058605565350278255e+01
5.036467778457493694e+01
2.976346242448568091e+02
3.096132514158314848e+02
3.185236098480892792e+02
3.578523692567353010e+02
2.633874308948013550e+02
2.795192137235151790e+02
2.721017196932206161e+02
2.556298168298918938e+02
1.818997832493623434e+02
1.918918913125462495e+02
1.940304723565150482e+02
1.495096695460643446e+02
1.527632443160898106e+02
1.102171568191546243e+02
1.204862207220274684e+02
7.769432321732436719e+01
5.402432710226587176e+01
2.847424869276234176e+02
2.918632531337162845e+02
3.065273962625432205e+02
3.020076712973155395e+02
2.493128597091152869e+02
2.492280513957462631e+02
2.439125199445858243e+02
2.415298116598356728e+02
2.004717501949414213e+02
2.098604191482384635e+02
2.184569486807531007e+02
1.698143967734395687e+02
1.734394580018382328e+02
1.768394327506523780e+02
1.338392661817136116e+02
1.404457618970419901e+02
9.695616025079252154e+01
1.010333250418512137e+02
6.289541625612918807e+01
3.892593198059309145e+01
2.926953376144373919e+02
2.881873657009634826e+02
2.717801714415844003e+02
2.374734345391086094e+02
2.448363293268903362e+02
2.554960550663882657e+02
1.993485854715665369e+02
2.066785234503475124e+02
2.099189342333959019e+02
1.622165895495598136e+02
1.686374544657207366e+02
1.666415015764282543e+02
1.260622329246875779e+02
1.359997669151626951e+02
9.028906213805790060e+01
9.240190334817073392e+01
5.916071198870202608e+01
7.422920054440214699e+01
2.750709855687837262e+02
2.713738876417235701e+02
2.772181426221550282e+02
1.944784932447840333e+02
2.003231954156070174e+02
2.001866507459640445e+02
1.580629371069063041e+02
1.656857767602970739e+02
1.759565476498187309e+02
1.213699034935581125e+02
1.241533828511774260e+02
8.409676397970746109e+01
9.013172759294835146e+01
8.479956845219822981e+01
3.179133959528625653e+01
1.116598344731033308e+02
1.211078376533616989e+02
1.115446720372214031e+02
1.216523332187220774e+02
1.348611956293920855e+02
1.035504191774294895e+02
1.211640063868298824e+02
1.460782981891083239e+02
1.372521906090182711e+02
1.234857812547026441e+02
1.199560436323966286e+02
1.489989469933605619e+02
1.556412852252532559e+02
1.580797434072009082e+02
1.063690150522970157e+02
1.189317923835241402e+02
1.495192130009626226e+02
1.656467020550736891e+02
1.845630350650402249e+02
1.410404741515452258e+02
1.202286568562574445e+02
1.181582722640529965e+02
1.493001490947044090e+02
1.710806461031623371e+02
2.027708636420319408e+02
1.705510628513076767e+02
1.566528700881496547e+02
1.140592723992073303e+02
1.173592469474590985e+02
1.481314484319507869e+02
1.724426203787397753e+02
2.115880803884543013e+02
1.895695259386363603e+02
1.850177263597927322e+02
1.427468756723255865e+02
9.364229431911014956e+01
1.168939163010099946e+02
1.476122516341694677e+02
1.740052935444397519e+02
2.196275217888990596e+02
2.077659562317001587e+02
2.170143650570733200e+02
1.832665689456445648e+02
1.353507963492540114e+02
1.162472217205326643e+02
1.461749755237754300e+02
1.726951517689668663e+02
2.202064379293014156e+02
2.142048263543379392e+02
2.316868882826143192e+02
2.048722048488619976e+02
1.594001301770499026e+02
1.378729061548399386e+02
9.278763024497487777e+01
1.157695920994591319e+02
1.451078528633920541e+02
1.716548692360680093e+02
2.203862679147921142e+02
2.187454598248720004e+02
2.431016619213718855e+02
2.232763087065009415e+02
1.815801603706461265e+02
1.633470539925914409e+02
1.116155895613371882e+02
1.046250121772016826e+02
1.154815272197545823e+02
1.445398371578660885e+02
1.713594066027710312e+02
2.215245760970717868e+02
2.237035631591761558e+02
2.547843828844407028e+02
2.424163235215924317e+02
2.060110282147319651e+02
1.937930231771269973e+02
1.375401705374649168e+02
1.348539869678010632e+02
9.729521896060126096e+01
1.152375156355665808e+02
1.440311826356647202e+02
1.709622962909064938e+02
2.220106924316761479e+02
2.269814977812309849e+02
2.632442210610855113e+02
2.573695631542566389e+02
2.265685550393633036e+02
1.624505098345748593e+02
1.658873963004644452e+02
1.200490670908975943e+02
7.722781123030145523e+01
1.150095274243431049e+02
1.435159096082397525e+02
1.703914475613766513e+02
2.218183984578431307e+02
2.287037972060581978e+02
2.686447614190050786e+02
2.679937063711610676e+02
2.424369294969591238e+02
1.845567356785199138e+02
1.955246712994554912e+02
1.452354662386477173e+02
9.409988524331721749e+01
7.247854664099577349e+01
1.699132720848409122e+02
2.215931536352840965e+02
2.299417812604865503e+02
2.727703350093058816e+02
2.764693852543751973e+02
2.556827311918804924e+02
2.243823106805401153e+02
1.714253855173816419e+02
1.134143901370186143e+02
8.861178676136933063e+01
7.090914234657958559e+01
1.146750243568365022e+02
1.427578267329645598e+02
1.695196488352316351e+02
2.213837712082369364e+02
2.308827923853158097e+02
2.760304413798105543e+02
2.833738444574381674e+02
2.668594850932257145e+02
2.523313647608784720e+02
1.984477089365384188e+02
1.347859063012996046e+02
1.080173569527793660e+02
8.839025187300586595e+01
1.145556602334495864e+02
1.424922710463453086e+02
1.692232047875034766e+02
2.212596950073449591e+02
2.317099473125616953e+02
2.788081002216392221e+02
2.892729673151245606e+02
2.765903948179415579e+02
2.971136062613379636e+02
2.413452532557448365e+02
2.796207629795628691e+02
2.263814776470554477e+02
1.585402663318587599e+02
1.313780640601790992e+02
1.122007172669798365e+02
8.120824474099653401e+01
1.144401974660240739e+02
1.422200630859510397e+02
1.688634312445179546e+02
2.209045177857368856e+02
2.319988383672021541e+02
2.804210748200742955e+02
2.932268658904658878e+02
2.836223303041009558e+02
3.018847655361462898e+02
2.499155639880247861e+02
1.790481141884222609e+02
1.517267033944583261e+02
1.325879457813832119e+02
9.893389106207654038e+01
1.143517481662201476e+02
1.420187904315663161e+02
1.686174866305405260e+02
2.207174853199481674e+02
2.323901874962678278e+02
2.820103325421521845e+02
2.968753033084196318e+02
2.900069636126983141e+02
3.231354869701248163e+02
2.730832951258743719e+02
1.999782852882860880e+02
1.733272058889581615e+02
1.552020630421000646e+02
1.195515595001293150e+02
5.109856272940756128e+01
1.142851754033561065e+02
1.418750715376691005e+02
1.684649443091581418e+02
2.206721364056782022e+02
2.328790601663251039e+02
2.836127530017449772e+02
3.003263481184765169e+02
2.959209008511962224e+02
2.801578058281102130e+02
3.435557076981411342e+02
2.959636356403212858e+02
2.213494989147409910e+02
1.962305329790716826e+02
1.802277635679437253e+02
1.435176221786835526e+02
6.829080540910750585e+01
4.821903259023681443e+01
1.142283837448928523e+02
1.417528368108247605e+02
1.683349048959784966e+02
2.206303668588697633e+02
2.332833943038750419e+02
2.849494753846807953e+02
3.032273857697574613e+02
3.009457881410190225e+02
2.908148541788347643e+02
3.618778717395513809e+02
3.170203109945732081e+02
2.415732682264817015e+02
2.185413513341164276e+02
2.053534806528442971e+02
1.683973551498962991e+02
9.050328800775545801e+01
6.602442528494943019e+01
5.050048090686697577e+01
1.141843430580113221e+02
1.416628761791752424e+02
1.682541540427481550e+02
2.206560413730548760e+02
2.337145628579669676e+02
2.862293668764929180e+02
3.058963870559376232e+02
3.055000570903463313e+02
3.788370333061563997e+02
3.368675146901043718e+02
2.610613154039155575e+02
2.405705068955439856e+02
2.307966476089167145e+02
1.942453798234431872e+02
1.165486310080773080e+02
8.953035541642016426e+01
7.146443721745734479e+01
1.648161898421543299e+02
1.140651289912694182e+02
1.413320805213186304e+02
1.676519903538191727e+02
2.195645508729018047e+02
2.324316157421818048e+02
2.845294556303622926e+02
3.042650442784287748e+02
3.044523380578146998e+02
3.012034557074744612e+02
3.816494972997388686e+02
3.413223282467548643e+02
2.660299915684668690e+02
2.462567589813673692e+02
2.370917064400906042e+02
2.007066579373817490e+02
1.199714312302775596e+02
9.009872940276611075e+01
6.726514854214039474e+01
5.085570621942463987e+01
3.277409864166948950e+01
1.701516992183983916e+02
1.140440039488723869e+02
1.413018852833603489e+02
1.676682670973218592e+02
2.197379461720710481e+02
2.329695316217311643e+02
2.858271058076394979e+02
3.067069429940670489e+02
3.084016950170311020e+02
3.960324406327930546e+02
3.583889140947346164e+02
2.831296043437372418e+02
2.660212078781303831e+02
2.603962463108069869e+02
2.248287879202563602e+02
1.448710611603008260e+02
1.124955928273424064e+02
8.696245755048626336e+01
6.878214303260038776e+01
4.745849654994196243e+01
1.140204633720679936e+02
1.412599649769038024e+02
1.676499925268898039e+02
2.198212465252445327e+02
2.333366619344730566e+02
2.867848972592984751e+02
3.085928358107705662e+02
3.115454223367725035e+02
4.081434774781724855e+02
3.730284803577819162e+02
2.980765784873166240e+02
2.836222808323511231e+02
2.815444084763298065e+02
2.471721570440446101e+02
1.693305527093682485e+02
1.350041099667058404e+02
1.073395592689411302e+02
8.805727791375677782e+01
6.416742781904939363e+01
1.002305199311981596e+02
1.081081387728084167e+02
1.389086229886621311e+02
1.885956921857703321e+02
2.070395101471161183e+02
2.596102887269967141e+02
2.845662584611269494e+02
2.922511578865644992e+02
3.406184667675015589e+02
3.664680268569094892e+02
2.953838904721590097e+02
2.828985811098564795e+02
2.821869234683201739e+02
2.488422781158693340e+02
2.195566245378269343e+02
1.364126141826127707e+02
1.082836927374092824e+02
8.868016302581592925e+01
6.451644105178222333e+01
1.005776270674444532e+02
3.259861515443283508e+01
1.082648351565268143e+02
1.533962955492094977e+02
1.769226157577311938e+02
2.278548777409677371e+02
2.558744789652692475e+02
2.686212084297493448e+02
3.182357284789446226e+02
2.879685189359483388e+02
2.905107818048876425e+02
2.805459272173676482e+02
2.816199175467049827e+02
2.497915737884868861e+02
2.211373315147571930e+02
1.905091414389134172e+02
1.092544644539355687e+02
8.932965269350265203e+01
6.488428317865050587e+01
1.009455419188590071e+02
1.101238120324498766e+02
1.395693418386630640e+02
1.887076727689424445e+02
2.200698803786791871e+02
2.384886552701279925e+02
2.890492939167808686e+02
2.665438021258574395e+02
3.595450944594811062e+02
2.754946298003600873e+02
2.789416529896641350e+02
2.493590556304409347e+02
2.218618358796453549e+02
1.917131844994907226e+02
1.745902798236614331e+02
8.997180371951246514e+01
6.525548104167533836e+01
1.013211933998840948e+02
1.391465272426562763e+02
9.887034921786026587e+01
1.452185903436409546e+02
1.795886305175322377e+02
2.035828185904533143e+02
2.543696731046646278e+02
2.404153280702595623e+02
3.318924569902602570e+02
3.216958454521956696e+02
2.740138663965752244e+02
2.474317608169402263e+02
2.216564279393976733e+02
1.923944978459866775e+02
1.758910336261985776e+02
1.403624756540903604e+02
6.563670284303449876e+01
1.017116933364544593e+02
1.158982212940409369e+02
1.481313772719060751e+02
1.751191502563781057e+02
2.244369078399057855e+02
2.169674543356846925e+02
3.066027557013612750e+02
3.033825662340932467e+02
2.596235841012804713e+02
2.464028081541845836e+02
2.223161170042025105e+02
1.938406615834426248e+02
1.779353689636404852e+02
1.421325604329089174e+02
1.123721287087069953e+02
1.022260653093977822e+02
1.066398481701232441e+02
1.380659854859567304e+02
1.854051333520812079e+02
1.858616738344381076e+02
2.716937229144535308e+02
2.766699878370101828e+02
2.426513706750210417e+02
2.484492398891066500e+02
1.124433800962079744e+02
1.534149674813965873e+02
1.583813359476572771e+02
2.393930508377929698e+02
2.511561370043897909e+02
2.261310147155594166e+02
2.363428681752627938e+02
2.528484445054916137e+02
1.944769507801530892e+02
1.809641652496443101e+02
1.453650325454723884e+02
1.149155263156108191e+02
9.335179753662413304e+01
6.725752183814647367e+01
1.168209129215087358e+02
1.266519221554524819e+02
2.012655729633784745e+02
2.198684386988472284e+02
2.048907789265442432e+02
2.198668272419879202e+02
2.402924566884507840e+02
2.310063737324205704e+02
1.821549300162031670e+02
1.470265486491113336e+02
1.163384389534384553e+02
9.443500408456188211e+01
6.792307281498385407e+01
1.040541116594016842e+02
8.986299237879960344e+01
1.554474303452864490e+02
1.809177133463965959e+02
1.771005592210013049e+02
1.970465936542503584e+02
2.216389798904202166e+02
2.190360491036179553e+02
2.096046153967758130e+02
1.479697197878305133e+02
1.174558165519488142e+02
9.540629288967988941e+01
6.856453225365409310e+01
1.047407696563771253e+02
3.310852909422842316e+01
1.176544746654799667e+02
1.459681705182358087e+02
1.509855659031779567e+02
1.744461981189698747e+02
2.021388214531008600e+02
2.060201357943154790e+02
2.019396568506573431e+02
1.872610182237350784e+02
1.188970355987331686e+02
9.665190913146436458e+01
6.938292810728243865e+01
1.056108388356291243e+02
1.042604978067233503e+02
1.180139848292091926e+02
1.443384094102935080e+02
1.743621759419430646e+02
1.853786031850418397e+02
1.879438268011055015e+02
1.790966977674837324e+02
1.780525831975265021e+02
9.749761477369273166e+01
7.005957234670441380e+01
1.063893859502617687e+02
3.331613934398306043e+01
9.877220435421106970e+01
1.234600533210906548e+02
1.524770413537100353e+02
1.682590289660984979e+02
1.760137082300841485e+02
1.722485868983480941e+02
1.759565476498187309e+02
1.493921621690241182e+02
7.119238426151112265e+01
1.076200937614666628e+02
3.346979251046709436e+01
9.845823149796953544e+01
1.239984036185579583e+02
1.439705854338702977e+02
1.571862048699223635e+02
1.596548781191423814e+02
1.694528732463620884e+02
1.476786852192256561e+02
1.215082319822118961e+02
1.088272684833720660e+02
3.362514395637320774e+01
8.753681297703822395e+01
1.105765087056279015e+02
1.291886109615892053e+02
1.387314253507080934e+02
1.556828973335470891e+02
1.413358308748399281e+02
1.194988373910890687e+02
1.002833604884710326e+02
1.097712888841735861e+02
3.375760552854088559e+01
8.019402361772689858e+01
1.005643600697945885e+02
1.150469523732803054e+02
1.382905594932342126e+02
1.322668841140105656e+02
1.160397813898135837e+02
9.976193638355066184e+01
7.339940881819593699e+01
7.538103266589048701e+01
9.120844202211964102e+01
1.187870185395524913e+02
1.208485993506230614e+02
1.111317352539657435e+02
9.875362699295379798e+01
7.403430695988606658e+01
1.121304413060641991e+02
6.352546629385584254e+01
1.037040044279591626e+02
1.021703101702066760e+02
9.566261749481627419e+01
7.408147355620940289e+01
7.066701005346510556e+01
8.400380157998786501e+01
8.961120938123248436e+01
9.013172759294835146e+01
7.340351784610892594e+01
1.143021784817852620e+02
6.402812230694804896e+01
7.347347835548779926e+01
8.110220266577152870e+01
7.137726093722679366e+01
1.148714761976379179e+02
3.480374995904154645e+01
5.403079354988211236e+01
6.736344034083555243e+01
6.696848568580972483e+01
1.144313971145449500e+02
3.508964001890357309e+01
5.028933297902697319e+01
5.858944356184737501e+01
1.109934970391885258e+02
3.530109342926404992e+01
4.790214564802641917e+01
1.021993354540505123e+02
3.536309062344276555e+01
8.463342404930914142e+01
3.500219271859047865e+01
3.179133959528625653e+01
