4.650478480659305092e+01
5.335799907526048713e+01
8.396900802708802303e+01
1.026243709413698468e+02
7.335666568703784662e+01
7.334365809565930761e+01
1.282906037113883713e+02
1.291863811073542934e+02
4.694396058540456096e+01
7.278242227729515434e+01
8.256191981990060924e+01
5.917034901907485533e+01
6.038930630108410469e+01
1.125902508509261395e+02
9.795426518772154623e+01
1.131430681449256497e+02
5.826072039262709268e+01
1.021339358663616963e+02
1.054980376347273960e+02
1.137836007123882069e+02
7.885222507345986287e+01
7.751023645742198198e+01
5.479833615915541145e+01
5.704519753266346527e+01
1.055310853693101620e+02
9.023833966985586130e+01
1.040857341822215005e+02
1.134576384312631063e+02
7.915044187768404527e+01
9.311972599110798399e+01
1.035419624515486419e+02
1.237204336779676481e+02
8.576542514617284496e+01
7.705183537084542422e+01
9.383398442346852164e+01
1.097779956861613897e+02
4.762416269241287381e+01
3.556057493905403533e+01
3.951089724182487828e+01
7.447140044307248274e+01
6.512074647611983380e+01
7.070544184660556652e+01
8.371273875818013721e+01
8.992667345701556769e+01
8.355130111401699367e+01
9.939103471107520704e+01
1.071064258987533577e+02
7.323594534568043457e+01
8.859185185517077343e+01
1.016539239107222272e+02
1.255570204494601683e+02
4.038722767258810364e+01
4.766992195587477710e+01
8.875490667183665039e+01
7.786342503547045624e+01
8.664577489701805746e+01
1.098734517488792761e+02
1.002157377061858767e+02
1.207045924165987714e+02
1.083229530705603310e+02
1.340029098504746798e+02
1.244556607992712571e+02
1.256125084476217921e+02
1.124631766730026357e+02
1.335528949381653092e+02
1.077690979592170208e+02
1.288915371298668617e+02
1.406634509059429092e+02
8.147399033326030349e+01
1.330795091842303748e+02
1.082411228438095634e+02
1.198285659459119898e+02
1.510845551283543671e+02
1.333032480038148435e+02
1.680404359633399167e+02
1.608937731699559208e+02
1.029853115899274059e+02
1.242286570348268810e+02
1.643790788149988202e+02
9.845256473431213351e+01
1.256191823269696215e+02
1.219456511079748395e+02
1.103566548456977898e+02
1.018814038772677719e+02
1.270956449037877007e+02
8.626971016488676014e+01
6.208766896021062820e+01
6.901650775359874501e+01
8.709779650938698126e+01
7.701883703999264696e+01
8.315808663222404107e+01
1.017358289082401512e+02
1.365291136953459556e+02
8.078037911814602978e+01
1.197607628834616662e+02
1.255232743105623996e+02
8.561087349079882358e+01
8.335247426067073206e+01
1.046526200376807765e+02
1.442081811192015834e+02
6.170548530345091365e+01
8.060443469858631715e+01
8.117412756121331086e+01
3.652613791387872766e+01
4.429540277564857575e+01
5.823696786382377866e+01
5.295440477448999417e+01
5.881153080288075330e+01
8.647586200793303135e+01
5.980707083931659440e+01
1.135334681226879781e+02
9.863011918536339806e+01
1.922493078587549178e+02
8.353821001969049576e+01
1.255421015881644706e+02
1.183247703348262974e+02
8.152305005507018620e+01
8.068137742074675600e+01
1.013182557476817749e+02
1.390135796376013388e+02
6.969560146876089846e+01
9.140850007785321907e+01
8.276629206268943051e+01
9.315398963327771753e+01
1.374497012442322728e+02
8.902610113438467465e+01
1.357068081644494839e+02
1.511821486247946211e+02
9.287047805674866652e+01
1.836288626126312238e+02
7.186156402621199391e+01
1.092058617302749610e+02
1.165939039526071355e+02
8.255543356839817193e+01
7.744728382357644136e+01
6.590394382382879712e+01
7.278136359347872997e+01
1.046839117667905867e+02
6.802309415364918266e+01
8.255618960891949598e+01
1.632679621633844249e+02
2.167400120634717950e+02
1.355268054298050231e+02
8.446454735056714469e+01
1.681716694443569224e+02
6.443241842598433777e+01
9.827558279721347390e+01
6.572445998140287315e+01
7.009690093954574763e+01
9.629895638754135234e+01
6.238197474938272080e+01
7.597085645246647800e+01
1.249818264376272339e+02
1.397643719360866328e+02
2.056612991948443891e+02
1.358931447326050659e+02
8.268604526966015555e+01
1.614233344503921614e+02
8.277239289147591705e+01
1.091168838179751361e+02
7.066562991293416474e+01
8.651951799162476675e+01
1.429855651978673734e+02
2.106324584709847727e+02
1.922396948941421044e+02
1.327154501014807124e+02
9.491357849068151609e+01
6.194678239579779699e+01
7.648780038450283314e+01
1.268497471708401036e+02
1.831420489840981531e+02
7.127685173383886763e+01
1.670975568883823996e+02
4.619832382192709019e+01
6.226929891077570289e+01
1.083452678992659486e+02
1.579359320801497120e+02
6.274518614450060028e+01
6.925022138041332198e+01
1.264523943293618942e+02
1.846461715243071922e+02
7.523624963869671944e+01
6.896851640048741672e+01
9.391353560799034028e+01
3.872244460099307872e+01
7.574133520520041429e+01
3.346259578044681149e+01
3.452616693728366926e+01
5.450710638553896814e+01
6.460903919445026133e+01
5.023184574431496685e+01
6.675844946507830002e+01
7.329616056102854316e+01
8.220143794431389495e+01
1.114197677096972399e+02
6.419661698603282218e+01
9.411160284063296899e+01
5.819550939185199923e+01
1.168139421610786854e+02
1.526747930666913646e+02
6.323002949336616751e+01
8.980669698541602486e+01
1.037789362405677025e+02
9.682825517355257716e+01
8.366624578512309540e+01
6.579120654813702629e+01
9.854341787221184745e+01
7.899955248783162176e+01
1.055291840458804415e+02
7.136350635258374098e+01
1.339835557270095592e+02
1.050123297152434532e+02
1.016841566793547003e+02
1.337409297873050491e+02
8.957366226326797687e+01
8.773171369898371097e+01
1.227549728392471735e+02
1.319511167770144482e+02
1.146869180454966965e+02
1.106268494564901204e+02
9.417431859599209076e+01
8.130711225211510396e+01
1.221751262808464986e+02
1.458495767914519092e+02
1.149911648283526944e+02
1.117568667278709000e+02
9.498019075305414560e+01
7.170685829027286218e+01
1.432585662371088802e+02
1.537979763518354730e+02
1.977341289068064043e+02
1.377971153529535968e+02
1.284820602935530189e+02
1.176469969266350404e+02
1.332850182583958656e+02
9.088086987318645527e+01
9.750911688737778604e+01
1.553448263703633074e+02
1.693189110526366790e+02
1.601548483067579127e+02
1.358623367754061348e+02
1.435786561150111424e+02
1.179315295280630522e+02
1.178973710156793118e+02
1.143821390711173933e+02
6.351848248808800435e+01
1.612868618039059641e+02
1.599423375287786371e+02
1.518226075023310102e+02
1.393038369561869274e+02
1.498844018607033206e+02
1.267875367623107223e+02
1.163777705302868668e+02
1.043893941282134392e+02
7.050631862109474923e+01
1.607004541960187680e+02
1.797544634758594100e+02
1.652168236393293341e+02
1.364187705319576196e+02
1.436638970382423395e+02
1.602986418993803284e+02
1.336832300844374970e+02
1.219802995480635133e+02
1.018291081210742703e+02
1.377867056596084012e+02
6.852271779051250178e+01
7.193599472857488308e+01
1.699056286414887040e+02
1.691267412920094273e+02
1.764849337266329599e+02
1.500866854315971466e+02
1.474295243064115368e+02
1.426846983316898161e+02
1.204151094603354863e+02
1.428416292054990890e+02
1.032623779082022537e+02
8.488463665916935952e+01
9.252399044549605378e+01
1.215653872032543461e+02
5.450710638553896814e+01
5.829567760262556675e+01
7.366330125690710418e+01
5.621833595782403137e+01
6.847356540947868098e+01
5.166283199428091422e+01
5.461791701133991239e+01
6.545519725678899192e+01
5.705108367588492513e+01
5.744163462530553232e+01
5.447566009251908525e+01
6.709570708648908521e+01
6.781590225245641079e+01
8.353985294626603775e+01
1.038612157268159137e+02
6.793145765703424388e+01
7.490370012605195882e+01
1.060118340281021574e+02
5.436825610276437715e+01
1.412535056866166201e+02
8.442802309186164678e+01
5.369915871587683398e+01
6.605600565092561283e+01
7.496401987239514142e+01
1.117727105283417615e+02
1.471042272703899982e+02
8.120308477327129992e+01
4.586271948736061432e+01
5.337132333017272856e+01
6.527761793772101839e+01
7.583722640388361924e+01
1.185506593433798201e+02
1.626812849973375990e+02
9.610059225118114057e+01
6.268128492217637415e+01
8.470644923004091709e+01
6.461719399602691283e+01
7.613860487496175722e+01
1.226611076274342906e+02
1.733872605167775873e+02
1.083499516836672569e+02
7.784473800247511122e+01
1.123353198222092573e+02
5.311468552651317054e+01
5.284098600033039617e+01
6.380654067635891380e+01
7.564928652179870028e+01
1.237816356573257934e+02
1.770985660363608361e+02
1.145431427984087662e+02
8.749171216776876747e+01
1.303174608615042587e+02
7.464155317647909271e+01
5.268469275548833508e+01
6.338124526549370330e+01
7.559763547147920804e+01
1.254088540139937606e+02
1.821849072581545386e+02
1.220327561481321084e+02
9.872450679336012058e+01
1.551663981542244528e+02
1.093329698555740492e+02
9.147841485154175700e+01
9.392649547439305024e+01
5.255656550898273593e+01
6.302382558587946448e+01
7.547076033412038498e+01
1.263836894637978361e+02
1.855249335276494094e+02
1.275772655921696810e+02
1.078279538873002394e+02
1.770319354207353513e+02
1.293062962775869664e+02
1.107971240919526110e+02
1.152898269923443593e+02
9.401668698919360168e+01
7.479771371546860337e+01
1.255972590548872034e+02
1.843317406732057009e+02
1.283563934382433445e+02
1.113795951148272110e+02
1.870094916481056941e+02
1.385308321549125594e+02
1.189892172112108284e+02
1.209622891410448773e+02
9.229114436885976147e+01
7.484649145694451988e+01
1.264694500322546702e+02
1.870559146027400175e+02
1.325667337326952691e+02
1.183798187775577020e+02
2.053452714106426527e+02
1.577174382709413578e+02
1.412051742599134911e+02
1.501349275079660970e+02
1.205222536249903840e+02
9.528010625181372006e+01
7.477223041324634778e+01
1.268575877856500966e+02
1.884798951335443462e+02
1.352474995711756662e+02
1.233791340829637448e+02
2.192798876614157848e+02
1.731296539487838118e+02
1.600451042846990504e+02
1.760277267602138807e+02
1.465833156928077301e+02
1.263099936506910552e+02
1.454643464299478808e+02
5.215176372112066616e+01
6.181087636497034765e+01
7.432677855857536997e+01
1.261489097335489902e+02
1.871067244338487683e+02
1.349272766029029640e+02
1.246028754890773769e+02
2.241171486853660895e+02
1.791351197719330628e+02
1.677742763989464834e+02
1.860329841535699416e+02
1.548511799381143135e+02
1.371207483644061540e+02
1.634908517501054348e+02
8.350585504411932902e+01
7.353745522827674108e+01
1.244513056058077183e+02
1.832514168771130869e+02
1.319499980459052324e+02
1.224181749319450461e+02
2.205014633226562921e+02
1.761189838723097409e+02
1.802857655098860050e+02
1.459534263903253191e+02
1.281912927584097019e+02
1.505861287180696024e+02
7.356784650338005349e+01
6.075797802153627458e+01
5.629458178321804951e+01
7.354196218619340186e+01
1.247521265102461001e+02
1.841862641629849406e+02
1.335166115795618396e+02
1.252857104819415497e+02
2.287488934707458839e+02
1.857696283353769502e+02
1.983603576573159444e+02
1.642363382964769585e+02
1.494211407404064005e+02
1.835381991829020194e+02
9.506590220591650109e+01
8.698525342509866221e+01
9.903314004853233143e+01
1.461867605006103190e+02
5.148441188983906613e+01
1.091965227268182161e+02
1.593745687935788737e+02
1.187841066055800212e+02
1.150707150524182367e+02
2.144149323335696806e+02
1.773619453227833276e+02
1.719502369651709728e+02
1.948330061428332556e+02
1.624039457711537011e+02
1.487475385888700714e+02
1.834247070632943064e+02
9.519193213907000484e+01
8.717625154654254516e+01
9.924252378613826409e+01
1.462746502366252344e+02
1.302742096685368836e+02
1.008914858565585746e+02
1.019887598482040261e+02
1.951345893442062049e+02
1.654152579601617106e+02
1.640217285849691393e+02
1.889472532953645043e+02
1.591821723231325336e+02
1.472429150187062135e+02
1.826930887846537530e+02
9.514428909458273154e+01
8.729264747431753335e+01
9.942069128175799619e+01
1.045946225495804214e+02
8.357666581964231511e+01
8.871800477373621163e+01
1.743093547985763792e+02
1.518368274428983113e+02
1.546281393436108260e+02
1.817096452102127841e+02
1.551119219777539229e+02
1.452725671424257143e+02
1.816755270814562948e+02
9.504758160356769281e+01
8.741465236288316021e+01
9.962544872449646505e+01
7.042327902604384349e+01
1.454306106941145913e+02
1.324055577320726513e+02
1.403491299436794861e+02
1.700263834784732069e+02
1.483160312306289654e+02
6.697424764729019842e+01
1.415766776555091155e+02
1.793213913483488682e+02
9.456108957441746554e+01
8.735996866595397137e+01
9.974783145788657635e+01
1.246282263506888341e+02
1.170340333788872300e+02
1.288627707672241911e+02
1.605447122629589956e+02
1.426846983316898161e+02
1.388064566670729789e+02
1.779583770626536818e+02
9.450819650850201015e+01
8.762120795490091041e+01
1.001187151098490773e+02
1.466423243439234625e+02
1.286759933464392134e+02
1.138590097403182995e+02
1.264007157983503902e+02
1.586401698115013232e+02
1.413467458794272318e+02
1.391507984830473958e+02
1.795268248102326822e+02
9.558933523661188758e+01
8.862284582126726207e+01
1.010240488168137887e+02
1.470141470143869924e+02
1.008437321035910799e+02
8.928955045889998132e+01
1.061289627460043761e+02
1.399913828589214688e+02
1.294002638864231756e+02
1.321613032473115936e+02
1.749266333609782009e+02
9.471167560071282310e+01
1.013768433417345705e+02
5.478912544954791741e+01
7.712799837863336450e+01
1.119364215759945864e+02
1.106417546081707286e+02
1.199583461907300830e+02
1.657246373992115025e+02
9.240837762860478222e+01
8.798931520553608721e+01
1.014422079118323268e+02
1.472074227752469540e+02
1.014508200401931788e+02
1.139102922500131001e+02
1.616913686289152849e+02
9.213608513348812323e+01
8.876125044497084104e+01
1.025857341151512969e+02
1.476781204629271258e+02
8.622251512088759284e+01
8.537831597681838502e+01
1.010976663359589054e+02
1.502944893305206620e+02
8.938329995228390601e+01
8.841696073464403582e+01
1.032883868644611880e+02
1.479811920476013825e+02
7.274713563818654904e+01
8.751843823302698411e+01
1.348465942324579032e+02
8.488463665916935952e+01
8.740255850243632096e+01
1.039661145127494137e+02
1.482784284711136991e+02
8.449878841282398412e+01
1.241087104510395420e+02
8.132393229823350111e+01
8.729227498642848104e+01
1.058221346103662484e+02
1.489917929099779315e+02
1.058692528327928244e+02
7.386056557443230020e+01
8.512873159055591543e+01
1.074395518213363090e+02
1.496053414546703095e+02
5.709888595284728297e+01
7.749762519509096137e+01
1.075625743119619244e+02
1.498597716780425344e+02
7.278705221438549700e+01
1.122964930430802326e+02
1.518646817772185500e+02
9.062392380279068504e+01
1.445609067610032525e+02
1.215653872032543461e+02
