6.696957251909688580e+01
8.850817487822213536e+01
5.425433099403051784e+01
1.047564280844875952e+02
1.145329038358325420e+02
5.776031912782173805e+01
1.085909538073441496e+02
9.718769524766560153e+01
5.327173451319433894e+01
3.401302512114216370e+01
6.601442103061431510e+01
6.797447718758787971e+01
3.443689902596901931e+01
5.661531266699707743e+01
7.205971142732245482e+01
6.735781923191021292e+01
3.297935955309050371e+01
6.351254328236000646e+01
5.943797333748408107e+01
8.617801090007509401e+01
4.452664958743707047e+01
7.888358464382382351e+01
6.772312108852266022e+01
3.214675439776277699e+01
5.269335361022779551e+01
7.564273127362096716e+01
6.014132986461648045e+01
6.706382167681981343e+01
9.235349497181135803e+01
7.492093122203115740e+01
8.517412457416926941e+01
1.039091864608830207e+02
6.451178906957758841e+01
8.541894555691759194e+01
8.218906582964555696e+01
1.142428305315574306e+02
9.109856604662849122e+01
8.096198401870528016e+01
4.064051521052633831e+01
7.125954454448317676e+01
1.072899777298029278e+02
8.080142329774112397e+01
9.237892735147846679e+01
1.416533086277060534e+02
5.427575920911441187e+01
6.269149710042961487e+01
9.690597673431527426e+01
6.971138536968584276e+01
6.058268900425343162e+01
7.350321243724559395e+01
9.556174263208119157e+01
3.919574358720578289e+01
3.153183743406514949e+01
4.825144608351759956e+01
3.756202098907589715e+01
4.854488607932715638e+01
4.333337308095789098e+01
7.167010980262496389e+01
5.653681965544907229e+01
9.469880349014995602e+01
9.636992888573723803e+01
7.714166743277149862e+01
6.884583080334120098e+01
1.137026101953030377e+02
5.521513924803684148e+01
6.357924041115235525e+01
9.794195891664990938e+01
3.102200834210504254e+01
5.361847358337173119e+01
8.099362179420901953e+01
6.529383363260625117e+01
8.403160236621444312e+01
6.395403206480180813e+01
1.082062837588804314e+02
1.136024984224611387e+02
1.358378694925019659e+02
7.073618288620784256e+01
1.154675017862047497e+02
1.101684318041763788e+02
8.490910756326361764e+01
1.273830514317128149e+02
8.691200290186252175e+01
5.667811847458000329e+01
9.508494300510068342e+01
1.014818588997042923e+02
6.653390819154026303e+01
8.846759179736714884e+01
1.255071594840827061e+02
6.674853914138029154e+01
1.037527461759334386e+02
1.006263645687720896e+02
6.385890288178160290e+01
9.321478063025266181e+01
6.369441148083082282e+01
4.444039602394429522e+01
5.606649118012655464e+01
4.602416773225151303e+01
6.783690749717058566e+01
9.281946057690710461e+01
1.112590043344771260e+02
5.998107378520067812e+01
7.321394104850878648e+01
6.958625193672949649e+01
9.334493971759732744e+01
1.201528977036091845e+02
6.444434824618657842e+01
1.073623563164677677e+02
1.040032345783677101e+02
6.728427388060258352e+01
5.790937275489400093e+01
8.571363380687033384e+01
1.156661621061196144e+02
1.377193324311175218e+02
7.321880383627100741e+01
9.895445837207178386e+01
1.078999051215821936e+02
6.620857935131040506e+01
5.927410949385846806e+01
8.026510047552827132e+01
1.109107644484127206e+02
6.135306545390623256e+01
4.483514534027676746e+01
6.441534471858599886e+01
8.292573140350897631e+01
9.560389343197195444e+01
5.091014081809251479e+01
5.469200910890733525e+01
9.022821085677644248e+01
1.089282206253144238e+02
6.970493659927419117e+01
6.237330929987332695e+01
8.394554082532211225e+01
8.167690104058941358e+01
1.080673542498886093e+02
1.258041604099391577e+02
6.891850016077471253e+01
7.539071229139923958e+01
1.235520288844844572e+02
9.593803587484315187e+01
5.839221911115392061e+01
6.242977407688055536e+01
7.388238599108403548e+01
4.284245475197053565e+01
4.868345309858701597e+01
8.160163159796125854e+01
8.347812657323318319e+01
9.861249444497282468e+01
8.056308422952611181e+01
5.172401768853108450e+01
6.255895285943913819e+01
1.083235434126024046e+02
1.108375491373213322e+02
5.684909539380348775e+01
7.550592271597049887e+01
1.362108920820958815e+02
1.388602303979533588e+02
7.627543985346272848e+01
1.417700224063780468e+02
1.409719775362025302e+02
6.176761594878833961e+01
5.748471197865381299e+01
4.076261160566873798e+01
3.731871119300025441e+01
2.930210288729277224e+01
4.409673340807168529e+01
2.861471396160927583e+01
4.366760023650473244e+01
8.155445213092964707e+01
2.632817508637013759e+01
3.190993440574843021e+01
6.880792048780774905e+01
3.652009658214743126e+01
2.484232974786787551e+01
2.592013549017516283e+01
6.824207986713012986e+01
4.157753548545647249e+01
7.290632456206017764e+01
9.236240678786846559e+01
2.447335075168192731e+01
2.458569061783359544e+01
6.781133442337802819e+01
4.493190618463790997e+01
8.671680695170198305e+01
1.141093833307870682e+02
4.936015613702365101e+01
2.402808337503196512e+01
2.294311687696993118e+01
6.430943193284788606e+01
4.426822229221278349e+01
8.901016457424560713e+01
1.170163955375886786e+02
5.167479391208539141e+01
5.234105341688177049e+01
2.383886603951571814e+01
2.224928327177605070e+01
6.334091539179154751e+01
4.513216251146107538e+01
9.493527465471966309e+01
1.285153708633339136e+02
5.923093059939509430e+01
6.692854004489898045e+01
7.411629541659077347e+01
2.363935310168865911e+01
2.153382123456406205e+01
6.170371827545963583e+01
4.483294956468988346e+01
9.674925969086083910e+01
1.328099127361771252e+02
6.304283044492142096e+01
7.625789045220476225e+01
8.689570067827301614e+01
5.552101840809205413e+01
2.355056547405325418e+01
2.121669433138131211e+01
6.126794270421409294e+01
4.534914293793811169e+01
1.005573677611282335e+02
1.420661524153103983e+02
7.063765197940064411e+01
9.205836523767739266e+01
1.125301263009008181e+02
7.581597632922131424e+01
9.190584762003197739e+01
2.343010595714291000e+01
2.079720294918422141e+01
6.019954578885248964e+01
4.499850032152629353e+01
1.011810192245220605e+02
1.446107598312202924e+02
7.377288217244874602e+01
1.005984295784641063e+02
1.271824439960164881e+02
8.612000901244911688e+01
1.114486861228239576e+02
6.501446076176932820e+01
2.328363432238966624e+01
2.029801168037345249e+01
5.865754705758560306e+01
4.400645538424964087e+01
9.939640063736131026e+01
1.419392133150899156e+02
7.323202439549088183e+01
1.025590910784879810e+02
1.314966323917291220e+02
8.792511028342197221e+01
1.145541850765347931e+02
6.998588986418063485e+01
7.945682255717572673e+01
2.313877057503180268e+01
1.981157929211257596e+01
5.705506592994731818e+01
4.282316684499331672e+01
9.669332538303315516e+01
1.371288821656405048e+02
7.096562807029768294e+01
1.009302052128740996e+02
1.298022106068959829e+02
8.491057448685617715e+01
1.080295470923772569e+02
6.635936318323307148e+01
7.731361210449375676e+01
7.708537446668181303e+01
2.309408921372801515e+01
1.965860649014971528e+01
5.669783750913424569e+01
4.277301112429309171e+01
9.731138563552593723e+01
1.391738957881567842e+02
7.324652752956092172e+01
1.069938686902475382e+02
1.414032339666583198e+02
9.472897643742624041e+01
1.239433587332127047e+02
8.027685876092809281e+01
1.013692009853800045e+02
1.164622867755717692e+02
1.030563349050697894e+02
2.305612649996716712e+01
1.952969818189287565e+01
5.638408829898270369e+01
4.270346375362426272e+01
9.771451838709955950e+01
1.406532572122420675e+02
7.502253487906760654e+01
1.119663214710368209e+02
1.513610724380181409e+02
1.035539025630928194e+02
1.386418939272718092e+02
9.351284778298935407e+01
1.247223537515125713e+02
1.552906131574580400e+02
6.319043372017252125e+01
1.551640582323541082e+02
2.299560880317056899e+01
1.933016103882751580e+01
5.575098683736560901e+01
4.227216550837528075e+01
9.686217205518831008e+01
1.393753370298884704e+02
7.474788828001678098e+01
1.129333130877648728e+02
1.542745467404644728e+02
1.060804313804859476e+02
1.421649962281157116e+02
9.725683659607899756e+01
1.317522558660820664e+02
1.669204581557224571e+02
1.679355826226496333e+02
6.596486953005698695e+01
4.576699107495289098e+01
2.294007284116290535e+01
1.914939890866945049e+01
5.516393314561933892e+01
4.185208619934063989e+01
9.596275327762207041e+01
1.379486577877471518e+02
7.428222135108973134e+01
1.133371638183620007e+02
1.561978374425794414e+02
1.079980013657049938e+02
1.450715474782111301e+02
1.006308542947171247e+02
1.385383676820461574e+02
1.791958908052790207e+02
1.845767207411859943e+02
7.412141263231018229e+01
5.561517523932482732e+01
5.603011331645824811e+01
5.082789717055476331e+01
7.149619716624306420e+01
4.658357694531999726e+01
9.864054663193313388e+01
1.322186378996131566e+02
7.103533890305998000e+01
1.101280346207912970e+02
1.531837273433825715e+02
1.065712162609068514e+02
1.431050443824131264e+02
9.978785517314466347e+01
1.378525067311254588e+02
1.788045611795458569e+02
1.845911270734085861e+02
7.422065851420150295e+01
5.570469883515671228e+01
5.609143417253389430e+01
5.943860738164270430e+01
4.044602091854203252e+01
8.628249789264876313e+01
1.129375687356470337e+02
6.228045718663820907e+01
9.999673496779658421e+01
1.426551307720742727e+02
1.012278934740851639e+02
1.374841229068985342e+02
9.715928848032321241e+01
1.355266827164262509e+02
1.770640306143246505e+02
1.837621616297301159e+02
7.412852396850254877e+01
5.572190164175143678e+01
5.612466380532290344e+01
4.314269842327828286e+01
8.268130499128626809e+01
9.595051277164526482e+01
5.338282966536434770e+01
8.900299593703860523e+01
1.305513370256936980e+02
9.484404123102261508e+01
1.305486591524498579e+02
9.381112207660569879e+01
1.324832340148425658e+02
1.747214385065117597e+02
1.825910192332999600e+02
7.397566150461589984e+01
5.572521671573186097e+01
5.615683665907533140e+01
8.824221309767817445e+01
8.868613004032816605e+01
4.864440857509327287e+01
8.387003655737349561e+01
1.253383892699651909e+02
9.245443150739545501e+01
1.271692551462186032e+02
9.229882294606252913e+01
1.311896869112836157e+02
1.739328266621763248e+02
1.825781425626324790e+02
7.415661278565278280e+01
5.589008107209799192e+01
5.626790261508337210e+01
5.607570126633717678e+01
3.376240388715521590e+01
6.465993426268472888e+01
1.036123444211459486e+02
8.071301505435819479e+01
1.147759459861477467e+02
8.610722117036246459e+01
1.254330450838491799e+02
1.693855203415758979e+02
1.801721881489179680e+02
7.378534327224720357e+01
5.584286202594414306e+01
5.629516142694713210e+01
3.195804832431019804e+01
5.937291871631871487e+01
9.544548565023767139e+01
7.651073037963463719e+01
1.085863921860710093e+02
8.294742791666644166e+01
1.223587882639094033e+02
1.670514367277003771e+02
1.793756856869800629e+02
7.388759300889746839e+01
5.602868336726645282e+01
5.643677002685370070e+01
7.286937832649164193e+01
1.025342908249983651e+02
8.184165443558127606e+01
1.099396229012716617e+02
8.359430618941961200e+01
1.225916974580652976e+02
1.672809155897825519e+02
1.803785185645305944e+02
6.688707462172052942e+01
6.338824613767394567e+01
8.987532344202774937e+01
7.281843089844002748e+01
1.116590480394957723e+02
1.578880109323236809e+02
1.751725343394797392e+02
7.374608676077778568e+01
5.640321753802963656e+01
5.677783434072792801e+01
5.103054479061174220e+01
7.425306657394398258e+01
6.398142852775909262e+01
1.017697856200146020e+02
1.486044029459595777e+02
1.700210938083301926e+02
7.314516350432705849e+01
5.649259659489106156e+01
5.695417699743212836e+01
6.973629531174228191e+01
6.123562432273991618e+01
9.676825347950251910e+01
1.420195665826788058e+02
1.663333287854761409e+02
7.314946739254160946e+01
5.696769943043373985e+01
5.734197776847296524e+01
5.067190258093164346e+01
8.259328230562553586e+01
1.251101679741813228e+02
1.545469169050045934e+02
7.133611764709674219e+01
5.689665277857110226e+01
5.758587967101131966e+01
1.180010617841921032e+02
1.473516429236242118e+02
7.103494321080809470e+01
5.777635286883632659e+01
5.834128902983329112e+01
8.201088179496893815e+01
8.328324146040104381e+01
1.190526537039914245e+02
6.538662035781263171e+01
5.707753120604007080e+01
5.875956817811530186e+01
9.574077144214534485e+01
6.082418073937738257e+01
5.780989456117271885e+01
6.027279748306403917e+01
5.855404452121646841e+01
6.224391800819529408e+01
6.465265540280671530e+01
6.925278026446027013e+01
7.437526311768020548e+01
7.015832793020781821e+01
3.731871119300025441e+01
5.173159687083079916e+01
7.271603073810197770e+01
3.957149550503731206e+01
5.742712118620379869e+01
7.269099908504718144e+01
9.370404827734877529e+01
3.993874908748947661e+01
8.486969630767730166e+01
9.163507786333047989e+01
7.172166186281280886e+01
6.144896572206464214e+01
8.594540714322972974e+01
1.171017635379467663e+02
5.112619027855184584e+01
6.877486493104115084e+01
7.853443432771844357e+01
5.486122385830201864e+01
7.287808514835801077e+01
5.216868712831375632e+01
9.983877670378053892e+01
1.033940638095642299e+02
8.173169856432792812e+01
8.276801382322302914e+01
8.872971807203268213e+01
7.937295657639666047e+01
1.036543184258287766e+02
8.052070047074242609e+01
8.488832249826344878e+01
1.073795245993146210e+02
8.417767061377743687e+01
5.671537195534735076e+01
8.657272995447462449e+01
1.055043945495168174e+02
9.487710845613686672e+01
7.688585612712091688e+01
7.370211706783223349e+01
7.906337341995489965e+01
1.036750274482700007e+02
9.959890518701287476e+01
1.000218009346042578e+02
9.634204832889027159e+01
9.924786450716767661e+01
6.886478028820658892e+01
7.650600168711433469e+01
1.005830413818748781e+02
1.073533728966457232e+02
1.339754676248916496e+02
9.211625923268421445e+01
9.453832227336305039e+01
8.713909964119879703e+01
7.026847194385550210e+01
9.682693194750029875e+01
9.461791077091464786e+01
1.057188594609932579e+02
1.182895729208251225e+02
9.397325683944222874e+01
9.735787280382913877e+01
9.708436027357724640e+01
1.046471693029590284e+02
1.037261135841921202e+02
1.332282998100509985e+02
5.953411218777167591e+01
1.107106926509884204e+02
1.267683779470880552e+02
1.283423291159087682e+02
1.133875370260855107e+02
1.030568182194307809e+02
1.270867620746035840e+02
1.323921385469555219e+02
1.414931236121341840e+02
9.236291118255176968e+01
5.972991324137623792e+01
1.189350217516704333e+02
1.196438836681082023e+02
1.193563207663309242e+02
1.162279715455566276e+02
1.091772218563457955e+02
8.610722117036246459e+01
1.289210218587870429e+02
1.347726984359781852e+02
1.151228029081413666e+02
1.545469169050045934e+02
5.931808757507471341e+01
7.015832793020781821e+01
