9.667506923469602498e+01
1.207599410605114088e+02
9.256628847207223032e+01
1.837117906399235778e+02
1.490079603737075615e+02
1.034351485568099633e+02
1.744819621271070389e+02
1.886541595833598137e+02
9.725509313758495011e+01
7.695454815574103691e+01
1.472801416950117925e+02
1.147089299620253087e+02
8.113210922780081091e+01
1.424548216034857830e+02
1.400401232539654472e+02
1.811102435374657205e+02
6.828861039355284390e+01
1.165367615846548404e+02
1.279152880745029535e+02
2.009639456759522602e+02
6.763086305943888021e+01
1.179192804708534226e+02
8.486733025502549310e+01
6.095364878887858140e+01
1.067251268668934472e+02
9.723695195810638836e+01
1.159497045659650354e+02
1.593294866451040548e+02
1.054064208787353465e+02
1.271121242328661651e+02
1.768736302568700580e+02
1.490752086064609898e+02
1.079797004808387726e+02
1.061486431088031566e+02
1.398680289394540353e+02
1.667871613218103164e+02
1.177826188135074688e+02
8.088454565124317241e+01
6.109445882571407083e+01
1.086958529276620453e+02
1.002014258544512586e+02
1.188793466914192862e+02
1.167431336840990070e+02
1.912417367458323270e+02
9.416501267684569143e+01
9.401604369079839785e+01
1.561909686695317987e+02
7.386992640992291115e+01
9.112976385009037017e+01
1.307294269174369958e+02
1.144140766145573167e+02
4.294431831078865258e+01
3.500539013224897644e+01
6.308166332128357112e+01
5.883483759132281676e+01
7.015153253784818332e+01
7.484079423648293528e+01
9.630584126700344427e+01
1.031498972107591499e+02
1.006886367525107033e+02
2.094582095542514537e+02
1.504393269349897082e+02
1.119987830725471980e+02
1.442220521228613279e+02
1.548534516553033313e+02
1.005414433674610422e+02
1.032972136200552171e+02
1.729121125051255490e+02
5.337606902142517384e+01
1.006186329341458787e+02
9.702528590475242254e+01
1.178945286021258454e+02
1.301324424323805147e+02
1.146054431148478443e+02
2.405650838247701699e+02
1.760462083485638800e+02
2.241800269833915138e+02
1.563637693428378554e+02
1.633432350181950881e+02
1.035382831375565758e+02
2.121599016379731211e+02
1.518833328329657206e+02
1.296092652305162574e+02
1.658066055760315010e+02
1.805634536554080967e+02
1.224868813835476118e+02
1.035554093070183228e+02
1.173284587250537356e+02
1.293106057352744642e+02
1.128313052486562782e+02
2.437599280860544297e+02
1.698925515607504053e+02
1.820647749848617138e+02
9.195624930418409804e+01
1.702610323492493194e+02
1.658479875133077428e+02
1.179731799002768042e+02
1.904630054620520525e+02
1.362979777016132346e+02
1.500612572375035541e+02
7.927255276192384770e+01
1.658503801925058951e+02
1.222112141634616904e+02
4.958058751145782139e+01
5.708129718406224384e+01
6.666336044841084174e+01
6.010113814948453381e+01
1.311783626556889146e+02
1.134915543390495429e+02
8.133362702438508052e+01
9.330813924767113576e+01
1.624865871639590296e+02
1.412140327664515382e+02
8.941886404432941049e+01
1.688837468846953414e+02
1.616514110587642108e+02
1.164156520708079938e+02
1.744700453118131520e+02
1.223771351155322407e+02
1.374081628192008111e+02
7.671079057148899949e+01
9.724477790067420813e+01
9.091399877196666068e+01
1.991747097070560812e+02
1.713383977042826700e+02
9.376133451508707140e+01
1.817368705599680254e+02
1.777929835049546341e+02
1.585062070063100066e+02
1.421095209634252114e+02
7.956313743488206569e+01
1.546343691304876984e+02
1.522639328107364918e+02
1.124480967243945457e+02
8.355126640647483782e+01
7.914471883506739402e+01
1.692476820506250590e+02
1.413716563786999245e+02
7.834507888606354697e+01
1.460524865294372034e+02
1.344510640528857550e+02
9.022752507771973285e+01
1.777083498254378071e+02
1.565058930226399809e+02
1.455019693051498280e+02
8.056551589118221557e+01
1.621500773328161529e+02
8.786586264672536117e+01
1.806565123131115342e+02
1.448856352941355681e+02
8.183338390951713848e+01
1.566541163451017269e+02
1.830059378651468194e+02
1.117789167511374302e+02
8.434177725508341439e+01
1.577845687870727147e+02
1.298029766790732253e+02
1.275796516584629501e+02
1.242687030009578422e+02
9.596896799208707307e+01
5.690773369250538138e+01
1.144718418503686905e+02
1.376693575226827591e+02
7.640404404799805604e+01
6.959888770801893543e+01
1.085397678285900298e+02
5.807310906728859834e+01
3.562650998707590588e+01
7.498475740471907613e+01
9.189661618528883480e+01
5.389936889080936311e+01
7.518799166609599638e+01
8.512121365662775929e+01
5.857889261738647946e+01
1.309266586657223854e+02
1.626431739346224106e+02
1.029384654797069203e+02
1.433528878391470869e+02
1.119570375129548125e+02
1.308535757637940833e+02
9.058763443794862269e+01
1.215774111576003236e+02
5.709660383352299817e+01
4.490429415762173448e+01
5.623805636750788750e+01
5.493388565762072062e+01
6.709458588428505266e+01
7.708752883140270740e+01
9.545702182033609517e+01
8.711377546796001070e+01
1.072154315607023278e+02
6.024779422699877074e+01
9.162780932262459999e+01
1.012912356630638016e+02
1.096159915011321573e+02
9.316228769577803348e+01
1.340766918082058510e+02
5.574529585633543149e+01
1.401349587344220708e+02
1.779542539108217056e+02
9.578299644036576410e+01
1.043789788976728801e+02
1.420564547398834065e+02
1.592093100076949952e+02
9.249896046246007586e+01
8.120934791344626547e+01
1.309819800033363606e+02
9.489464821627989011e+01
1.160838828259355751e+02
9.745787821697680897e+01
1.762687343342214206e+02
1.529155980513091322e+02
1.327542817221194014e+02
1.636158521159701422e+02
1.361135407949024625e+02
1.032506888053690233e+02
1.514625806223079678e+02
1.438086771993704076e+02
1.342820356235302484e+02
1.270589768374683644e+02
1.067867328636952351e+02
7.371465589306748711e+01
1.411340054880825221e+02
1.576048823469797640e+02
1.233475818621796520e+02
1.404946763147244440e+02
8.887140307890433633e+01
1.180133005712148986e+02
1.745681554873916355e+02
1.644697879789688386e+02
2.008512308163668081e+02
1.577212467747053495e+02
1.633777817086202901e+02
1.254544123168031149e+02
1.374680211353414165e+02
1.281460685411143459e+02
1.007729592616449139e+02
1.656442965679138695e+02
1.885636405436559642e+02
1.740800832066228452e+02
1.345127946692805381e+02
1.546268865210863055e+02
1.384342965717912932e+02
9.980680225894413127e+01
1.644163663043751171e+02
5.756709327375806140e+01
1.601826930363638724e+02
1.717478437237176081e+02
1.892917162345770237e+02
1.553216030433977437e+02
1.290140322464680480e+02
1.484434890880883131e+02
2.000212124754938259e+02
9.843012216282851057e+01
8.948836454511281602e+01
1.754003285833674113e+02
2.033444914729218169e+02
2.056861276959657232e+02
1.797298900353852957e+02
1.640958541080907764e+02
1.744567064066095554e+02
1.735929279895317734e+02
1.806697532597485747e+02
1.509190941226126768e+02
1.734235250628589711e+02
7.649131189403007625e+01
7.954979038830943239e+01
2.081419732435988408e+02
1.885249396840506790e+02
2.107951912830777133e+02
1.872903495775017575e+02
1.879051535134616131e+02
1.323638705902057211e+02
1.531205617496628690e+02
2.181140866350747842e+02
1.250123661133853403e+02
8.531307799238845746e+01
1.044206037757983552e+02
3.647449270629046225e+01
9.545702182033609517e+01
9.454945746350865932e+01
8.232228622141288099e+01
9.708249520122980414e+01
9.696604011488234676e+01
1.109881137035477394e+02
8.996893811610250680e+01
1.019409511450039503e+02
5.130528921010119348e+01
9.401761985682360034e+01
9.336739369518454623e+01
9.075509901099434273e+01
1.125003169087235619e+02
6.420003633048365543e+01
8.287524369045820549e+01
9.323602539434649827e+01
1.253711980949381086e+02
8.248363842879122387e+01
1.317159619565532296e+02
9.359073305685868149e+01
1.259009767689190369e+02
9.256227653548302214e+01
1.277512164332868991e+02
8.896514133426957471e+01
1.539793217855688852e+02
1.318876902944186611e+02
5.907724346262172332e+01
9.302597374841697331e+01
9.241160648554726720e+01
1.301960964006970869e+02
9.498919084146355374e+01
1.768023165017094982e+02
1.539801044665940708e+02
7.618875866119158502e+01
9.468083322196061147e+01
9.273776135206993843e+01
9.240149899884119122e+01
9.192232935849840203e+01
1.308610500699199122e+02
9.819018161888217833e+01
1.915207399733772036e+02
1.705660205290574822e+02
9.195652108323966445e+01
1.278822298221199247e+02
1.311317048596371251e+02
1.002370051533190320e+02
2.017368418242287760e+02
1.825914567885932343e+02
1.044024599909311917e+02
1.542065454654795360e+02
1.206401608837638548e+02
1.151490079888703235e+02
9.142656562058263603e+01
1.318695358388452803e+02
1.024459316944815725e+02
2.118569035180375693e+02
1.965170531950346060e+02
1.188111254246038868e+02
1.872829379767657088e+02
1.573235534426093523e+02
1.667931173091742210e+02
1.177882549369602003e+02
9.157197552442639221e+01
9.034465082521364820e+01
1.297027887267977633e+02
1.006710771556024611e+02
2.084307864092422449e+02
1.897761528252572134e+02
1.159880399805433768e+02
1.830862978904598322e+02
1.542629209965283223e+02
1.053632487130955440e+02
8.967421474876103105e+01
1.284713540089161938e+02
9.984752267691131067e+01
2.074980894427844476e+02
1.875879650801194884e+02
1.164032723418185356e+02
1.860478402606885595e+02
1.543403428854330173e+02
1.595619890974211046e+02
1.139956024262936864e+02
6.666543839517187564e+01
1.287558399561928297e+02
1.007442428586631991e+02
2.117194244075327560e+02
1.936157504653196781e+02
1.232971995422676912e+02
2.033182251899434902e+02
1.750206205126835073e+02
1.900694355628965582e+02
1.471078765173681404e+02
9.555036809035830458e+01
1.594823441146428138e+02
1.212882304018376942e+02
9.106421505309880615e+01
8.928985849450673129e+01
1.281939525047242796e+02
1.004641382026709522e+02
2.118204533694237170e+02
1.933669673124223323e+02
1.245633565890670411e+02
2.078128873028217356e+02
1.809609099469858791e+02
1.997206789300472565e+02
1.603921554775309914e+02
1.077231824232997610e+02
1.863251595647895726e+02
9.091810807725791221e+01
8.896381431200991585e+01
1.275932699393404448e+02
1.000442596098564820e+02
2.112226389336981640e+02
1.920787986642268379e+02
1.246034987490270822e+02
2.091352185206897900e+02
1.829846167072763592e+02
2.034047308023837672e+02
1.672714150289920667e+02
1.143517317998843481e+02
2.005703825166187926e+02
1.474962923772625913e+02
5.955418198397978813e+01
6.378871346279032650e+01
9.090324747233755431e+01
8.897885223043259373e+01
1.278305140293891498e+02
1.005951558661261913e+02
2.136093510731319896e+02
1.954136690614863028e+02
1.284129717350438682e+02
2.189083703083962860e+02
2.217509888214883915e+02
1.884942179128367457e+02
1.333618301249681508e+02
2.424375702252489475e+02
1.821963912774169216e+02
7.353823539997372905e+01
9.086442377284423344e+01
8.892108567828455534e+01
1.278445508437437184e+02
1.008238733335407460e+02
2.148432265938961336e+02
1.970558669397156848e+02
1.306190918690263914e+02
2.249327982835545470e+02
2.339694725127505990e+02
2.037359775020014467e+02
1.476079694788873837e+02
2.745883298133981611e+02
2.087155080825670552e+02
8.421643769009313019e+01
9.464946319385263962e+01
9.406042767502869140e+01
1.243737557906251112e+02
9.767373460086747627e+01
2.053719084003417379e+02
1.852868281551700989e+02
1.252727527027695231e+02
2.180998732303993961e+02
1.982299447044078136e+02
2.033172957270910501e+02
1.484136627903600356e+02
2.771165012716562046e+02
2.107384178609136711e+02
8.507364354688833430e+01
9.565728177071174798e+01
1.064108407024655065e+02
8.755442800836347317e+01
1.833659057691013174e+02
1.641012383574898195e+02
1.147132840313221891e+02
2.037767714525951703e+02
1.882125157000789670e+02
2.220154683844905321e+02
1.474961359147837356e+02
2.774680707144408984e+02
2.117083880899397741e+02
8.568139624601742810e+01
9.651148930052787023e+01
7.081211950838647340e+01
7.440143896102456722e+01
1.515288452457774326e+02
1.343364759030358471e+02
9.884239785829943514e+01
1.812221273463310069e+02
1.717814560477180237e+02
2.073287651458666403e+02
1.913986702649233109e+02
2.746200604954837559e+02
2.110823590431804746e+02
8.589340955196622929e+01
9.710356744557269337e+01
7.120164104130309113e+01
1.292537025717596180e+02
1.084288076430208321e+02
8.480701487402265570e+01
1.602401058467045516e+02
1.557399046515515124e+02
1.922768599819828808e+02
1.830111512147986730e+02
1.408158122864098232e+02
2.108112598796712689e+02
8.631325208689587214e+01
9.798343338086776555e+01
7.175242637372457466e+01
6.522425654924937533e+01
6.080642003498138592e+01
1.245721928679926549e+02
1.284261773816282073e+02
1.661523999077226392e+02
1.659590966575625544e+02
1.323638705902057211e+02
2.624626174623215320e+02
8.578707689632258848e+01
9.819264929978808709e+01
7.203938242287323135e+01
5.592672135029570057e+01
1.131045005818226628e+02
1.170900235750707452e+02
1.530011850425739794e+02
1.587463907652483783e+02
1.298308999053418802e+02
2.615259348734928153e+02
2.078626992299484186e+02
1.000117731586840790e+02
7.311300722904763916e+01
1.493366575579486266e+01
1.192722251528949187e+02
1.106636624289627662e+02
1.403940012952746770e+02
1.510717303580971986e+02
1.266732554016250560e+02
2.593078521523935933e+02
2.080731678153644850e+02
8.796927791014286413e+01
1.021032949238866507e+02
7.438234971536223838e+01
1.514401010094582389e+01
7.071333935806747206e+01
1.013059072359045700e+02
1.221044952446283389e+02
1.103377533077632364e+02
2.379898329467308997e+02
1.982311820013888450e+02
8.640329022222063315e+01
1.023317998003354319e+02
7.494758711967223519e+01
1.528078063062244141e+01
8.526127595273257498e+01
1.106167810272879990e+02
1.039319423249994259e+02
2.292307623712299289e+02
1.943944656521767627e+02
8.699664397650953163e+01
1.050571844416928116e+02
7.681131187161422247e+01
1.561049385295625136e+01
9.272582362147227286e+01
2.105467973983495256e+02
1.837937129320004033e+02
8.600885218635117724e+01
1.073330927479047716e+02
7.877799910779027925e+01
1.599578310235535383e+01
9.306834891201877724e+01
1.974544581558768925e+02
1.726610618451676373e+02
8.531307799238845746e+01
1.113545670966574050e+02
8.203474004567483746e+01
1.662154102359468055e+01
8.959978106647918139e+01
1.406542637857994862e+02
7.819930539556426652e+01
1.117441177075935173e+02
8.468229439507128120e+01
1.730568765137133269e+01
1.508672289826691610e+02
6.180120286192474310e+01
1.043832131677231558e+02
8.523802452739758451e+01
1.796336734555443115e+01
8.906967960250970862e+01
5.985330800122211770e+01
1.132476494190111680e+02
9.558074338709630524e+01
2.055644184781159822e+01
2.459373016993538386e+01
1.125105711595357292e+02
1.044169256604629084e+02
8.077996322741326196e+01
2.715519327007904593e+01
3.647449270629046225e+01
