9.518924228851714986e+01
1.081139016760481297e+02
8.586587644902976990e+01
1.672684633485344818e+02
1.393587898989087819e+02
9.871306276736251561e+01
1.683665566145034234e+02
1.777762429358998872e+02
8.926868895160475859e+01
7.316156210128805526e+01
1.356438884167241383e+02
1.086314697975862487e+02
7.810042871926914643e+01
1.363735579523466868e+02
1.339567487160435917e+02
1.688211979429128178e+02
6.773557731263022674e+01
1.161051976037240649e+02
1.242359949490341933e+02
1.885389135881116260e+02
6.389775202551300737e+01
1.101461512225688466e+02
8.390703590947080670e+01
6.181618600630044114e+01
1.082015288838367013e+02
1.009228511156258179e+02
1.160123009728822439e+02
1.578121267955214648e+02
1.052925227641290462e+02
1.217653284603288455e+02
1.668993797783357138e+02
1.375949104061693617e+02
1.071103344144893583e+02
1.046410829810932910e+02
1.349763430246472069e+02
1.550138090980700269e+02
1.124177108136228753e+02
7.976709570294970320e+01
6.085681650165779644e+01
1.064873330418441384e+02
9.879320818223550305e+01
1.115928276318205121e+02
1.109558571547639048e+02
1.747254479794910083e+02
8.976823040305792745e+01
9.094288273922606436e+01
1.458288987879004992e+02
7.278672053584433854e+01
8.603622037167097858e+01
1.220040931972164913e+02
1.042994625432568228e+02
4.216270117418577712e+01
3.508697210518445786e+01
6.220131368646079295e+01
5.793711180546768702e+01
6.608902982812016091e+01
7.106862260436011525e+01
9.065547122532427693e+01
9.479093789731628306e+01
9.915255003086114982e+01
1.995952510286347490e+02
1.387350245523471131e+02
1.097700069059715702e+02
1.398031528081757529e+02
1.459931929178663665e+02
9.962172247890974575e+01
1.025034073454289114e+02
1.661445566501505482e+02
6.164363974271582691e+01
1.105192518705217850e+02
1.029461050027717874e+02
1.187692551959148375e+02
1.305502577151935668e+02
1.161566499158057866e+02
2.364422227834837145e+02
1.673276602969374949e+02
2.136723136470435804e+02
1.469133524409245410e+02
1.557086804310805519e+02
1.012300479709591627e+02
2.026171536306125915e+02
1.411449493213227981e+02
1.243314757676265430e+02
1.604514735521410955e+02
1.718933919558502907e+02
1.235839815044030274e+02
1.008630225665320523e+02
1.106457940163044356e+02
1.207815178425837672e+02
1.083007298997399772e+02
2.292475228665266798e+02
1.586913353994517024e+02
1.720861332342659011e+02
8.337763316715088990e+01
1.593478961792393420e+02
1.586903363465775101e+02
1.105860559758902184e+02
1.834086157517280640e+02
1.299786353676802548e+02
1.445033981851746034e+02
7.739112463280960696e+01
1.586751402726115430e+02
1.141260471466907092e+02
5.157985249745536294e+01
5.672398537822343911e+01
6.413233196203312048e+01
5.973298183031237585e+01
1.275131892181189528e+02
1.108975714964650194e+02
7.804388235359630244e+01
9.299987887370130579e+01
1.566097241419815873e+02
1.346840171711342578e+02
8.250777019869688900e+01
1.595088607138972634e+02
1.559773858999556637e+02
1.103732740056772883e+02
1.683186289846187549e+02
1.177366092351296061e+02
1.325580044719684736e+02
7.503308214872633641e+01
9.077724103250464793e+01
8.921284255618758152e+01
1.916048590174415551e+02
1.661496629193995602e+02
8.749458508191239048e+01
1.722417076444744168e+02
1.644375320931842452e+02
1.557153954764392267e+02
1.370950612760540253e+02
7.610085763448826413e+01
1.493155609632188430e+02
1.516675157194292467e+02
1.099266198624878115e+02
8.013356462778456546e+01
8.184008998602946861e+01
1.707900718432921110e+02
1.433976062454360374e+02
7.684441789068702633e+01
1.473214232672081323e+02
1.320473773159544351e+02
9.253648023681280677e+01
1.602882293583236901e+02
1.493808204741660859e+02
1.350950855788615854e+02
7.495354424911150204e+01
1.500285946310165741e+02
8.410659098092705221e+01
1.677690197851288474e+02
1.344373642706308658e+02
7.387385379835950516e+01
1.434127960524388357e+02
1.568189801821353342e+02
1.094134903241559442e+02
8.605600713763757881e+01
1.436449140768506254e+02
1.263180383175503039e+02
1.178923678158962218e+02
1.431975256537767223e+02
1.043050051549799804e+02
5.913309904961838726e+01
1.165573105901744242e+02
1.286798244326589042e+02
7.842340941705876389e+01
6.749594374977638722e+01
9.696819311928555862e+01
5.604836629701622286e+01
3.446507585394625295e+01
7.012981457095992255e+01
7.884154066951383300e+01
5.007292254787677166e+01
7.356671694442232479e+01
7.676459046072504577e+01
6.305121743382511568e+01
1.392444657242725441e+02
9.199150990881985024e+01
1.351872603820379766e+02
1.281785898786839937e+02
1.249896462400057686e+02
8.379260225041522858e+01
1.184908935576940223e+02
5.377442873506711152e+01
3.737347539027743437e+01
5.074745300142495807e+01
5.861852242054499840e+01
7.724725702494625068e+01
9.013343973507144824e+01
9.328687765535764242e+01
8.755108656758088159e+01
1.013611597199225400e+02
5.793947442212655830e+01
8.802956315722164504e+01
1.017032793660519161e+02
1.082037216029947047e+02
9.198451146093267994e+01
1.289567249079018438e+02
5.892984667252717657e+01
1.346822458361123154e+02
1.726635174240412596e+02
9.319269431260985925e+01
1.040918346067546878e+02
1.364873024992023431e+02
1.520685323950288534e+02
9.026289412056448214e+01
8.122337480814199751e+01
1.278900141702538775e+02
9.377607866812097370e+01
1.184004505630065864e+02
9.332707008130910253e+01
1.710212019088340014e+02
1.483757863341654968e+02
1.324438535760215530e+02
1.606627686871896685e+02
1.320557323500717644e+02
1.084954406122350292e+02
1.497475379858846622e+02
1.417814937665394837e+02
1.313759386424328568e+02
1.294498780233224124e+02
1.055147067642382694e+02
7.133081512914552036e+01
1.392005455962316205e+02
1.589222533088058071e+02
1.230415653542481351e+02
1.340339709075530834e+02
8.625729060861506525e+01
1.227231608353700665e+02
1.721185691227730956e+02
1.661578949697829728e+02
2.001897270504854305e+02
1.567115729841773089e+02
1.611486172236117227e+02
1.214498117416836749e+02
1.367119689212687490e+02
1.233877904808340844e+02
1.049188523930366728e+02
1.650724751040416720e+02
1.873226958215237232e+02
1.801895777072501517e+02
1.325535663868352572e+02
1.513530478710557361e+02
1.320817160075572190e+02
9.612188095688020439e+01
1.564347693803030097e+02
5.669839874780646483e+01
1.611974437286321802e+02
1.741757905099845232e+02
1.846953272840977434e+02
1.518462223817790289e+02
1.291543659005595828e+02
1.436719854671795247e+02
1.910127538989235632e+02
9.592052851810998959e+01
9.794386353861263217e+01
1.770606763769460485e+02
2.064591220433154604e+02
2.083098952151791252e+02
1.781552691419436769e+02
1.629224579525266847e+02
1.779175724760306423e+02
1.700200764460957714e+02
1.748529865021406522e+02
1.468529448067596093e+02
1.711966517170352802e+02
7.969788925868253671e+01
8.556292003533093293e+01
2.069584534812861136e+02
1.898199060869096968e+02
2.102013013346819150e+02
1.838768469967897374e+02
1.845778451671654636e+02
1.305477833053184895e+02
1.490966928196717731e+02
2.122522542963198191e+02
1.267169047118020870e+02
8.115001673152958972e+01
1.129041653691992337e+02
4.672980003438988206e+01
9.328687765535764242e+01
9.531286632683564619e+01
8.372452983604539156e+01
9.850238344948745350e+01
1.034870383317036584e+02
1.073310635105642490e+02
1.012632391200502582e+02
1.005579992307790889e+02
5.034720843143497149e+01
9.623499270596084898e+01
9.584551244969887307e+01
1.039380748152591423e+02
1.109842408175684341e+02
6.296970831960771164e+01
8.947752277696908152e+01
1.074446617508080948e+02
1.235349550241386680e+02
8.043175351323939992e+01
1.355608007221372588e+02
9.616945403436196216e+01
1.247558813136446219e+02
1.074065826371156191e+02
1.259682575166053766e+02
8.652185684031593382e+01
1.534883586195551572e+02
1.268083508459786373e+02
9.570490618633759539e+01
1.076154815324158562e+02
1.283798907055947893e+02
9.223689511757488901e+01
1.737419811811008401e+02
1.470395086729937475e+02
7.519515158220842466e+01
9.203815814340886448e+01
9.545858305879157513e+01
9.519690873860325553e+01
1.074793609240309991e+02
1.293662861308063441e+02
9.560674153120561414e+01
1.874772108647324842e+02
1.635087053396353269e+02
9.043784423323212707e+01
1.234566969827143481e+02
1.298313427782562712e+02
9.775774153273822265e+01
1.969508565184194708e+02
1.759631956023938812e+02
1.033817725948923965e+02
1.515354929828951640e+02
1.236815695306046052e+02
1.088762381533151995e+02
1.306813549669612371e+02
9.998418582573593483e+01
2.063335660302205667e+02
1.894681089886945529e+02
1.175769307046605121e+02
1.841017240782053932e+02
1.606664222284690595e+02
1.557529039206708887e+02
1.320042001952562032e+02
9.450855172818806693e+01
1.064590793068233836e+02
1.288775732786960475e+02
9.854213781649345094e+01
2.027792280784976526e+02
1.837919148469001982e+02
1.153083279854179182e+02
1.814524530526709327e+02
1.448917903930436069e+02
1.279104532214540910e+02
9.795190776650814257e+01
2.017621485701521635e+02
1.821787345062232077e+02
1.160419889810406744e+02
1.853101135722866672e+02
1.507996173246884837e+02
1.163145884724619492e+02
6.353321769094462468e+01
1.283715418138592952e+02
9.900852346016239380e+01
2.061099615276779957e+02
1.886388830268340655e+02
1.233849933930088980e+02
2.036146803042882425e+02
1.820284457921807189e+02
1.809912825207626383e+02
1.494799782603326719e+02
9.058416491174463658e+01
1.497133654501487285e+02
9.411081288907297449e+01
1.057443274322164086e+02
1.279554171725684597e+02
9.885521202113439188e+01
2.061556084998699134e+02
1.886940927462928528e+02
1.248835496993873448e+02
2.088715615508407666e+02
1.918446949118227565e+02
1.628807086115886023e+02
1.026899909730511951e+02
1.717792694550005592e+02
9.399776142847369442e+01
1.055097499773289229e+02
1.275507730483822399e+02
9.863740745344482264e+01
2.058399503990030723e+02
1.881953536252854917e+02
1.256036502629627591e+02
2.120709582075131436e+02
1.938023371509189872e+02
1.995649367412008246e+02
1.732351589878425102e+02
1.126790400890177182e+02
1.913498644487190177e+02
1.444341585294722563e+02
5.418614494437968432e+01
9.398358171052356624e+01
1.055470996934283932e+02
1.277717426046305889e+02
9.914361907237264404e+01
2.078930192368057703e+02
1.912153013609865866e+02
1.292401044317667527e+02
2.217037870697397466e+02
2.179685922325068077e+02
1.953804352130496227e+02
1.323672707410640612e+02
2.339611870454230313e+02
1.814146696666620358e+02
7.023875200060557233e+01
9.394140982561933129e+01
1.054901781277413875e+02
1.277425715546596052e+02
9.929533615047662920e+01
2.086770408974004170e+02
1.923613735755172627e+02
1.310610503414984294e+02
2.270712106148089049e+02
2.296382947029073023e+02
2.105198676899055386e+02
1.467670915617116520e+02
2.660112641717738029e+02
2.089422494605507552e+02
8.226930350928462587e+01
9.866730008911014238e+01
1.181225946475514235e+02
9.417148020590310864e+01
1.960783226817388538e+02
1.793783505124136184e+02
1.246988732805111511e+02
2.186061543754942704e+02
2.076641360782352876e+02
2.090485850344564085e+02
1.472055800416656837e+02
2.678794202441768562e+02
2.104104085951473735e+02
8.288931253008431099e+01
1.152212178654191348e+02
9.901025872338533418e+01
8.391018912232104299e+01
1.731848836669338141e+02
1.581420381099694339e+02
1.135514430258910608e+02
2.030357316899637681e+02
1.958610536364582231e+02
2.162269181478978055e+02
1.459278157316251452e+02
2.676318229355763947e+02
2.108298966893844408e+02
8.326894426692956586e+01
1.158058189838629346e+02
9.822114809476779840e+01
7.069847830347684692e+01
1.425191161887725571e+02
1.302551301042070975e+02
9.827820754839798667e+01
1.809964217891502756e+02
1.787142966130596449e+02
2.022135995697479984e+02
1.956784426449790146e+02
2.650762749185088865e+02
2.101197593623727471e+02
8.340072994955647800e+01
1.162195151584148789e+02
1.226498359708932639e+02
1.057840262644717626e+02
8.436421867808638808e+01
1.594407522378854196e+02
1.608034512760962116e+02
1.867921810727377476e+02
1.859749689164323740e+02
1.391182878351511647e+02
2.092871174605154749e+02
8.358425428803073487e+01
1.167557176739802287e+02
6.380894372692635841e+01
6.061644773317037505e+01
1.237432263725238926e+02
1.318095078294464599e+02
1.609719831487724946e+02
1.678610501468656366e+02
1.305477833053184895e+02
2.524604190687237235e+02
1.166229091751173428e+02
9.888437227796298146e+01
1.213894583990839635e+02
1.494709554071922639e+02
1.603496163677968696e+02
1.284951049672206409e+02
2.520953387208104175e+02
2.058573102222403293e+02
1.180718363997940230e+02
9.967561362764701016e+01
1.214694201029108882e+02
1.116433167847583974e+02
1.357496598429293329e+02
1.500332148361000577e+02
1.247440250950226073e+02
2.492427954668110601e+02
2.053356280152397346e+02
8.458311232843873029e+01
7.235917504406378953e+01
9.867280728392776723e+01
1.205532477151573545e+02
1.087915152683241047e+02
2.289896782346349653e+02
1.955085776762793444e+02
8.298368220868981382e+01
1.192263631792374099e+02
3.517972116085561396e+01
8.325148815396812552e+01
1.067935971194788038e+02
1.023346052108928603e+02
2.205532372133098988e+02
1.913198532346237926e+02
8.334739701597679584e+01
1.210910975289775138e+02
1.019245218161008211e+02
2.050526438547558143e+02
1.817388434264221644e+02
8.260492448299198998e+01
1.225473024240405238e+02
1.031693402312490235e+02
8.950810040189146832e+01
1.887219276836599704e+02
1.682045593202950613e+02
8.115001673152958972e+01
1.242485980706857873e+02
1.048456851419885254e+02
8.730393736315666331e+01
1.415370371893368997e+02
7.563618544959931000e+01
1.232875925298628488e+02
1.059800026335289260e+02
1.597415083453991542e+02
5.978190324755861695e+01
1.126446295675294209e+02
1.038941416049551947e+02
8.814727076104080083e+01
6.176405350057849830e+01
1.171842637227158974e+02
1.086179902813281899e+02
1.234633286249728457e+02
1.127193615345737641e+02
8.327757356554447199e+01
4.672980003438988206e+01
