7.514825670633832999e+01
6.656752434290044107e+01
4.479735793445888703e+01
7.755759611507325246e+01
9.604789409136624556e+01
9.278954744234191310e+01
4.896723761733961311e+01
3.264819090905520227e+01
5.332347890039845595e+01
6.190443321159300183e+01
3.442935866104723175e+01
5.283392800258886979e+01
6.211957708110006848e+01
6.167420423828940557e+01
3.614523320566540576e+01
6.077824230168827313e+01
6.297366192831484710e+01
9.192592615073115780e+01
3.788506946370529249e+01
6.089694475076939995e+01
6.702137279489345190e+01
3.712467762590040365e+01
5.788726578057317340e+01
7.094356319059161819e+01
6.837477280333085616e+01
7.848098904825549482e+01
6.996793205729400711e+01
6.717372637877262775e+01
7.674902015155399226e+01
9.027503358142693912e+01
5.833777706969645038e+01
6.917676453645444212e+01
6.938096599183995750e+01
1.006875757514274454e+02
6.931600556175712313e+01
3.725968969303674072e+01
5.859493587782328206e+01
7.169040758300882032e+01
6.599590045115422754e+01
6.711234672021366521e+01
1.044280900762402524e+02
5.236224685244763322e+01
5.420274500704380216e+01
8.589297330945288422e+01
5.235686413761774816e+01
5.149613806796216409e+01
6.029620355289698352e+01
7.380474836808647865e+01
3.338378763467428456e+01
4.131502255323784567e+01
3.844725187948204592e+01
4.313283694463427054e+01
3.948307343875307396e+01
6.575814928214840904e+01
5.246639910521391670e+01
8.689322607895391570e+01
8.502238339451177751e+01
6.511345469714497369e+01
5.957164707127148517e+01
9.918738682317943756e+01
5.640840105302765295e+01
5.797820153457264780e+01
9.027302185894147613e+01
5.665362963654759199e+01
7.073266274695166089e+01
6.666253616678736194e+01
7.533154185876787778e+01
6.083322614835607567e+01
1.012101663025105722e+02
1.021905652212320348e+02
8.334025725654196037e+01
1.313290614417749964e+02
8.137284620830811832e+01
6.247236133361823107e+01
1.024327686199185621e+02
1.028023108776665993e+02
8.570525078959211385e+01
7.976454275523956028e+01
1.360936738413475666e+02
6.787072201477987221e+01
8.468857766748966753e+01
8.081090318386040394e+01
9.162865514771942799e+01
1.035599242051893611e+02
1.659124133476875329e+02
1.062780603390945657e+02
1.229896850616563313e+02
6.335132176252746916e+01
1.095654498566552775e+02
9.791669496744806622e+01
7.465137962317213294e+01
1.208313978509687274e+02
7.843313089380977488e+01
5.193377203070706116e+01
8.758911505364802963e+01
9.333373204790774480e+01
4.576197767041161057e+01
4.217311073266462529e+01
4.660635474043021276e+01
5.295038625685578637e+01
8.014475224110221063e+01
7.267959340363194087e+01
6.742481128804234913e+01
6.193969225580943316e+01
7.937875017635458619e+01
1.174872669994226158e+02
6.205678835317956299e+01
1.034383268271326557e+02
9.548476902040943060e+01
5.895491290305421472e+01
9.425744274491030694e+01
6.222880493624059284e+01
5.112217245988844638e+01
4.457996161879606234e+01
6.238293725480602347e+01
9.531309158362299172e+01
1.092002543116145858e+02
5.904908876363778347e+01
6.480913473385072621e+01
6.454439013115764112e+01
8.359027335522138458e+01
1.113611307454099659e+02
6.015349089122899784e+01
1.021360656110040992e+02
9.558372648869139709e+01
5.671035687300916805e+01
5.090716649754234879e+01
7.066924385214522886e+01
1.060319081163938222e+02
1.214245394757353154e+02
6.561731305686778626e+01
8.552144624545796603e+01
1.004718125332367151e+02
6.393394598231851234e+01
5.962140696456219757e+01
7.792265481868828658e+01
1.096304444561631470e+02
6.143517517056424282e+01
6.208154818511418682e+01
9.048997257997726251e+01
1.028964277771963935e+02
5.649138173745172509e+01
6.017089062518584086e+01
1.005542837117814230e+02
9.789755788256698565e+01
6.417907770121375677e+01
5.840934619684720985e+01
7.675677080753155224e+01
6.672766168580210433e+01
9.403581597282031623e+01
1.060274986868219429e+02
5.950419849615632728e+01
6.471318233284496557e+01
1.007310646850157525e+02
8.494920524065094014e+01
5.277620749850134274e+01
6.299931321669342310e+01
7.014668923061617534e+01
4.086918546708061228e+01
4.595872266090575664e+01
7.107350139863352467e+01
8.219181804206907316e+01
8.144914274870798465e+01
4.702515806510649554e+01
5.639494936497835198e+01
8.737307754919388003e+01
1.019301771291481913e+02
7.418307651108038669e+01
1.150028068845735589e+02
1.355282953496674168e+02
7.227842117879626471e+01
1.083749526436685215e+02
1.270399718144302739e+02
5.333673361818333092e+01
5.941588951593950441e+01
4.913035225011941520e+01
4.921188542833737500e+01
5.141889762571086919e+01
5.158337698159398599e+01
6.492604143795531968e+01
6.812172396354033310e+01
5.147773989792442251e+01
6.627110756507434530e+01
6.594702676561303178e+01
3.752043925103954791e+01
5.115217863432944512e+01
6.615552989136809003e+01
6.425837979273556755e+01
3.502607891642725946e+01
5.145571407973337585e+01
6.856900269417232607e+01
7.101764697093099699e+01
4.398856963025656341e+01
7.185549175261080279e+01
7.828534603650119550e+01
5.143988569423486013e+01
6.910125735220245247e+01
7.279016443842049000e+01
4.752982959786012884e+01
8.274035734362084327e+01
9.650132873695750391e+01
4.765171718661523670e+01
5.134001798131048133e+01
7.288770024052290353e+01
4.877195084290699612e+01
8.755244197340927315e+01
1.057091715057016188e+02
5.106296900200732125e+01
5.164246461673087651e+01
5.129891681209986132e+01
7.329242480368390034e+01
5.010208717411056512e+01
9.277141917085501177e+01
1.169729771747372524e+02
5.840034407955988627e+01
6.415844973326042577e+01
6.354643783257047573e+01
5.124265942465267898e+01
6.906720293453045656e+01
7.328139643763088884e+01
5.071269946123626937e+01
9.567300367499072422e+01
1.243580624625451208e+02
6.420332229653921274e+01
7.535553504732914121e+01
7.633386392690727007e+01
5.714151741243654925e+01
5.124343907008567101e+01
6.920514939168663204e+01
7.373360294894621347e+01
5.172889721920933681e+01
9.971864260618252729e+01
1.341628575468945712e+02
7.252050960474988983e+01
9.143973246082818207e+01
9.882093450825207981e+01
7.988641856231794236e+01
7.738532477170305413e+01
5.120250331337761907e+01
6.913387375327059203e+01
7.362835289197172983e+01
5.195242950129818382e+01
1.010950733369195973e+02
1.385274990028199511e+02
7.698395418821316127e+01
1.016847469869262710e+02
1.142029630602247892e+02
9.597886170589580956e+01
9.774722431004873613e+01
6.442424975366800766e+01
5.110655494950168531e+01
7.287692214756916087e+01
5.130206191633074297e+01
9.949223364277361270e+01
1.364984876784436096e+02
7.645798253020188895e+01
1.032905904713649647e+02
1.172638633967847568e+02
9.908053737922239179e+01
1.011557142755258525e+02
6.716449148089019161e+01
7.264691434307724194e+01
7.212500358801858624e+01
5.057993437617616195e+01
9.749046198869523039e+01
1.332399240567825132e+02
7.470698751090941414e+01
1.021842151756492569e+02
1.161311559676368432e+02
9.758238536387851525e+01
9.833026847670438997e+01
6.438943126694915975e+01
6.997536494160021903e+01
7.487199238595133011e+01
7.219041902398217303e+01
5.080045454822923290e+01
9.841956923013063374e+01
1.357841123953870692e+02
7.733707603427146182e+01
1.084678679202330471e+02
1.264886893337782112e+02
1.094500182404635069e+02
1.141311206003783809e+02
7.831142216396216327e+01
9.155489386175490552e+01
1.110643912078307523e+02
9.188599508245548009e+01
5.098204811815905657e+01
1.378468581792436396e+02
7.951293700548727372e+01
1.138107247975589331e+02
5.100408266922663358e+01
1.356164532188296050e+02
1.203131172723147557e+02
1.290934310395814748e+02
9.186690022148073353e+01
1.127135764225465522e+02
1.460322807443253055e+02
1.300411261653139547e+02
5.732938755522523167e+01
5.097301593140122833e+01
6.843467387017506098e+01
7.203263237389946028e+01
5.081313824416757541e+01
9.877288201888552521e+01
1.374356337476449141e+02
7.966877368004767845e+01
1.153487164176861342e+02
1.389107748415539447e+02
1.247569452941643675e+02
1.357174857989312784e+02
9.840518213146773974e+01
1.235803096075820378e+02
1.649513688201790842e+02
1.507057080604825217e+02
6.511881154113244463e+01
5.093863835662100570e+01
6.832205303835478105e+01
7.177272114834782712e+01
5.057535034429496079e+01
9.812238809976933851e+01
1.364156368789430189e+02
7.925740296861958711e+01
1.156413072582297445e+02
1.393228975425677731e+02
1.023757388752486719e+02
1.306055230829485083e+02
1.778236089279881753e+02
1.653118890993564207e+02
7.060411123378798948e+01
5.738083510228173623e+01
7.284529249119157157e+01
6.922569682919591116e+01
4.837318659664017417e+01
9.186887065575757561e+01
1.265322451714176424e+02
7.433125443430240864e+01
1.105212505729961094e+02
1.354501460277750482e+02
1.237772819335774699e+02
1.369273662871287058e+02
1.013522293451534750e+02
1.299343032294524392e+02
1.775577116283565431e+02
1.654566894046914456e+02
7.070581093557444774e+01
5.745189480484260969e+01
5.582110793603908405e+01
4.069469932140111013e+01
7.726765121729641805e+01
1.071351552229661763e+02
6.478577518041088013e+01
9.959900496627966504e+01
1.249964934829762058e+02
1.165733762710003276e+02
1.276700756833048587e+02
1.758625415441865698e+02
1.647734790188355305e+02
7.061109288892070879e+01
5.744695079188443998e+01
9.206436125292135841e+01
5.661823831144194941e+01
8.990476683804737945e+01
1.152334059310918946e+02
1.095537331463673922e+02
1.253220439695353150e+02
1.741831457831597163e+02
1.641828593523299560e+02
7.055932467374006478e+01
5.746800153428601732e+01
6.959743596179433212e+01
8.103920591577301025e+01
4.941945925979728571e+01
8.084721656448871840e+01
1.054752401220340232e+02
1.021414502455945978e+02
1.188591674258712061e+02
9.232790271680315186e+01
1.635044674068931272e+02
7.051047180017488358e+01
5.750082477240039935e+01
5.343251077229702162e+01
3.558739689251286364e+01
6.342665680734764777e+01
8.739270554698794058e+01
8.851749875984030780e+01
1.069228437711547173e+02
8.589206034503531839e+01
1.170579820312560742e+02
7.011765498022838017e+01
5.740708606775869072e+01
3.467457244069143485e+01
8.137732799959239571e+01
8.256123303150106096e+01
1.005627705603981923e+02
8.231781023138933051e+01
1.138480773155152406e+02
1.651879303493838904e+02
1.606699805869112936e+02
7.015550125412900684e+01
5.750998717326119447e+01
6.523067456357782135e+01
8.294910617876766423e+01
8.194285565930610460e+01
9.823401621061121602e+01
8.100183138998394838e+01
1.125637909546429398e+02
1.646167631688537654e+02
1.614010550316107810e+02
5.781709210915700936e+01
5.860660591291390631e+01
6.327914340004494420e+01
8.051352972766464688e+01
7.060224222253182802e+01
1.026441121993211283e+02
1.558260030882220235e+02
1.572525396245822265e+02
6.995132882330071311e+01
5.770893669506276069e+01
5.126869108838303646e+01
6.693248603035411293e+01
6.201983740291218083e+01
9.355844847844913659e+01
1.471923536883545012e+02
1.533794965451443204e+02
6.948802906147498959e+01
5.774960185578339633e+01
6.030702844418267716e+01
5.699461518332854837e+01
8.642841307980195609e+01
1.389636628235742819e+02
1.497311811264162031e+02
6.927320475052492554e+01
5.798960183767787413e+01
4.937682220169239855e+01
7.576117233815261898e+01
1.250931666993335654e+02
1.419266207803210591e+02
6.823099785341592849e+01
5.805776212491831956e+01
1.121370553274251165e+02
1.329390304967240013e+02
6.714094826625365897e+01
5.837433817695848148e+01
7.001596978723432585e+01
8.143816067474499221e+01
1.087524361434370945e+02
6.187745881154251038e+01
5.741989873313264781e+01
8.772086359129231425e+01
5.691681248349879496e+01
5.728328332788748156e+01
5.655493888179622530e+01
6.151775613895320305e+01
6.689275470231473264e+01
4.913035225011941520e+01
5.933651339533889058e+01
6.161334513222328724e+01
3.747805510808433382e+01
5.068155166892953645e+01
5.716540282740587742e+01
5.503898807327531983e+01
6.402362479398428263e+01
8.071343996884583305e+01
7.916170921800635085e+01
8.588804552481677490e+01
6.642777117595267100e+01
5.716423292347560903e+01
7.917993979171065178e+01
1.058091900052920096e+02
5.002495161719727435e+01
5.948120984110468612e+01
7.630413290059732390e+01
5.626538301219564175e+01
6.717806057045575585e+01
5.273407354478706566e+01
9.563016021762609853e+01
9.921922049029379309e+01
7.563555487946877065e+01
8.013646393993015238e+01
8.058935250240594428e+01
6.727986449691856308e+01
9.815746609958313229e+01
8.141218748918311121e+01
8.290357280226992032e+01
9.309964533813854359e+01
7.884781528968115083e+01
5.570311227849295221e+01
8.690127329128100087e+01
9.852222258819304557e+01
8.756585172160174579e+01
8.335235947165315906e+01
6.741078185835588954e+01
6.956990012823652592e+01
1.024886393811059122e+02
9.542833139507683882e+01
1.000312688777898416e+02
9.080051088697729256e+01
9.484886271990798434e+01
7.709759363856080938e+01
8.945628577336829323e+01
6.258252635852807799e+01
7.445574568575433716e+01
9.829117469873466462e+01
1.062781534139011796e+02
1.176140372934173683e+02
8.670471070390094326e+01
9.344434594521779047e+01
7.919818217721343956e+01
6.723128053562578543e+01
9.119510111800406094e+01
8.561874936222980637e+01
1.036118849597577025e+02
1.146933674114178388e+02
1.078549492563173686e+02
9.320342389648834569e+01
9.105175760878343283e+01
9.803560382761172320e+01
9.332518455543171854e+01
1.190155703468136039e+02
5.572424341510307499e+01
1.105534125343555587e+02
1.252067497291271536e+02
1.284271455777298740e+02
1.075419585904334241e+02
1.037250670079942410e+02
1.185633536937076258e+02
1.135595860809197291e+02
9.596052047320011980e+01
1.223388146155626828e+02
1.383910405651213011e+02
8.612362843740604035e+01
6.196381898051723169e+01
1.160978698258092550e+02
1.175856220253423459e+02
1.238636462810293182e+02
1.144654248449234046e+02
1.036016816515578967e+02
8.589206034503531839e+01
1.209233290723611844e+02
1.292344444894851563e+02
1.102442060260505627e+02
1.419266207803210591e+02
5.710012697738395815e+01
