8.691939194572057659e+01
1.104191402784982898e+02
1.400215592938660052e+02
1.503616664658802620e+02
1.864016537944055756e+02
2.028987950543515524e+02
2.161683708419146797e+02
2.636274864755704925e+02
9.238867095114011363e+01
1.171983536210488381e+02
1.297884947354162648e+02
1.623431009486621406e+02
1.795777343706996305e+02
1.911836975056027370e+02
2.003332868316363431e+02
2.607089898942799664e+02
1.582174186774203690e+02
1.747981147487989801e+02
2.187994635259560710e+02
2.244187986635911329e+02
2.268932934489250783e+02
8.835372269569755588e+01
1.013969299037346588e+02
1.289971771600357044e+02
1.460046450429063043e+02
1.585699567042030651e+02
1.677607421300490387e+02
1.964131072356619256e+02
2.141269516356511815e+02
1.632035841177037980e+02
1.931984058890160441e+02
2.136748654594959476e+02
2.190307864591158307e+02
2.210887853750531349e+02
1.431870143148753698e+02
1.550655996638742522e+02
2.108685616131764675e+02
2.044033607355077038e+02
2.148886321432804891e+02
7.695796254684719884e+01
1.012935183421509180e+02
1.197875857991544848e+02
1.343938352453154152e+02
1.451412649464886897e+02
1.483819164076491859e+02
2.065259026787505832e+02
1.929362882613602892e+02
1.534987995030277261e+02
2.144986770188654930e+02
2.012691695650949555e+02
2.126896178068517145e+02
2.400989723465054908e+02
1.464667345294031691e+02
1.731588462696562090e+02
1.990822598505418739e+02
2.105210248629091723e+02
2.175823726752981599e+02
9.900782879224719579e+01
1.179533145936284342e+02
1.351637878597815074e+02
1.472240384843448737e+02
1.498762383709058952e+02
2.120730307908610826e+02
2.030120324848499251e+02
2.115195138607228387e+02
2.016499100066488097e+02
1.867874625000207800e+02
2.050077307437004208e+02
2.166049139874218952e+02
1.892736675892754761e+02
1.832881382516171129e+02
1.930932462336601816e+02
2.027034820736161578e+02
2.277260629514904906e+02
1.286140879699901234e+02
1.850728117566327171e+02
1.810962501155776749e+02
1.985121060676055436e+02
2.301313791886976787e+02
8.586905700629657190e+01
1.026370131008600737e+02
1.146907540565719046e+02
1.164578167645025388e+02
1.672877760847216564e+02
1.691560367641960170e+02
1.596022744530721695e+02
1.795860359733669895e+02
1.712475398561664690e+02
1.910115456808231613e+02
1.948055817690165838e+02
2.104437695955353433e+02
1.786627319998477503e+02
1.698576797020187712e+02
1.924026431541885529e+02
2.079957448397441624e+02
1.671151467848016523e+02
1.657181278579412265e+02
1.797354104310294076e+02
1.937281061965213951e+02
2.229021803819066463e+02
1.015224862430702899e+02
1.152004068699784654e+02
1.670163365525387178e+02
1.710797183168092772e+02
1.602432998196098879e+02
1.810834666661396568e+02
1.891062685106547860e+02
1.155773866596744170e+02
1.972190134421136918e+02
1.854406254775243781e+02
2.105021189057389961e+02
2.389427408607704137e+02
1.666557041003388235e+02
1.880186396739195231e+02
1.929501241033016754e+02
1.966972680628453247e+02
1.473713428056573207e+02
1.679820543924914773e+02
1.771073207662024913e+02
1.969071507549055866e+02
1.524130770505026931e+02
1.496621702120460213e+02
1.759810410251518817e+02
1.952645188440642698e+02
9.551904284425133085e+01
9.203566681554715956e+01
1.358010513934510186e+02
1.417418428015149345e+02
1.357696420349045923e+02
1.470060342482352098e+02
1.684143969084770163e+02
1.762245050844639422e+02
1.743512751696818555e+02
1.759735160558418272e+02
1.964339268547286679e+02
2.313399035016436187e+02
1.728619817623767005e+02
1.665309850103711256e+02
1.921091588360073672e+02
2.237678537174661244e+02
1.414000965568880304e+02
1.635130665666630705e+02
1.726922366065537346e+02
1.815656869684839876e+02
1.223054797703629077e+02
1.423926650071023801e+02
1.556155328579685033e+02
1.781215912695331838e+02
7.533472254870231666e+01
1.103837623987739960e+02
1.170756848297984760e+02
1.146073903907024487e+02
1.255135244124726768e+02
1.465017784257502171e+02
1.436615232258463095e+02
1.669686700763461715e+02
1.540500987528300811e+02
1.837980298873420395e+02
1.793408643979119290e+02
1.529545246672425662e+02
1.566746035582558250e+02
1.785512252399618944e+02
2.154306711976388158e+02
1.442433362020190657e+02
1.427099646320243949e+02
1.667683878559134030e+02
1.997329762529984123e+02
1.172047341133247613e+02
1.377374967982511009e+02
1.487547890446552969e+02
1.601650708539700645e+02
9.460692527250513706e+01
1.014473200189108866e+02
1.019096748324662229e+02
1.124545885794769617e+02
1.321768089343281360e+02
1.327681887454643288e+02
1.369923634619697737e+02
1.581307127437235351e+02
1.884873160789700819e+02
1.721162973567252266e+02
2.325607709504434979e+02
1.599610418262496125e+02
1.764101792168999907e+02
1.699206649771512332e+02
1.363942812753518297e+02
1.623733160938748483e+02
1.625593372282023950e+02
1.283138241601223228e+02
1.335854119406138238e+02
1.554533907651519655e+02
1.924824800826743854e+02
1.218387665732467013e+02
1.239175055411450899e+02
1.463291207046213742e+02
1.797642661142093914e+02
8.227571639045196150e+01
8.677237117967614211e+01
9.758716162529127303e+01
1.159295331810316867e+02
1.184149463204295358e+02
1.192032067005278719e+02
1.398577258957092226e+02
1.426932017170368852e+02
1.701045648613970798e+02
1.690402106531498703e+02
2.320001915753467188e+02
1.749720930583222298e+02
1.613284732552524474e+02
2.212538821645485143e+02
1.460213886043989930e+02
1.645503531537287358e+02
1.612094879890142352e+02
1.274098309774324917e+02
1.494108524282198687e+02
1.536353587461792074e+02
1.236042206864303523e+02
1.311408855301593235e+02
1.558469759187272530e+02
1.981142700519357902e+02
8.963559938243263048e+01
1.011177764183617569e+02
1.212100165209846523e+02
1.265704051613850680e+02
1.310769814274513010e+02
1.430753590807242119e+02
1.653917103099212795e+02
1.658832181863568564e+02
1.530362868009129613e+02
1.684773425581532820e+02
1.523108102532603141e+02
1.540618755326290454e+02
2.167550518293473658e+02
1.548497142896110574e+02
1.446438625487061529e+02
2.023087093384135358e+02
1.260884464259996207e+02
1.468692761863080136e+02
1.479729144760996462e+02
1.158734901549032514e+02
1.344934295312397978e+02
1.439908734395525869e+02
8.525607455396063017e+01
9.667932390399843712e+01
1.012194255471388971e+02
1.071824897433705246e+02
1.132997849586075034e+02
1.366366139581549533e+02
1.286513152326155307e+02
1.831778810683007350e+02
1.503543085555668029e+02
2.289524448372612824e+02
1.298055705458550619e+02
1.452906612250767466e+02
1.257808136560581289e+02
1.301923935004999748e+02
1.887124337150245026e+02
1.252518947324535787e+02
1.194801058060802177e+02
1.726403375907187865e+02
9.268525934973156666e+01
1.117757869636314751e+02
1.158252578255071938e+02
6.905100584648313600e+01
7.267339640414708413e+01
7.994487331644465655e+01
8.090006903169413022e+01
9.979343257800066169e+01
9.440953800877709057e+01
9.874493624952425819e+01
1.457229418147974229e+02
1.391544676638834517e+02
2.178672842532951677e+02
1.266249989555805797e+02
1.956535076787146181e+02
1.085336617924316300e+02
1.234299997876779713e+02
9.640325522455457019e+01
1.020417625758723119e+02
1.522906254582602514e+02
9.308096098726959156e+01
8.838036899218408848e+01
1.290097019006948358e+02
6.257770096428689754e+01
7.310714909003417006e+01
7.028675178569451987e+01
8.924349144987797899e+01
8.394628812998426781e+01
8.533939549618375509e+01
9.697819927060368173e+01
1.482303042532246309e+02
2.686076248330707017e+02
1.192749945649304522e+02
1.912963218861253267e+02
1.076401366106476019e+02
1.686801801291750564e+02
8.466401813164350187e+01
9.697471753270514228e+01
7.949344727332582750e+01
8.598238401134710784e+01
1.313581624981958669e+02
6.717707474276744506e+01
6.123318977450668399e+01
8.211261171726282271e+01
7.694789644141249596e+01
8.012735431667989872e+01
8.999093185609225998e+01
1.411792048433443654e+02
1.027849780419668093e+02
2.239987586197927669e+02
9.567052919409566414e+01
1.576239885218024313e+02
8.161058306684535069e+01
1.291986126558697947e+02
6.898233031670019955e+01
8.050613511392738531e+01
4.529712376480460279e+01
6.452487705943099172e+01
5.854422224989476575e+01
6.261149750281709458e+01
7.079977926099446961e+01
7.637318588770467898e+01
1.283669859513595668e+02
8.391353771965358987e+01
1.695386203160275045e+02
7.052668693974781888e+01
1.206309078513333617e+02
5.833128273467959701e+01
9.417909532979413711e+01
4.764570189124138722e+01
3.992815255279864317e+01
4.473718104879517909e+01
5.120322810680924164e+01
5.635400559795516529e+01
1.245115077704311801e+02
6.280680334755678729e+01
7.321197787034407156e+01
1.481538739100348891e+02
6.607226621942760403e+01
1.134743136557941625e+02
5.753043788741900499e+01
6.197387230922637968e+01
6.663987743169096234e+01
7.162798188316772041e+01
1.554393674839193693e+02
7.276921122493534710e+01
6.193022815174142437e+01
1.304234392565290079e+02
4.064671226396468739e+01
4.567099096789484491e+01
5.183430054645456408e+01
1.161224203945432691e+02
5.710562157808369221e+01
7.227897708233253127e+01
5.097177656023764314e+01
4.108278896587406592e+01
4.414565660032226901e+01
9.391838979377234864e+01
4.746516936567999068e+01
5.989751853951973715e+01
3.842444807920647776e+01
7.258829712920162081e+01
3.776460073338699885e+01
4.697264978595261198e+01
6.640414516213118645e+01
3.624359265175360179e+01
4.394701353613020700e+01
2.923157113962465203e+01
3.412468661028192685e+01
4.950501826010913220e+01
1.090103724462183408e+02
1.015309630549708970e+02
1.001438191666172770e+02
1.111816215375699528e+02
1.484475123349897103e+02
9.749896184192598980e+01
1.473480916769218538e+02
1.134400424082794103e+02
1.456856454288536895e+02
1.053319968117530294e+02
1.852677677472678681e+02
1.805887436276487961e+02
1.440524159499655070e+02
1.024384048903605304e+02
1.853391765199307599e+02
2.039206197268563869e+02
1.442814622604274177e+02
1.056311357837236926e+02
1.792334382443322056e+02
1.884493687886639748e+02
1.338461824204896686e+02
9.034673991769935242e+01
2.062528892406540422e+02
2.240948903271044230e+02
1.670832612886737536e+02
1.732280265027299606e+02
1.279123143520617418e+02
1.070719114339136553e+02
2.062180100189561927e+02
2.136488292452623909e+02
1.620021827704324551e+02
1.694684878906853100e+02
1.340918343812376179e+02
9.679969122069576315e+01
1.963776218660579218e+02
2.031066251248490744e+02
1.662900354462948656e+02
1.581973528463862237e+02
1.395080221007131343e+02
8.611916648486437964e+01
2.281871823801826054e+02
2.352410023281127280e+02
2.367701561475585663e+02
1.961445412935030106e+02
1.914290201788914487e+02
1.661401828750258574e+02
1.945320035592717716e+02
1.178608932738782613e+02
8.287894356096082049e+01
2.300533974614060639e+02
2.253460815195036560e+02
2.292621113373335504e+02
1.959650721840137351e+02
2.081110305222047145e+02
1.610921718808004925e+02
1.718277286141499758e+02
1.047360640046136240e+02
7.906859376587784993e+01
2.261066293284421249e+02
2.348583046688823401e+02
2.183407705327105077e+02
1.859697626750251516e+02
2.162541810329605028e+02
1.414374696572299399e+02
1.388429475782710938e+02
1.062614011529808522e+02
6.520842932039504092e+01
2.564678112969450012e+02
2.623233570202303326e+02
2.503013880773837627e+02
2.155811424619862748e+02
2.361925285349794876e+02
2.688978597073344758e+02
1.842957513156096070e+02
1.862540488792964766e+02
1.318704160747319349e+02
1.348914913142929493e+02
1.035576738793878349e+02
6.285043322162493951e+01
2.450299846173994069e+02
2.618286168223402228e+02
2.727296277307277137e+02
2.079614071556885619e+02
2.295697308319963099e+02
2.381252371979963129e+02
1.670891300949061247e+02
1.628032250331316675e+02
1.239960449170887813e+02
1.372570726273885953e+02
8.476364056182949014e+01
6.138659416073966213e+01
2.715190375455690628e+02
2.851730455836852229e+02
2.911319033674628827e+02
2.686830928113635082e+02
2.356660100961224487e+02
2.517839015437847934e+02
2.849633925229457532e+02
2.047425247063019640e+02
2.019771650258064142e+02
1.922393781590662343e+02
1.523203012296782788e+02
1.625649183296523290e+02
1.190837102231377429e+02
1.250539291964658162e+02
8.655181928211207776e+01
5.516880560119907528e+01
2.644327904697072995e+02
2.782915172676670750e+02
2.994569427471302561e+02
3.377827814084576517e+02
2.306506073180156022e+02
2.456142832456180827e+02
2.427790475288000209e+02
1.890157897741491979e+02
1.902209537462389051e+02
1.889670242882069431e+02
1.436744423682346508e+02
1.572489486011396309e+02
1.169956478912968123e+02
1.099736111380739487e+02
8.466955092005370886e+01
5.452358621352488655e+01
2.601774089196815680e+02
2.715032505890014249e+02
2.933392428859279448e+02
3.017323848079411164e+02
2.273814006851522151e+02
2.276790493878324639e+02
2.163151835444008100e+02
1.722207846393256716e+02
1.845905545474067821e+02
1.982566018170847144e+02
1.437618875040975297e+02
1.381302415807823536e+02
1.123030553235950890e+02
1.228945486539834064e+02
8.053525276414026735e+01
4.864445523632657142e+01
2.853779859546995681e+02
2.951466699631226902e+02
3.109341433372240431e+02
3.486061839614742439e+02
2.525090984220771304e+02
2.688344444140977316e+02
2.600538798456611289e+02
2.451841339288086488e+02
2.055511448379348280e+02
2.094610759689798556e+02
2.179936516610396211e+02
1.713776382930083173e+02
1.729828060832045367e+02
1.765352034003799417e+02
1.426407272304873857e+02
1.442672340881327102e+02
1.108235660274765166e+02
1.209115811226161412e+02
7.021305765881555772e+01
5.435769312302784328e+01
2.669290424425659012e+02
2.799623861858860892e+02
2.932930269322608865e+02
2.874895845818062412e+02
2.313452080784547320e+02
2.333481344715761736e+02
2.303263211686558805e+02
2.267820397732270408e+02
1.860751122540586096e+02
1.887767573473466598e+02
2.012129995901269410e+02
1.572030203741832111e+02
1.563422293191625272e+02
1.433940638296554653e+02
1.270647120638811458e+02
1.398566368731760292e+02
9.300343537564323526e+01
9.560675995823258688e+01
6.193656409992709655e+01
3.948344199072186456e+01
2.580085313619775320e+02
2.748280205864628556e+02
2.710418101845210685e+02
2.553439440294634721e+02
2.184525109011499637e+02
2.139988803415412804e+02
2.247683095054079558e+02
2.393558943221003972e+02
1.830402083149592158e+02
1.871654356787558697e+02
1.768838246252144017e+02
1.485955243911887749e+02
1.547480404250613901e+02
1.652592816671726155e+02
1.200276619269507137e+02
1.295960674169045888e+02
8.302220060710777716e+01
8.328870477711657827e+01
5.752149150865211880e+01
6.749081189579241880e+01
2.532500206409269197e+02
2.475117086738631542e+02
2.481680457321174345e+02
2.561606869097113304e+02
2.050936003565741999e+02
2.090467430230865205e+02
2.086255221664751502e+02
2.108764816997730236e+02
1.756841268627719046e+02
1.785853405367041660e+02
1.759741927137458788e+02
1.426287110522213482e+02
1.563248852913619942e+02
1.660390170325542840e+02
1.111306569622652916e+02
1.107295496494664349e+02
7.360367964690196629e+01
8.009914137402371637e+01
7.382179370195477475e+01
2.552484541890716230e+01
1.090103724462183408e+02
1.173465767895500989e+02
1.088583606076601029e+02
1.173676191174620129e+02
1.293377728099534920e+02
1.031194189451680217e+02
1.166151479612466062e+02
1.386352167756992912e+02
1.379995469299940396e+02
1.223071253041136828e+02
1.151846000716063116e+02
1.401177610031779750e+02
1.563279929670777619e+02
1.582897063966431688e+02
1.060678796853285064e+02
1.140121178420380232e+02
1.396266494937754032e+02
1.654531006590290758e+02
1.834482814274890643e+02
1.396975988508026774e+02
1.207126913127141989e+02
1.131236920930018357e+02
1.386779562285777274e+02
1.698906329858648121e+02
1.995179654501169750e+02
1.661016315766871116e+02
1.543014692161263781e+02
1.110692022785485875e+02
1.124539783008526967e+02
1.377381152831578675e+02
1.720919542556531212e+02
2.099734744815717704e+02
1.866316685861054907e+02
1.843709184065116347e+02
1.392624170326079991e+02
9.691536001989160809e+01
1.119707736328991814e+02
1.370306624972724876e+02
1.734877618157674988e+02
2.177291137787824766e+02
2.041670220189911049e+02
2.155665696197907835e+02
1.781019621692602470e+02
1.367885603106784060e+02
1.058624569235651336e+02
1.113237893441545623e+02
1.355073660336203147e+02
1.720849476102474398e+02
2.182251658764158719e+02
2.103123534091567137e+02
2.297189501194516481e+02
1.988468372870638632e+02
1.593670577262476229e+02
1.269245520262877989e+02
9.386773544692132987e+01
1.108663122077228280e+02
1.344464998006948520e+02
1.711258913945154916e+02
2.186666727938828387e+02
2.150980813085853356e+02
2.414459890894840441e+02
2.174309328976085851e+02
1.813974683512821571e+02
1.493605395229877217e+02
1.159384558987409406e+02
1.057424005722939881e+02
1.105878539613040630e+02
1.338632392123089119e+02
1.708563411393709259e+02
2.199049648786316595e+02
2.200724675956734586e+02
2.530459638605648536e+02
2.360937918488868092e+02
2.049561279522381483e+02
1.751976746879602445e+02
1.421902358908340318e+02
1.366053520921518611e+02
9.761115917526414876e+01
1.103586797759764409e+02
1.333678759850718336e+02
1.705276829141438100e+02
2.205752240756849289e+02
2.235217605420741336e+02
2.616706391840344850e+02
2.509408727565632091e+02
2.250214477371510498e+02
1.987108828371850962e+02
1.673106746158634621e+02
1.690700622354231939e+02
1.214393502490631249e+02
7.741803838546556449e+01
1.101403689233093104e+02
1.328566676287516657e+02
1.699824996118699403e+02
2.204651458801451440e+02
2.252751709534020108e+02
2.669475708910376852e+02
2.610821097940217896e+02
2.397427412891505298e+02
2.168531107376140028e+02
1.874862512997794397e+02
1.967350149739433789e+02
1.443910265403050914e+02
9.367260799348635203e+01
7.203852696193277438e+01
1.099834022129541609e+02
1.325050625000810101e+02
1.696652484424383545e+02
2.206039098288464686e+02
2.269830044971377561e+02
2.717269977311397042e+02
2.701592152210814106e+02
2.532216354423451321e+02
2.341300432598894474e+02
2.074791376022550367e+02
2.253073368847868778e+02
1.698653836169748672e+02
1.133447375083780742e+02
9.046661796837399550e+01
7.368819878754057129e+01
1.098754421852111989e+02
1.322815191882658894e+02
1.695382500381826958e+02
2.209714714542566867e+02
2.287187384374560963e+02
2.762120401884814100e+02
2.784639669076159976e+02
2.656687007020681222e+02
2.505119258148261565e+02
2.269770118923775897e+02
2.538965982509298556e+02
1.961380087380166231e+02
1.333756407118392247e+02
1.068548193318088693e+02
8.639437305290105940e+01
5.627166493699672856e+01
1.097601033493461529e+02
1.320171178409114248e+02
1.692570253046232267e+02
2.209090328733510376e+02
2.296159653090747668e+02
2.790561916040332449e+02
2.843294923656264928e+02
2.750797254133680099e+02
2.636168452565549956e+02
2.434989456454491972e+02
2.798314937595899892e+02
2.222406732634745197e+02
1.558888942575679266e+02
1.290783964604764549e+02
1.103112569110935226e+02
7.781348685717284752e+01
5.090384389322268532e+01
1.096517304673741364e+02
1.317577075021368387e+02
1.689303883590527846e+02
2.206472146015823341e+02
2.300225565052328989e+02
2.808015853359965490e+02
2.883552976970434543e+02
2.818843117555828712e+02
2.733662581222984613e+02
2.560680079205508264e+02
3.002713522994040432e+02
2.432366373012666543e+02
1.741171877162597355e+02
1.464967166466879576e+02
1.276366028075993455e+02
9.051901346587891339e+01
5.730107183350283862e+01
6.571222270490407880e+01
1.095739678939431769e+02
1.315822557463017404e+02
1.687485434595869833e+02
2.206158937338195187e+02
2.306319725743988442e+02
2.827239703971200129e+02
2.923790148050163680e+02
2.885253638776215439e+02
2.829614857036597186e+02
2.686830928113635082e+02
3.211430080339607684e+02
2.655123390446493659e+02
1.944337763308936360e+02
1.673436885193705166e+02
1.501528731759167101e+02
1.103455068977700790e+02
8.181781071286137319e+01
4.993887345032610625e+01
1.095173888654532561e+02
1.314628210376264690e+02
1.686569918589725035e+02
2.207133862594893117e+02
2.313193323855610402e+02
2.846336317283921176e+02
2.961715156516453931e+02
2.946953911060280689e+02
2.919179255651318385e+02
2.806052681446502675e+02
3.411375436136576695e+02
2.873531005457166998e+02
2.148846329129828803e+02
1.889228388114217125e+02
1.739883251396604749e+02
1.318316865225808954e+02
1.009551919886440174e+02
6.826675741324564228e+01
4.957513468931617950e+01
1.094632685147708457e+02
1.313431708946693846e+02
1.685391776810403428e+02
2.207111762696015944e+02
2.317724003234975783e+02
2.860261279930741125e+02
2.990836901588648402e+02
2.995757793926869113e+02
2.991562361855101244e+02
2.904503789655344121e+02
3.581292938720901020e+02
3.064559009053233467e+02
2.333067934148215841e+02
2.089094390785599273e+02
1.966896210276863712e+02
1.529771465260823788e+02
1.225351344583621653e+02
9.013168174436486879e+01
6.634647000397237093e+01
4.761184240748448104e+01
1.094180571047797343e+02
1.312445556826226039e+02
1.684463012529260197e+02
2.207232526450892180e+02
2.321748913150571525e+02
2.872350596767056459e+02
3.015951780312892652e+02
3.037939824864635625e+02
3.054596456599604153e+02
2.991214477526726228e+02
3.733271577078250516e+02
3.238848419266192309e+02
2.504950418790798778e+02
2.279980947042262756e+02
2.188688811149675928e+02
1.741507666858561265e+02
1.459221998408280854e+02
1.143461543181457358e+02
8.788637523978671595e+01
6.576753578153373780e+01
6.043542609507561281e+01
1.301501052926062698e+02
1.093037394894945464e+02
1.309269806234376574e+02
1.678568657950751799e+02
2.196779361410318643e+02
2.309566269312249744e+02
2.855655529652635778e+02
2.999997492967889343e+02
3.024793094010777281e+02
3.043436265392006703e+02
2.982859051258249679e+02
3.738226069728927428e+02
3.255507519229045670e+02
2.527587023543630380e+02
2.302364710945726927e+02
2.211998752108233930e+02
1.759605293111402204e+02
1.425302414839197809e+02
1.135214931424117566e+02
8.405163716908982963e+01
5.912973264041439592e+01
4.861713292195870650e+01
3.374472517328182875e+01
1.317372869154796717e+02
1.092836764535096421e+02
1.308957027210681474e+02
1.678786244803523573e+02
2.198684516902480652e+02
2.315109200224253527e+02
2.868786877915841274e+02
3.024057895695167417e+02
3.062937303690228532e+02
3.099100518233722141e+02
3.058587262745734847e+02
3.869794451849041934e+02
3.407202812381040076e+02
2.678907133219042862e+02
2.472551104792596277e+02
2.411300922068210468e+02
1.950360456933298110e+02
1.625102070346049459e+02
1.338380651335249354e+02
1.011150122088939582e+02
7.275948391629434298e+01
6.067977464691870182e+01
4.267948858965484504e+01
5.559087498385792259e+01
1.092590969160047791e+02
1.308468709781088251e+02
1.678506090694713180e+02
2.199369505810109615e+02
2.318481217048006044e+02
2.877685360320436985e+02
3.041482003375799650e+02
3.091559781501827615e+02
3.141673353301695215e+02
3.117420124978553986e+02
3.974593439394585062e+02
3.530509365067632075e+02
2.804298855180922487e+02
2.615596572083489377e+02
2.581269554221512976e+02
2.115278874362349768e+02
1.797091024723164878e+02
1.517208157787128187e+02
1.161005137247343271e+02
8.485991359898919484e+01
7.139368649555348156e+01
5.103536213675083388e+01
6.767006996029095944e+01
1.626208118268375458e+01
1.016361818938372039e+02
1.394650814675854065e+02
1.887403477927243216e+02
2.058219068523742976e+02
2.607380286423580174e+02
2.813546042949449770e+02
2.907921181814056695e+02
2.990356207240005801e+02
2.994679279481877074e+02
3.864217075114629552e+02
3.468613640698474114e+02
2.781089984104345376e+02
2.611411612069193211e+02
2.591369281024958013e+02
2.132853158224525600e+02
1.660164364234018137e+02
1.535778705219726135e+02
1.174353668875779704e+02
8.576859697206451472e+01
7.202753715825613767e+01
5.140264220308269216e+01
6.802388367551826320e+01
1.630551414189446291e+01
1.081636297743564086e+02
1.534242780739257341e+02
1.762088175233141669e+02
2.294405030236481480e+02
2.544055110456991144e+02
2.686139479940501360e+02
2.803781177846556147e+02
2.839306207329584026e+02
3.716548398873861743e+02
3.378346495596988461e+02
2.739675504156048760e+02
2.594091019646726295e+02
2.592153172905282759e+02
2.145569672656828573e+02
1.677721668436787468e+02
1.831087316496416122e+02
1.188100020052647210e+02
8.672361577573714442e+01
7.270058620560327256e+01
5.179576005852300113e+01
6.840442283873662177e+01
1.635236766791993546e+01
1.102356943938303431e+02
1.393284683708849343e+02
1.904178261111106281e+02
2.200922632256617817e+02
2.397116121170473377e+02
2.556220611735193131e+02
2.629103028998090963e+02
3.505291224469535223e+02
3.238078185920052192e+02
2.664283140685701596e+02
2.550653732523255428e+02
2.572559017340867058e+02
2.145778325425712296e+02
1.688508633409029187e+02
1.842184055358441981e+02
1.570391331054231046e+02
8.764199426272136861e+01
7.336405979332438676e+01
5.219075779825512740e+01
6.879158153796595343e+01
1.640039782066332918e+01
1.200712416187671749e+02
9.791661761679657161e+01
1.465144196113659518e+02
1.812341281331721632e+02
2.065553425106770078e+02
2.268752411561268048e+02
2.381067478595493014e+02
3.248164950090585990e+02
3.060624381687362074e+02
2.563327936088358001e+02
2.487602511177840654e+02
2.538109501571813951e+02
2.137597746878291787e+02
1.695600024475988619e+02
1.850681793135362057e+02
1.586004841781525272e+02
1.213698949023229119e+02
7.408186877308286000e+01
5.262278887701684482e+01
6.921760025544317330e+01
1.645343223279091660e+01
1.149525095258430980e+02
1.501153614506995950e+02
1.789937297925945074e+02
2.019618231147360348e+02
2.154033628913202278e+02
3.008291209356936520e+02
2.894053520604866208e+02
2.470317337198706866e+02
2.511696693259510766e+02
2.137591757727762172e+02
1.710639775075246973e+02
1.866015957382892907e+02
1.608671008211510127e+02
1.231695916146020409e+02
8.993660810984852105e+01
5.318559830760323592e+01
6.976595496885229863e+01
1.652116840377909313e+01
1.075239735150740898e+02
1.415197392689746607e+02
1.684055891715366329e+02
1.846923913584657555e+02
2.669194330236816768e+02
2.643545270225967556e+02
2.315464658874852830e+02
2.324605798172136986e+02
2.108764816997730236e+02
1.708602704775413201e+02
1.867855259217708124e+02
1.623606968958272319e+02
1.245959366997439588e+02
9.109748596121461617e+01
7.591180419318324368e+01
5.372683730493351106e+01
7.030501824577909531e+01
1.658865921150086464e+01
1.150017823796911784e+02
1.425176904381961549e+02
1.580919694856308695e+02
2.361905388631405742e+02
2.410370098182639254e+02
2.170630980738806954e+02
2.224283581390388917e+02
2.378760085540626790e+02
2.086999617427360079e+02
1.714573882834691858e+02
1.876370333858076265e+02
1.646567465137655404e+02
1.266268611861605962e+02
9.268933701036687012e+01
7.709430821965693781e+01
5.444169767228721213e+01
7.100773749164665105e+01
1.667594059412367002e+01
1.113486460343954576e+02
1.257995139248267691e+02
1.979840799481968929e+02
2.108265342333770889e+02
1.971252699211097479e+02
2.075730983951692679e+02
2.272558056666151174e+02
2.035893687293567211e+02
1.703593307876082008e+02
1.871339201615551247e+02
1.662996705553250081e+02
1.284185904140024377e+02
9.424786792269968316e+01
7.830460884927023812e+01
5.519467285622442887e+01
7.175955919342031564e+01
1.677017921580983284e+01
9.239865608904975147e+01
1.553031570788679971e+02
1.753897049124556986e+02
1.723537022450252607e+02
1.879125070609514978e+02
2.119415035194969050e+02
1.950192580675467866e+02
1.671188689433577963e+02
1.848295141494208167e+02
1.669958294295640826e+02
1.298224166513257387e+02
9.571523498075276848e+01
7.952127754950241467e+01
5.598187958198746372e+01
7.256161657701554191e+01
1.687189603519362180e+01
1.151975733257661716e+02
1.394832063159862514e+02
1.459478946777423687e+02
1.656283661843963841e+02
1.933747210177697582e+02
1.837572996089739661e+02
1.621601683936999336e+02
1.809135460049415371e+02
1.669348292751276404e+02
1.309831027727143464e+02
9.721394701328512156e+01
8.083877644464985224e+01
5.686163280425463284e+01
7.347096074376966612e+01
1.698805143543772544e+01
1.016519505880252865e+02
1.173275939578060303e+02
1.403797195723022924e+02
1.709634667826503005e+02
1.690893402181893634e+02
1.548380962229683462e+02
1.747115534695786891e+02
1.656355790934325398e+02
1.316512863895625287e+02
9.865427946574556017e+01
8.223232906409684517e+01
5.783658619519241029e+01
7.449977301755139081e+01
1.712077418994794797e+01
9.905768605677859284e+01
1.214954739320169779e+02
1.527390824416976329e+02
1.571014072728886788e+02
1.497472740064666255e+02
1.697169278859474559e+02
1.660390170325542840e+02
1.337298249442453084e+02
1.012695336229405711e+02
8.451448199249914239e+01
5.934931350660906446e+01
7.604551363716828405e+01
1.731648024657116380e+01
9.762876915490387830e+01
1.259516332194262418e+02
1.369659787059694338e+02
1.381430526950195770e+02
1.583399710810903969e+02
1.618388831639291539e+02
1.333065304246089511e+02
1.028270376275114728e+02
8.637466473221437013e+01
6.076365051027516273e+01
7.758273803633562693e+01
1.751711028966269978e+01
8.853961497265916591e+01
1.065069669466206790e+02
1.176234496950342390e+02
1.381460345231318456e+02
1.502970011992106549e+02
1.284446373101330892e+02
1.021844434811117566e+02
8.717395562384805885e+01
6.180050629086683500e+01
7.890667631749934685e+01
1.770220619655361105e+01
7.773026359921121298e+01
9.677952927906001435e+01
1.149047951047224529e+02
1.353076597036544513e+02
1.210291838668793645e+02
1.004298007442860268e+02
8.763073609520131413e+01
6.288757158283320337e+01
8.042832013942020808e+01
1.792211775863010104e+01
7.747299525644032769e+01
9.016012652827058105e+01
1.178037365131701506e+02
1.110795206364951895e+02
9.752975845978473046e+01
8.782109273926916160e+01
6.417771333197073602e+01
8.236325946905672879e+01
1.820837507667439681e+01
6.102729114111872377e+01
9.376521103372681409e+01
9.475234840648974455e+01
9.054864996757646622e+01
8.587578244843972186e+01
6.485562040875768730e+01
8.416702246745295213e+01
1.851191359355721389e+01
6.407103554800407608e+01
7.079416159899125205e+01
7.747468160841454221e+01
8.009914137402371637e+01
6.416134345039077402e+01
8.542927568891525425e+01
1.880852354399641868e+01
6.234962977857297517e+01
7.102353613163390378e+01
7.673831875541813474e+01
6.509464296805222716e+01
8.876652748423383343e+01
1.942123453396175137e+01
5.202765641900562343e+01
6.480461241505072678e+01
6.244531676641324225e+01
9.087203434932871460e+01
2.009360290101863455e+01
5.042169003020652696e+01
5.635365244269690521e+01
9.127803856621279976e+01
2.092203240928778385e+01
4.610531983942930623e+01
8.661076945382247061e+01
2.188219961096467259e+01
7.650102278014735191e+01
2.367240226450627461e+01
2.552484541890716230e+01
