8.384200911852346394e+01
9.667720851321378461e+01
8.308019312993383210e+01
1.642348489580958244e+02
1.399311935195903231e+02
1.006959781791924939e+02
1.730064920179871706e+02
1.946900914559868738e+02
7.922959935019079580e+01
6.555372043852860031e+01
1.213574541240015208e+02
9.637343632166900420e+01
6.919841017432317187e+01
1.226901895210933162e+02
1.153582729130644395e+02
1.668171501421485345e+02
6.289555232205231761e+01
1.090569237660755562e+02
1.185925211096172660e+02
2.307294601598107135e+02
5.433794948827721782e+01
1.016433962908423894e+02
7.961417650289564563e+01
5.929592575613823868e+01
1.074614265411014173e+02
9.737402550037121784e+01
1.146845169129439768e+02
1.855070460989289529e+02
9.727811192464919543e+01
1.145299714562856224e+02
1.863389134564252743e+02
1.728675442341430255e+02
1.030817824802090854e+02
9.785635279571935996e+01
1.431392619452537076e+02
2.029510821191001355e+02
9.431728845630671287e+01
7.026600534003448217e+01
5.442441464982418609e+01
1.005812955028935960e+02
9.193220947292935818e+01
1.008539516562617422e+02
1.097000859543212385e+02
2.065938258828310552e+02
8.471059181147002448e+01
9.351579102923415121e+01
1.785109375756351540e+02
7.172379406957716697e+01
8.356394959552666535e+01
1.394169317751774031e+02
1.358515215614326053e+02
4.208877196473182636e+01
3.458540887232624073e+01
6.525027546266049683e+01
6.018490916978532113e+01
6.477943304590174023e+01
7.474991677587449601e+01
1.036131742515537582e+02
1.293172378293392626e+02
9.901492407127814488e+01
2.267562511475561848e+02
1.820329158647641634e+02
1.063032308576192122e+02
1.476248831669265940e+02
1.839512029656420964e+02
9.005570444947355213e+01
1.001773538102266485e+02
1.897520503707403350e+02
5.234598326914770183e+01
1.034616725675302007e+02
9.813879633435509220e+01
1.044888895181214963e+02
1.220398150043799035e+02
1.129075894638802993e+02
2.542948750976141810e+02
2.111050466107363661e+02
2.283001967645786010e+02
1.743655766724852185e+02
1.876157750106001174e+02
9.938228810118158663e+01
2.168133411565912922e+02
1.786099792215923969e+02
1.140297672699843332e+02
1.606580629380598850e+02
2.011037264436233443e+02
1.122290310535035900e+02
9.735604499187834904e+01
9.572511911320439992e+01
1.094572887037587350e+02
1.045276376717237810e+02
2.311221636940947803e+02
1.748134465639459449e+02
1.973021699169982810e+02
1.078290786405176505e+02
2.005633959354528031e+02
1.738623242086460152e+02
1.433565932422316109e+02
1.856849593175864470e+02
1.442155360595304501e+02
1.669400339233189925e+02
7.476954309121919096e+01
1.604637755561747099e+02
1.386845345124251310e+02
4.721367768706402757e+01
4.717793926621330769e+01
5.635452677152130718e+01
5.776274529092652443e+01
1.258110967547239056e+02
1.124974943210402074e+02
9.644593639552287812e+01
9.331806940749753210e+01
1.990080192182176120e+02
1.424394773890830663e+02
1.012285149502473161e+02
1.919404139370907387e+02
1.522168201702644978e+02
1.328896172232100810e+02
1.564024601119774047e+02
1.184735986342519567e+02
1.461021898434408968e+02
5.297183097218111669e+01
7.082946273321240938e+01
8.124193758502204332e+01
1.738423661638011311e+02
1.531758897964194261e+02
1.010727675032826340e+02
1.960471427050556485e+02
1.848223286255625908e+02
1.837631592847935451e+02
1.389784153936982136e+02
8.589706243091504234e+01
1.668459630438930503e+02
1.300458336628742586e+02
1.227420446447311519e+02
5.359740264275411192e+01
7.107040394173141351e+01
1.408795157534975715e+02
1.168371680920990059e+02
8.292594871238374310e+01
1.600302019073369024e+02
1.280329707561960788e+02
7.781855075459716886e+01
1.859941520291035317e+02
1.781062709786475295e+02
1.450793116257890460e+02
9.058395358828653343e+01
1.790356180464057445e+02
9.737385683265051739e+01
1.639674930843636957e+02
1.206732042617313994e+02
9.495668050890914458e+01
1.824835450629191484e+02
1.997734331291483159e+02
1.049614825773808207e+02
7.732373936051132546e+01
1.778129038211118598e+02
1.580740615963806590e+02
1.420155498926522455e+02
1.242985070374955257e+02
7.880232624072745296e+01
7.341548340319276633e+01
1.441367699843724495e+02
1.681257238191992656e+02
7.856863772348802399e+01
6.059059056553373068e+01
1.084774989240971479e+02
1.868348622129217063e+01
2.573170795691464363e+01
5.705523125700169373e+01
7.437532546215783213e+01
3.789562891241445186e+01
5.750145657148283362e+01
6.630119690493930307e+01
5.094326861460601918e+01
1.007455508682938188e+02
1.446682157663310306e+02
8.249698033220117566e+01
1.170828796399952836e+02
8.686524008789277218e+01
1.243094950305647188e+02
8.237942453330367698e+01
9.802045270708850921e+01
2.040201738942662502e+01
1.945856998170733476e+01
2.430043764180791044e+01
5.283889683335160470e+01
3.927678530959705228e+01
1.540065166251069506e+01
6.307634658910880887e+01
7.452166658590655857e+01
8.814579979623263739e+01
5.420542600056655402e+01
8.213123000681950714e+01
9.022322958664102543e+01
1.039459564645574972e+02
8.598505243358437156e+01
1.226465793663351462e+02
5.285384678867890784e+01
1.311832033000011677e+02
1.685391946728285291e+02
8.641766101108979115e+01
8.961146332444343443e+01
1.318268701675789316e+02
1.474246571616093604e+02
8.328336066647396763e+01
6.724863169181598721e+01
1.226906494094752418e+02
9.156443270425037895e+01
1.082676085021855670e+02
8.815593014962351504e+01
1.673787764413309844e+02
1.475282477770873584e+02
1.213517980546778006e+02
1.513917225039313337e+02
1.236363907286331312e+02
8.986995496620613721e+01
1.409875783597719305e+02
1.360505775290179429e+02
1.246616552126536561e+02
1.161151596519706715e+02
9.806211966849285488e+01
5.978201484466669058e+01
1.340265685997938192e+02
1.477927209193089482e+02
1.216976439836772244e+02
1.324876657589699107e+02
7.833031324425155617e+01
1.072307742445009779e+02
1.640870347276664916e+02
1.541244992795026292e+02
1.889533292857731510e+02
1.507525623732686313e+02
1.502875984557775837e+02
1.139635243079113422e+02
1.376331807705651613e+02
1.081565439349139552e+02
7.323819777981947254e+01
1.525878486271217582e+02
1.683430143571414987e+02
1.529066885120926997e+02
1.211352777769160980e+02
1.449015155537504427e+02
1.224021094337116722e+02
8.430293238851130866e+01
1.437169365914476771e+02
3.781280181561639608e+01
1.410916398927582236e+02
1.531792968320990553e+02
1.617922834355915711e+02
1.345641855266054847e+02
1.152243368513361901e+02
1.267397016304967678e+02
1.720383309993080161e+02
7.909258516857643428e+01
7.244013631730508962e+01
1.547915632442872322e+02
1.814595421291847686e+02
1.763458098361325597e+02
1.538124665339144315e+02
1.424040232702903666e+02
1.640498233002080610e+02
1.486486077463992501e+02
1.539874867269512606e+02
1.232903294157922431e+02
1.434777379108552964e+02
5.979129272401628725e+01
3.729565305450837087e+01
1.766162348989698785e+02
1.609132930250244158e+02
1.847488541444953114e+02
1.566179304044317746e+02
1.611637005220480034e+02
1.079428665957646274e+02
1.265648583959731042e+02
1.848217865457044411e+02
1.010101178377500304e+02
7.002145165696903462e+01
7.521566849726835358e+01
2.650779697335249452e+01
6.307634658910880887e+01
5.492750076740054510e+01
6.984974805537643761e+01
5.339513245658500296e+01
8.531135589397540286e+01
9.203724827738798808e+01
4.924378139810989552e+01
7.985694851352096180e+01
8.900120937679706401e+01
5.065559479275011512e+01
4.776204669310591555e+01
7.989393516926723748e+01
9.839639823801492469e+01
6.386770706053084012e+01
8.159063373223240490e+01
8.160869313974762917e+01
1.094057972540602606e+02
8.220582803684440876e+01
1.300088586008665175e+02
4.737047397912730418e+01
1.155131120608253354e+02
8.031696576067221827e+01
1.106640385211047004e+02
8.786881893095063845e+01
1.490119327411037204e+02
1.212679849734259392e+02
5.495659632465780930e+01
4.649909525549938394e+01
4.600581019650920211e+01
7.976714601720425435e+01
1.123262825862675101e+02
9.340368737183136716e+01
1.693980548802083774e+02
1.399135053267499131e+02
6.889908378877503026e+01
7.247860126510040857e+01
4.558378118186654859e+01
7.914039476401768525e+01
1.130003468326576552e+02
9.709267501196583794e+01
1.856159546233691913e+02
1.599100132439935464e+02
8.682313782360517962e+01
1.085189696363740097e+02
7.189825535085802244e+01
4.520681848929006463e+01
7.844172432871390299e+01
1.128828222352108526e+02
9.905120233954559694e+01
1.961961161610898046e+02
1.746164039189609127e+02
1.018153299880387550e+02
1.409024753978543174e+02
1.061785431944940825e+02
1.164755550655520011e+02
4.499130897153460040e+01
7.813067812221420638e+01
1.132360678039273836e+02
1.010554034063609947e+02
2.058680876059914056e+02
1.886051048906744256e+02
1.161421389074076842e+02
1.720776608070060831e+02
1.372106255795865764e+02
1.526211742910670353e+02
1.169497133729287697e+02
4.444928589084518933e+01
7.662781284803492099e+01
1.105014311033036449e+02
9.854725293905472938e+01
2.012330745109479437e+02
1.825369647530896202e+02
1.139325951558998753e+02
1.714496698331275013e+02
1.352013497999672893e+02
1.423615331891777203e+02
1.028692557132685295e+02
2.948047598237885580e+01
4.404445625045325841e+01
7.553003343857875507e+01
1.085629048666710332e+02
9.686863789797736501e+01
1.985153119423322323e+02
1.797132037510400835e+02
1.141712547343316686e+02
1.760563406521205252e+02
1.420814406643914651e+02
1.546170064805728259e+02
1.249810017129460249e+02
5.025128477540461347e+01
7.693856752481966055e+01
4.390029924132839767e+01
7.523807133531200009e+01
1.083398991093678916e+02
9.721757654128415993e+01
2.011938285865082605e+02
1.840282642726505458e+02
1.196556399567744080e+02
1.900882982574956941e+02
1.581786149841525457e+02
1.780318493638998518e+02
1.548884034646018790e+02
7.306759292294424313e+01
1.271758604427983954e+02
9.778594501931168281e+01
4.363842939822637845e+01
7.452256574691179480e+01
1.070332825940200507e+02
9.597874400524655414e+01
1.986815457328568186e+02
1.807856659853716224e+02
1.182943819665783565e+02
1.894259650548854381e+02
1.577949871856678499e+02
1.767406854136905849e+02
1.592595628995840116e+02
8.253735402253930431e+01
1.520114883439917151e+02
1.189682938682443734e+02
2.323996118859662730e+01
4.344868112779524694e+01
7.401402842967539186e+01
1.061248800647167769e+02
9.514303264747361766e+01
1.970242111578668300e+02
1.784792436222469973e+02
1.172537972246056057e+02
1.884802923823208403e+02
1.561587693821220171e+02
1.716630308839949635e+02
1.565742998540535780e+02
8.595608119533612523e+01
1.564277345080612065e+02
1.139062481857258291e+02
2.875677984317021085e+01
4.995475087168221506e+01
4.341466439153627022e+01
7.399705072203448708e+01
1.063067043616613887e+02
9.568593501781326438e+01
1.993933482704445339e+02
1.819617983288873688e+02
1.211278127895453309e+02
1.979700945326759722e+02
1.668188250034209261e+02
1.860933964102400182e+02
1.747931737105485865e+02
1.010702718814684715e+02
1.881328670388251112e+02
1.331291912001262858e+02
3.763497996752449382e+01
4.429308620754142112e+01
1.674133732904354233e+01
4.335349368868912734e+01
7.387683944019167370e+01
1.062134003232765451e+02
9.581193933396065177e+01
2.003710879781896494e+02
1.834525859299206161e+02
1.231335381558442919e+02
2.033410673021699893e+02
1.729035833763251730e+02
1.939140504662118758e+02
1.858023047641983965e+02
1.117377407103933535e+02
2.111852164214087395e+02
1.484866473253808863e+02
4.586329372246337499e+01
4.911590421757589553e+01
1.937124663703639982e+01
1.989004993695806744e+00
8.048374131320225899e+01
1.015434735425654083e+02
9.095589795027076718e+01
1.893790578189716314e+02
1.727938058562210983e+02
1.187214369643984782e+02
1.996822169435854732e+02
1.717350350715887259e+02
1.934034501939261474e+02
1.877764933386648636e+02
1.147953676228034681e+02
2.178598495037797420e+02
1.535508552083653910e+02
4.776328594931936067e+01
5.112756866188612292e+01
2.019798694187499777e+01
2.076673104108649692e+00
8.676320735136158646e+01
7.854939539344267985e+01
1.636114948996371083e+02
1.498544802871303716e+02
1.068744462757358491e+02
1.851040944383013596e+02
1.626468444619081311e+02
1.855951581391821037e+02
1.839023747537504789e+02
1.149125599872104573e+02
2.201112070857919321e+02
1.561481767977635684e+02
4.901751797201098526e+01
5.256639478612124350e+01
2.082173645971444031e+01
2.144597347368177864e+00
6.256565182406182402e+01
1.334666146425529405e+02
1.234682336561048999e+02
9.282835192622698628e+01
1.670600753610882805e+02
1.508579807233638803e+02
1.750170964360318635e+02
1.778977432664066498e+02
1.142540224886490421e+02
2.215195062349510806e+02
1.585238127917663746e+02
5.034030672873974765e+01
5.413426188378920756e+01
2.151591796221728714e+01
2.220939870772324021e+00
1.076250013071062597e+02
9.768159957525534764e+01
7.854910839681046753e+01
1.478275910573221097e+02
1.376523226865007246e+02
1.623963624753554029e+02
1.701533882076384714e+02
1.130828443161195196e+02
2.224843659977747734e+02
1.609609304415815814e+02
5.186894287258325420e+01
5.598160364934911115e+01
2.234603001844538994e+01
2.312878280143102927e+00
6.100325260654041415e+01
5.736210334790867904e+01
1.175125735926738457e+02
1.158172982247886580e+02
1.415145624141499070e+02
1.551138462392862891e+02
1.079428665957646274e+02
2.175974629881362716e+02
1.603520229907631744e+02
5.268474059622075600e+01
5.727937446402586374e+01
2.300464308817464243e+01
2.389446265618046183e+00
5.406800329055585053e+01
1.107857625446973628e+02
1.094351465727540784e+02
1.314244181813932926e+02
1.484553938304813698e+02
1.086510226454243337e+02
2.217292681559998755e+02
1.653161715902121216e+02
5.565209400090012792e+01
6.075385341074072443e+01
2.456083270552998954e+01
2.561668571837718122e+00
1.117345647171443375e+02
1.036998823805490275e+02
1.188078731036584657e+02
1.382876393911695061e+02
1.078851877679418010e+02
2.229019817913868735e+02
1.687319271745788853e+02
5.869044707492336954e+01
6.452408766984329702e+01
2.632306443464344170e+01
2.760313067781222873e+00
6.676801152736634037e+01
8.520493390917758347e+01
1.101719043333960570e+02
9.558979743128779205e+01
2.067509377099319465e+02
1.628816657641533538e+02
5.936737847507661314e+01
6.650635242045403572e+01
2.752837381510929049e+01
2.908984197446446540e+00
6.417792691297736951e+01
9.199235127989329897e+01
9.085820377928290270e+01
1.993262256043178411e+02
1.614984868635195028e+02
6.272952338426476615e+01
7.153500478363358184e+01
3.015430023274032578e+01
3.218545781135272232e+00
8.191233520073845398e+01
1.811209067885492914e+02
1.525696052319718206e+02
6.503546937631456615e+01
7.644800626280631661e+01
3.312347515964327016e+01
3.587109858190608680e+00
6.709835615868557568e+01
1.736074738874514480e+02
1.434436810333130552e+02
7.002145165696903462e+01
8.509390829007881507e+01
3.833066174690704031e+01
4.238950383144194589e+00
9.185832146790546915e+01
1.164686647587670336e+02
7.087164732957874946e+01
9.247223933415305908e+01
4.450746130459933880e+01
5.089573457515959909e+00
1.422175813935979249e+02
5.349548979218054257e+01
8.538521118689436662e+01
4.680829503173968931e+01
5.679531822092003246e+00
5.539051294702039030e+01
5.195303009976154129e+01
9.051774588185980974e+01
5.988455735163454108e+01
8.023645688427903266e+00
8.843174100334975662e+01
7.602344087318518007e+01
1.231016520944689141e+01
4.824304787093527835e+01
1.321271556259319979e+01
2.650779697335249452e+01
