6.435405361585164030e+01
7.829484073400709576e+01
5.074798886313848101e+01
9.194278591092377440e+01
1.040862643915455834e+02
5.574838736277136064e+01
9.585531207890471705e+01
9.542881201740219410e+01
4.739257231708383955e+01
3.233013913441465803e+01
5.862762674711940036e+01
6.307242546513538173e+01
3.407645146328051311e+01
5.443709034392202994e+01
6.536857704912669931e+01
6.360035746884718577e+01
3.404846273642853305e+01
5.958661376116516095e+01
6.046894964562867614e+01
8.574144459087669645e+01
4.123156732699757754e+01
6.993774599400299508e+01
6.518671757619100049e+01
3.403201743774373256e+01
5.443184062221159536e+01
6.732188574250314161e+01
6.285614037223098194e+01
6.898125680301706097e+01
7.542057955666744817e+01
7.120804549527002791e+01
7.907676711999336305e+01
9.349563349286088965e+01
6.169464649041084670e+01
7.459974962785359764e+01
7.346015146157382958e+01
1.034878091366706911e+02
8.032487928243628517e+01
7.248648612126521584e+01
3.920877184428542961e+01
6.584147673331440842e+01
8.355451689491270884e+01
7.692380520979800451e+01
7.775914325168119490e+01
1.209407025066431061e+02
5.554723215949616844e+01
5.681541129099613130e+01
8.919207158636169197e+01
5.776233589808379065e+01
5.697399755058103921e+01
6.634970016982387619e+01
8.265413383133392244e+01
3.723501839296294946e+01
3.371054376462051749e+01
4.303266334459760145e+01
4.008419930581835189e+01
4.497488075217825099e+01
4.168524938378197220e+01
6.766285913134113628e+01
5.391656673188543181e+01
8.913075418444056197e+01
8.874309150702696058e+01
6.899551057738834459e+01
6.404754445433310650e+01
1.039841031005551599e+02
5.790474837791590801e+01
5.951733857909296432e+01
9.274385417552295507e+01
3.100265406090931108e+01
5.632422528984716337e+01
7.210633137104537127e+01
6.807873841658641823e+01
7.711711701664229679e+01
6.189760788666415436e+01
1.030605909456475331e+02
1.058505875085832173e+02
1.274404576478878681e+02
6.653134474446378022e+01
1.100384656645589416e+02
1.027679665678361545e+02
8.030724717705004423e+01
1.220247230348407470e+02
8.109626952577207248e+01
5.429474917398207623e+01
9.091222408579403691e+01
9.707766264650229004e+01
4.586187236805071166e+01
4.210619290139113247e+01
4.695181823113023967e+01
3.877759423255515969e+01
5.495455674523577727e+01
7.637051899538025168e+01
7.196133901207760175e+01
6.625163624657973571e+01
6.343942717010509824e+01
8.179883166385971549e+01
1.204930843355186880e+02
6.440437814851325982e+01
1.015979917097441501e+02
9.754560376117687781e+01
6.184445443996499847e+01
9.225049996501640237e+01
6.221726932470626537e+01
4.414660948127932727e+01
5.172130165392766088e+01
4.531610742060519925e+01
6.577751802379493995e+01
9.222867648379059347e+01
1.098539468466120894e+02
5.988318133432606061e+01
6.917711572122111363e+01
6.596647150095864731e+01
8.615287907479911667e+01
1.133036817599111572e+02
6.162227551107854850e+01
1.005222351563997307e+02
9.759546342782836348e+01
5.720937694199295009e+01
5.253802636618948441e+01
7.632087146470556149e+01
1.052577778227966832e+02
1.253032539885494856e+02
6.732598320192761321e+01
8.872858568337068164e+01
1.017638313780587254e+02
6.726952609360527902e+01
6.074077305537068838e+01
8.023739858428083949e+01
1.129238731612896203e+02
6.356512334506965800e+01
4.696432287189471566e+01
6.742040895703945580e+01
8.983447132189152740e+01
1.058556769816461696e+02
5.770268135383833652e+01
6.299761416009061321e+01
1.017495148819417210e+02
9.945300703094190453e+01
6.709210000935172502e+01
5.957917624995179295e+01
7.936935107945733137e+01
7.241757071937797718e+01
9.304306999760373742e+01
1.087666261194606534e+02
6.065022118009220975e+01
6.725971594669167075e+01
1.036151083637111441e+02
8.672044469589211246e+01
5.376968523057566074e+01
5.826231505318187232e+01
6.860329565930676665e+01
4.020184781609668079e+01
4.606461608464100976e+01
7.204003672386859591e+01
8.061596110404208559e+01
8.714529762403975610e+01
7.600225968467265147e+01
4.917464489280121853e+01
5.974559553048666771e+01
9.576857065513080158e+01
1.070664090422392576e+02
5.434820672716372769e+01
7.279865832503908507e+01
1.210734778871533450e+02
1.354325345044804578e+02
7.081044070143251190e+01
1.204967470688297482e+02
1.322511480271127482e+02
5.787943522870504154e+01
5.901903795549239362e+01
4.834962280880713337e+01
4.233669959746641354e+01
3.980548393061392431e+01
4.462708602614260656e+01
4.087566622560983376e+01
4.801580877265349301e+01
7.423244090126920014e+01
3.979722285417525285e+01
4.069668529764601317e+01
6.609610356211726412e+01
3.596436613213769817e+01
3.906989209356150639e+01
6.289291283060047988e+01
3.401107225104883724e+01
4.647985898034298202e+01
3.916045328955937777e+01
6.882234676643234650e+01
4.307889813578120908e+01
7.230191266996041577e+01
8.676828348478387909e+01
3.898480566367346967e+01
6.924753401822644605e+01
4.620710486411471862e+01
8.374210480461584893e+01
1.044792113839667707e+02
4.763664585885830149e+01
3.876014067702868005e+01
6.797846987825720078e+01
4.684150159466849317e+01
8.840510010568631571e+01
1.123336441972842152e+02
5.084021508368444131e+01
5.144709735403819906e+01
3.863625183535196328e+01
6.745313535447434106e+01
4.771202783439177608e+01
9.348328112883325502e+01
1.228935419297689435e+02
5.804895722913357048e+01
6.492638465995611341e+01
6.488023343249038533e+01
3.852160260621302967e+01
3.426661098717794829e+01
6.671601253452452340e+01
4.795175682142731688e+01
9.620617547446876472e+01
1.294539227812384183e+02
6.350898520484086163e+01
7.626835186196895222e+01
7.922909523798418263e+01
5.951344288064545651e+01
3.848235430365195242e+01
3.407841855974646705e+01
6.671741386710141342e+01
4.872172625603857909e+01
1.001900319955881287e+02
1.390304427501334601e+02
7.155242233248672790e+01
9.244457222662173024e+01
1.028337725117463606e+02
8.334945000975022822e+01
8.144571953231061912e+01
3.840408140856809638e+01
3.376020131298418647e+01
6.611943727447483354e+01
4.864357408902292690e+01
1.012011571753550925e+02
1.423704760860774172e+02
7.533794314378879164e+01
1.018469239657558347e+02
1.173202513167359058e+02
9.774630453450090783e+01
9.869440512968093060e+01
3.828970695424690263e+01
3.332442566984624932e+01
6.501780052410639144e+01
4.787544018855125216e+01
9.975429597341090471e+01
1.403210674960302242e+02
7.516606329607213866e+01
1.042712237922363983e+02
1.218390918415237110e+02
1.022173655358009938e+02
1.038847742411154229e+02
6.651629185364724606e+01
7.547056896955719196e+01
6.387570019551399270e+01
4.695450963741627248e+01
9.757142701929720374e+01
1.364079515957949695e+02
7.334946302813034436e+01
1.032257712606743780e+02
1.208955793087536108e+02
1.007885545444846116e+02
1.010530484792931958e+02
6.457338253650391380e+01
7.443834354568865308e+01
7.402700419854284064e+01
6.374114978080273630e+01
4.705658781383024802e+01
9.842835801397697537e+01
1.387942627110418243e+02
7.591166712850142062e+01
1.096554725073078913e+02
1.174943629514049093e+02
7.899814110941746037e+01
9.818982478916142043e+01
1.123261926559661532e+02
9.443947553554667707e+01
6.361089601696467355e+01
4.711257889387377418e+01
9.903254545704635348e+01
1.405493070086968999e+02
7.790684177732879334e+01
1.149075518087334444e+02
1.412395143363794148e+02
1.327031056208682003e+02
9.279631081238379409e+01
1.213237243685753270e+02
1.498012358655211642e+02
1.404162134796874568e+02
6.323878598062442080e+01
4.686762595855888236e+01
9.860852696628820979e+01
1.400205266419173427e+02
7.810829380484769047e+01
1.166466460075844225e+02
1.449632878209366993e+02
1.290868808004502455e+02
1.394962211898179589e+02
9.932237305445865161e+01
1.322816468876464739e+02
1.673156187895196751e+02
1.594135667529462523e+02
6.596557895045415876e+01
3.804953277967704395e+01
3.240899562219348695e+01
6.283502647141008879e+01
4.656093189561890000e+01
9.793308135614981325e+01
1.389022898453027040e+02
7.778310322025498635e+01
1.172084139636090612e+02
1.467763073403630187e+02
1.438034582633075615e+02
1.039033422067585235e+02
1.404635487234724565e+02
1.812638721424552557e+02
1.761777268667694329e+02
7.264713816775528699e+01
5.772624654987311743e+01
6.182484570421493686e+01
5.357107954807183603e+01
7.040840395863867229e+01
4.815908261301624549e+01
9.611308102344851534e+01
1.303792828645512714e+02
7.345135893704676278e+01
1.125478100370050356e+02
1.421024451787593534e+02
1.286466507118477409e+02
1.412745885179279810e+02
1.028087011983304961e+02
1.395922283955435717e+02
1.807862163266426307e+02
1.761973693120220901e+02
7.273378453061003768e+01
5.780313406589890945e+01
5.517961703251624783e+01
4.043004177273920874e+01
8.191371737229935945e+01
1.101784303671666265e+02
6.403209496642567444e+01
1.015456323909525196e+02
1.312126344110105265e+02
1.211937486197897726e+02
1.353121918149569467e+02
9.993168034006903611e+01
1.370959439701934173e+02
1.789546173480746916e+02
1.754050797246126763e+02
7.263323863868187402e+01
5.780727554109032695e+01
4.095979244422945698e+01
9.327498369893245922e+01
5.517392023190390660e+01
9.059590107457218267e+01
1.196726303378075897e+02
1.128975888909373992e+02
1.283978212985915945e+02
9.649512626753956113e+01
1.340360316435674690e+02
1.766593268285487000e+02
1.743883151180486379e+02
7.249801588827070020e+01
5.780664849827835639e+01
6.191783927601191095e+01
8.319958666203994824e+01
4.923700106014668165e+01
8.343472937086256991e+01
1.115783992081553038e+02
1.067758911907587986e+02
1.230447930709484581e+02
9.388607754509439474e+01
7.888601471744813409e+01
1.750688578686117296e+02
1.739524042786756013e+02
7.254315223312670469e+01
5.789866788419563193e+01
5.291173034869056124e+01
3.492259599146112237e+01
6.518431971816688986e+01
9.225975341984961631e+01
9.251069615707665150e+01
1.107389811560588839e+02
8.741089406986222343e+01
1.257340739083763168e+02
1.716117418807459103e+02
7.215117388707274415e+01
5.782324909142327840e+01
3.234158485134128824e+01
8.498303475722049427e+01
8.585210840242285713e+01
1.039701131713532618e+02
8.377182759120351818e+01
1.221571801927962611e+02
1.676312477436298423e+02
1.707491475442051581e+02
7.218891006493103646e+01
5.795741105038329977e+01
6.209044526073365944e+01
7.125011311624673738e+01
8.945427113392790375e+01
8.696138861716480051e+01
1.030342565354065272e+02
8.334436376987302708e+01
1.213400940552344736e+02
1.671836736758859558e+02
1.715660582224037682e+02
7.273195485883458389e+01
5.834161319793649625e+01
6.230423399749349755e+01
6.091934680125645230e+01
6.591136287059283916e+01
8.378491544830229998e+01
7.240597280480146480e+01
1.102936278151987750e+02
1.577330648857611095e+02
1.667780670804608008e+02
7.198503359158483761e+01
5.823867804966124595e+01
6.234096748342656724e+01
5.171650570858297158e+01
6.896912454921925928e+01
6.347148971935801853e+01
1.002477612912474996e+02
1.483872807498352415e+02
1.621899783167215219e+02
7.144265325618542306e+01
5.830202362689212237e+01
6.247178976489957591e+01
5.852731401889681706e+01
9.279447128602316752e+01
1.397649724162342011e+02
1.579786417568968773e+02
7.121425596959117854e+01
5.861446419036051481e+01
6.273887463822084243e+01
6.134708263074230672e+01
5.107953040608124695e+01
8.167715025582651833e+01
1.254776304434089411e+02
1.492928827059174068e+02
7.011262055008090499e+01
5.875137790172599495e+01
6.300037028891633639e+01
1.119472355255092140e+02
1.391470279530261394e+02
6.893094764559235443e+01
5.915609478042596692e+01
6.346545738653477997e+01
7.578833829026658009e+01
7.840770452412435532e+01
1.119748878290247092e+02
6.317512045563721301e+01
5.814967950239707051e+01
6.361968400458025030e+01
9.018743519787841478e+01
5.849968420994876794e+01
5.836293859853250154e+01
6.460120304901759880e+01
5.612803610357191531e+01
6.198000211330798237e+01
6.785827476911954648e+01
6.639113074751466570e+01
7.449457045664215116e+01
6.893698185853439497e+01
4.233669959746641354e+01
5.121115271604186603e+01
6.563291790786352919e+01
3.790941247282672322e+01
5.214128314592034741e+01
6.088504682791669609e+01
5.615135843263427518e+01
6.813268903531555054e+01
8.639776700944634058e+01
3.915616831489385419e+01
8.256632530964134276e+01
8.899545195048082746e+01
6.840162242271964033e+01
6.008474201933506720e+01
8.208201096570499544e+01
1.111400295872367678e+02
5.032498527150782763e+01
6.120732458961878564e+01
7.725392199359541223e+01
5.533743508099099984e+01
6.898189243803476245e+01
5.407180078643053633e+01
9.808568078832621495e+01
1.015644157642958021e+02
7.759787924764034983e+01
8.193186121147103051e+01
8.533381088828137706e+01
6.977939301476015999e+01
9.997073814157880634e+01
8.117068334288207154e+01
8.506290228765713834e+01
9.654724210618250879e+01
8.068521823808480065e+01
5.486006772128457243e+01
8.825580973304644772e+01
1.006894952787216226e+02
9.057494576119255214e+01
8.622168797452128786e+01
6.844559610463507227e+01
7.373216798878989664e+01
1.051634403136469587e+02
9.725633001127440025e+01
1.014584364876231888e+02
9.412956558783129424e+01
9.913970472926126831e+01
8.002911174665085525e+01
9.312899687140608762e+01
6.543153769126200814e+01
7.228426029010663001e+01
1.007978257674616316e+02
1.098000138470359133e+02
1.229456285465755485e+02
8.972130353201926312e+01
9.683631605977052459e+01
8.286231493158967965e+01
6.847186655192354010e+01
9.431041864881764525e+01
8.767455551157669902e+01
1.056522180887481852e+02
1.179410609601684854e+02
1.107934182855852470e+02
9.713472472879625741e+01
9.313897949399907361e+01
1.013653586544346012e+02
1.001513622159706358e+02
1.233656169934345712e+02
5.695290610135968024e+01
1.129970654006436632e+02
1.291522798501766260e+02
1.336742410246387749e+02
1.123463928058005905e+02
1.067386373803574600e+02
1.222818426723511038e+02
1.176152510192764424e+02
1.010141628111649510e+02
1.273105610659321769e+02
1.390428816532632368e+02
8.823387448474262840e+01
6.036114012376238236e+01
1.207898188435363096e+02
1.216772189066344794e+02
1.282531424527567481e+02
1.185890721057228347e+02
1.083286992581906674e+02
8.741089406986222343e+01
1.261830751873471996e+02
1.340124754693173088e+02
1.132469229088530369e+02
1.492928827059174068e+02
5.843153372802334644e+01
6.893698185853439497e+01
