21
# x y z
32	0	0
32.25	0	0
32.5	0	0
32.75	0	0
33	0	0
33.25	0	0
33.5	0	0
33.75	0	0
34	0	0
34.25	0	0
34.5	0	0
34.75	0	0
35	0	0
35.25	0	0
35.5	0	0
35.75	0	0
36	0	0
36.25	0	0
36.5	0	0
36.75	0	0
37	0	0
593
# a b m n rhoa k err ip iperr
1	2	3	4	7.49489686551115e+01	-4.71394949841576e+00	3.00000000000000e-02	0.00000000000000e+00	0.00000000000000e+00
1	2	4	5	7.96908998869685e+01	-1.88142371542090e+01	3.00000000000000e-02	0.00000000000000e+00	0.00000000000000e+00
1	2	5	6	7.42550600642591e+01	-4.70889651687535e+01	3.00000000000000e-02	0.00000000000000e+00	0.00000000000000e+00
1	2	6	7	9.48804634804977e+01	-9.44046639740684e+01	3.00000000000000e-02	0.00000000000000e+00	0.00000000000000e+00
1	2	7	8	1.00111496546572e+02	-1.65368040467689e+02	3.00000000000000e-02	0.00000000000000e+00	0.00000000000000e+00
1	2	8	9	4.22562772182607e+01	-2.64438892201687e+02	3.00000000000000e-02	0.00000000000000e+00	0.00000000000000e+00
1	2	9	11	6.80546140878429e+01	-2.33090887595963e+02	3.00000000000000e-02	0.00000000000000e+00	0.00000000000000e+00
1	2	11	14	5.51003902676946e+01	-3.34196964152593e+02	3.00000000000000e-02	0.00000000000000e+00	0.00000000000000e+00
2	3	4	5	6.14931587176110e+01	-4.72040275407505e+00	3.00000000000000e-02	0.00000000000000e+00	0.00000000000000e+00
2	3	5	6	5.52290316959863e+01	-1.88271376303865e+01	3.00000000000000e-02	0.00000000000000e+00	0.00000000000000e+00
2	3	6	7	7.48525172650348e+01	-4.71049030653561e+01	3.00000000000000e-02	0.00000000000000e+00	0.00000000000000e+00
2	3	7	8	7.91651460091769e+01	-9.44567491250276e+01	3.00000000000000e-02	0.00000000000000e+00	0.00000000000000e+00
2	3	8	9	3.49236323661403e+01	-1.65409798356211e+02	3.00000000000000e-02	0.00000000000000e+00	0.00000000000000e+00
2	3	9	10	4.96974634511360e+01	-2.64531130308916e+02	3.00000000000000e-02	0.00000000000000e+00	0.00000000000000e+00
2	3	10	12	5.24790675998078e+01	-2.33141862768199e+02	3.00000000000000e-02	0.00000000000000e+00	0.00000000000000e+00
2	3	12	15	5.40215066348108e+01	-3.34245997666226e+02	3.00000000000000e-02	0.00000000000000e+00	0.00000000000000e+00
2	4	8	9	2.99071286441173e+01	-6.01196651873866e+01	3.00000000000000e-02	0.00000000000000e+00	0.00000000000000e+00
2	4	9	11	4.83044406898670e+01	-6.20050044732780e+01	3.00000000000000e-02	0.00000000000000e+00	0.00000000000000e+00
2	4	11	14	4.11415721256926e+01	-1.04259610512973e+02	3.00000000000000e-02	0.00000000000000e+00	0.00000000000000e+00
2	4	14	18	5.61596529691033e+01	-2.03014336779959e+02	3.00000000000000e-02	0.00000000000000e+00	0.00000000000000e+00
3	4	5	6	4.94698231643950e+01	-4.71887204193248e+00	3.00000000000000e-02	0.00000000000000e+00	0.00000000000000e+00
3	4	6	7	6.58238293694256e+01	-1.88200361881281e+01	3.00000000000000e-02	0.00000000000000e+00	0.00000000000000e+00
3	4	7	8	6.80396709798561e+01	-4.71179068162407e+01	3.00000000000000e-02	0.00000000000000e+00	0.00000000000000e+00
3	4	8	9	2.98380186212806e+01	-9.44474225323990e+01	3.00000000000000e-02	0.00000000000000e+00	0.00000000000000e+00
3	4	9	10	4.41264512062790e+01	-1.65429939514726e+02	3.00000000000000e-02	0.00000000000000e+00	0.00000000000000e+00
3	4	10	11	5.87317099420192e+01	-2.64534611641432e+02	3.00000000000000e-02	0.00000000000000e+00	0.00000000000000e+00
3	4	11	13	3.51775832556506e+01	-2.33144776122231e+02	3.00000000000000e-02	0.00000000000000e+00	0.00000000000000e+00
3	4	13	16	6.41371926145324e+01	-3.34249820800757e+02	3.00000000000000e-02	0.00000000000000e+00	0.00000000000000e+00
2	5	10	11	5.52217936785453e+01	-8.09872344073770e+01	3.00000000000000e-02	0.00000000000000e+00	0.00000000000000e+00
2	5	11	13	3.30539877323395e+01	-7.32912509724931e+01	3.00000000000000e-02	0.00000000000000e+00	0.00000000000000e+00
2	5	13	16	6.04907299643425e+01	-1.07553033485843e+02	3.00000000000000e-02	0.00000000000000e+00	0.00000000000000e+00
2	5	16	20	4.97824921305149e+01	-1.87691309364170e+02	3.00000000000000e-02	0.00000000000000e+00	0.00000000000000e+00
3	5	9	10	3.95539569438355e+01	-6.01267429216934e+01	3.00000000000000e-02	0.00000000000000e+00	0.00000000000000e+00
3	5	10	12	4.83132650311903e+01	-6.20047113609317e+01	3.00000000000000e-02	0.00000000000000e+00	0.00000000000000e+00
3	5	12	15	4.56489277580224e+01	-1.04258905628109e+02	3.00000000000000e-02	0.00000000000000e+00	0.00000000000000e+00
3	5	15	19	4.46678675773673e+01	-2.03015460169289e+02	3.00000000000000e-02	0.00000000000000e+00	0.00000000000000e+00
4	5	6	7	6.63465738033090e+01	-4.70446318156613e+00	3.00000000000000e-02	0.00000000000000e+00	0.00000000000000e+00
4	5	7	8	6.00878639655133e+01	-1.88268780440886e+01	3.00000000000000e-02	0.00000000000000e+00	0.00000000000000e+00
4	5	8	9	2.56064632315962e+01	-4.71044742215857e+01	3.00000000000000e-02	0.00000000000000e+00	0.00000000000000e+00
4	5	9	10	3.91156641921168e+01	-9.44583238360243e+01	3.00000000000000e-02	0.00000000000000e+00	0.00000000000000e+00
4	5	10	11	5.56307233488672e+01	-1.65425343525560e+02	3.00000000000000e-02	0.00000000000000e+00	0.00000000000000e+00
4	5	11	12	3.79537191805362e+01	-2.64533777412885e+02	3.00000000000000e-02	0.00000000000000e+00	0.00000000000000e+00
4	5	12	14	3.87140026585519e+01	-2.33142446439100e+02	3.00000000000000e-02	0.00000000000000e+00	0.00000000000000e+00
4	5	14	17	5.02220596242138e+01	-3.34245513455218e+02	3.00000000000000e-02	0.00000000000000e+00	0.00000000000000e+00
3	6	11	12	3.37929603150053e+01	-8.09901073582264e+01	3.00000000000000e-02	0.00000000000000e+00	0.00000000000000e+00
3	6	12	14	3.55692716828367e+01	-7.32921602010201e+01	3.00000000000000e-02	0.00000000000000e+00	0.00000000000000e+00
3	6	14	17	4.68141318506878e+01	-1.07552925913551e+02	3.00000000000000e-02	0.00000000000000e+00	0.00000000000000e+00
4	6	10	11	4.78219503552814e+01	-6.01286645056454e+01	3.00000000000000e-02	0.00000000000000e+00	0.00000000000000e+00
4	6	11	13	2.88495632323303e+01	-6.20062012133417e+01	3.00000000000000e-02	0.00000000000000e+00	0.00000000000000e+00
4	6	13	16	5.14676927800065e+01	-1.04260536985094e+02	3.00000000000000e-02	0.00000000000000e+00	0.00000000000000e+00
4	6	16	20	4.10091596798436e+01	-2.03015641979424e+02	3.00000000000000e-02	0.00000000000000e+00	0.00000000000000e+00
5	6	7	8	4.68404878871088e+01	-4.72612071531864e+00	3.00000000000000e-02	0.00000000000000e+00	0.00000000000000e+00
5	6	8	9	2.24031535605678e+01	-1.88245975637071e+01	3.00000000000000e-02	0.00000000000000e+00	0.00000000000000e+00
5	6	9	10	3.50708942457054e+01	-4.71235409417553e+01	3.00000000000000e-02	0.00000000000000e+00	0.00000000000000e+00
5	6	10	11	4.52512661165686e+01	-9.44645650191712e+01	3.00000000000000e-02	0.00000000000000e+00	0.00000000000000e+00
5	6	11	12	3.18896439552119e+01	-1.65436182397953e+02	3.00000000000000e-02	0.00000000000000e+00	0.00000000000000e+00
5	6	12	13	2.14650523259634e+01	-2.64538194045513e+02	3.00000000000000e-02	0.00000000000000e+00	0.00000000000000e+00
5	6	13	15	5.22328640155546e+01	-2.33148080932517e+02	3.00000000000000e-02	0.00000000000000e+00	0.00000000000000e+00
5	6	15	18	3.89317591913450e+01	-3.34252787672313e+02	3.00000000000000e-02	0.00000000000000e+00	0.00000000000000e+00
2	7	13	14	6.01593274668791e+01	-9.69066014605081e+01	3.00000000000000e-02	0.00000000000000e+00	0.00000000000000e+00
2	7	14	16	5.61935343175030e+01	-7.92224790994991e+01	3.00000000000000e-02	0.00000000000000e+00	0.00000000000000e+00
2	7	16	19	4.64233829332531e+01	-1.03542498919938e+02	3.00000000000000e-02	0.00000000000000e+00	0.00000000000000e+00
4	7	12	13	2.41080494807413e+01	-8.09864602282359e+01	3.00000000000000e-02	0.00000000000000e+00	0.00000000000000e+00
4	7	13	15	5.92084657847213e+01	-7.32912288200330e+01	3.00000000000000e-02	0.00000000000000e+00	0.00000000000000e+00
4	7	15	18	4.29449854456902e+01	-1.07553101486611e+02	3.00000000000000e-02	0.00000000000000e+00	0.00000000000000e+00
5	7	11	12	3.73144564131827e+01	-6.01271953444174e+01	3.00000000000000e-02	0.00000000000000e+00	0.00000000000000e+00
5	7	12	14	3.77384711799104e+01	-6.20044840553140e+01	3.00000000000000e-02	0.00000000000000e+00	0.00000000000000e+00
5	7	14	17	4.84857111380780e+01	-1.04258239125086e+02	3.00000000000000e-02	0.00000000000000e+00	0.00000000000000e+00
6	7	8	9	2.30903012934116e+01	-4.70443366069263e+00	3.00000000000000e-02	0.00000000000000e+00	0.00000000000000e+00
6	7	9	10	4.26942210764640e+01	-1.88286803923529e+01	3.00000000000000e-02	0.00000000000000e+00	0.00000000000000e+00
6	7	10	11	5.86431639589518e+01	-4.71142957812740e+01	3.00000000000000e-02	0.00000000000000e+00	0.00000000000000e+00
6	7	11	12	4.04580902313526e+01	-9.44574051502321e+01	3.00000000000000e-02	0.00000000000000e+00	0.00000000000000e+00
6	7	12	13	2.65336734403123e+01	-1.65420872939148e+02	3.00000000000000e-02	0.00000000000000e+00	0.00000000000000e+00
6	7	13	14	6.29430389237223e+01	-2.64533239151560e+02	3.00000000000000e-02	0.00000000000000e+00	0.00000000000000e+00
6	7	14	16	5.71827784291060e+01	-2.33138361298409e+02	3.00000000000000e-02	0.00000000000000e+00	0.00000000000000e+00
6	7	16	19	4.50922756641020e+01	-3.34244638302413e+02	3.00000000000000e-02	0.00000000000000e+00	0.00000000000000e+00
3	8	14	15	6.32430887275833e+01	-9.69043732437833e+01	3.00000000000000e-02	0.00000000000000e+00	0.00000000000000e+00
3	8	15	17	3.94462272976156e+01	-7.92237683946577e+01	3.00000000000000e-02	0.00000000000000e+00	0.00000000000000e+00
3	8	17	20	5.13773723190309e+01	-1.03543539320606e+02	3.00000000000000e-02	0.00000000000000e+00	0.00000000000000e+00
5	8	13	14	6.62393924247764e+01	-8.09913119695306e+01	3.00000000000000e-02	0.00000000000000e+00	0.00000000000000e+00
5	8	14	16	5.70576820593144e+01	-7.32916319538221e+01	3.00000000000000e-02	0.00000000000000e+00	0.00000000000000e+00
5	8	16	19	4.34862092447361e+01	-1.07553408532645e+02	3.00000000000000e-02	0.00000000000000e+00	0.00000000000000e+00
6	8	12	13	3.11529647120520e+01	-6.01279739516281e+01	3.00000000000000e-02	0.00000000000000e+00	0.00000000000000e+00
6	8	13	15	6.93576677450341e+01	-6.20062113297758e+01	3.00000000000000e-02	0.00000000000000e+00	0.00000000000000e+00
6	8	15	18	4.63622502046593e+01	-1.04260508649333e+02	3.00000000000000e-02	0.00000000000000e+00	0.00000000000000e+00
7	8	9	10	8.66783213346877e+01	-4.73313209312939e+00	3.00000000000000e-02	0.00000000000000e+00	0.00000000000000e+00
7	8	10	11	9.62020476868528e+01	-1.88370701904526e+01	3.00000000000000e-02	0.00000000000000e+00	0.00000000000000e+00
7	8	11	12	5.53895997276853e+01	-4.71260473286130e+01	3.00000000000000e-02	0.00000000000000e+00	0.00000000000000e+00
7	8	12	13	3.41663270139850e+01	-9.44643184372727e+01	3.00000000000000e-02	0.00000000000000e+00	0.00000000000000e+00
7	8	13	14	7.51088223016704e+01	-1.65439756608928e+02	3.00000000000000e-02	0.00000000000000e+00	0.00000000000000e+00
7	8	14	15	7.10552277068906e+01	-2.64534270422705e+02	3.00000000000000e-02	0.00000000000000e+00	0.00000000000000e+00
7	8	15	17	4.36975579346529e+01	-2.33149389000565e+02	3.00000000000000e-02	0.00000000000000e+00	0.00000000000000e+00
7	8	17	20	5.38316397650936e+01	-3.34254205309491e+02	3.00000000000000e-02	0.00000000000000e+00	0.00000000000000e+00
2	9	16	17	2.78307322296093e+01	-1.20040769783170e+02	3.00000000000000e-02	0.00000000000000e+00	0.00000000000000e+00
2	9	17	19	4.21470476247447e+01	-9.15837993419078e+01	3.00000000000000e-02	0.00000000000000e+00	0.00000000000000e+00
4	9	15	16	3.53891672576961e+01	-9.69061783118268e+01	3.00000000000000e-02	0.00000000000000e+00	0.00000000000000e+00
4	9	16	18	3.43684363786087e+01	-7.92220724962398e+01	3.00000000000000e-02	0.00000000000000e+00	0.00000000000000e+00
6	9	14	15	4.85688728074080e+01	-8.09830790414663e+01	3.00000000000000e-02	0.00000000000000e+00	0.00000000000000e+00
6	9	15	17	3.01262666454367e+01	-7.32906460628745e+01	3.00000000000000e-02	0.00000000000000e+00	0.00000000000000e+00
6	9	17	20	3.89087335204554e+01	-1.07552806582345e+02	3.00000000000000e-02	0.00000000000000e+00	0.00000000000000e+00
7	9	13	14	4.72306406702313e+01	-6.01260563548183e+01	3.00000000000000e-02	0.00000000000000e+00	0.00000000000000e+00
7	9	14	16	3.85270829284219e+01	-6.20025506629961e+01	3.00000000000000e-02	0.00000000000000e+00	0.00000000000000e+00
7	9	16	19	2.82819497277023e+01	-1.04257949591374e+02	3.00000000000000e-02	0.00000000000000e+00	0.00000000000000e+00
8	9	10	11	4.29467255577239e+01	-4.71956560836200e+00	3.00000000000000e-02	0.00000000000000e+00	0.00000000000000e+00
8	9	11	12	2.38764008961274e+01	-1.88268511493581e+01	3.00000000000000e-02	0.00000000000000e+00	0.00000000000000e+00
8	9	12	13	1.47457945571717e+01	-4.71081546136722e+01	3.00000000000000e-02	0.00000000000000e+00	0.00000000000000e+00
8	9	13	14	3.17212396575986e+01	-9.44534291853222e+01	3.00000000000000e-02	0.00000000000000e+00	0.00000000000000e+00
8	9	14	15	2.77892204572401e+01	-1.65410057363841e+02	3.00000000000000e-02	0.00000000000000e+00	0.00000000000000e+00
8	9	15	16	1.78639687010682e+01	-2.64528333502166e+02	3.00000000000000e-02	0.00000000000000e+00	0.00000000000000e+00
8	9	16	18	1.67140928387285e+01	-2.33134561982128e+02	3.00000000000000e-02	0.00000000000000e+00	0.00000000000000e+00
8	9	18	21	2.17828767827225e+01	-3.34242380920357e+02	3.00000000000000e-02	0.00000000000000e+00	0.00000000000000e+00
3	10	17	18	4.30240657107670e+01	-1.20044156312652e+02	3.00000000000000e-02	0.00000000000000e+00	0.00000000000000e+00
3	10	18	20	3.33619435112868e+01	-9.15834937267500e+01	3.00000000000000e-02	0.00000000000000e+00	0.00000000000000e+00
5	10	16	17	2.20935836443311e+01	-9.69025326727916e+01	3.00000000000000e-02	0.00000000000000e+00	0.00000000000000e+00
5	10	17	19	3.33673763775417e+01	-7.92235537716456e+01	3.00000000000000e-02	0.00000000000000e+00	0.00000000000000e+00
7	10	15	16	2.55289287751965e+01	-8.09886832368803e+01	3.00000000000000e-02	0.00000000000000e+00	0.00000000000000e+00
7	10	16	18	2.45922443745090e+01	-7.32900141396257e+01	3.00000000000000e-02	0.00000000000000e+00	0.00000000000000e+00
8	10	14	15	3.13253459939404e+01	-6.01202314463057e+01	3.00000000000000e-02	0.00000000000000e+00	0.00000000000000e+00
8	10	15	17	1.79129054518906e+01	-6.20038264170668e+01	3.00000000000000e-02	0.00000000000000e+00	0.00000000000000e+00
8	10	17	20	2.10073651502388e+01	-1.04259053214216e+02	3.00000000000000e-02	0.00000000000000e+00	0.00000000000000e+00
9	10	11	12	2.49407821340503e+01	-4.72230930232629e+00	3.00000000000000e-02	0.00000000000000e+00	0.00000000000000e+00
9	10	12	13	1.75023688270744e+01	-1.88242652023812e+01	3.00000000000000e-02	0.00000000000000e+00	0.00000000000000e+00
9	10	13	14	3.87416347148378e+01	-4.71156957904593e+01	3.00000000000000e-02	0.00000000000000e+00	0.00000000000000e+00
9	10	14	15	3.33381369065508e+01	-9.44487356266455e+01	3.00000000000000e-02	0.00000000000000e+00	0.00000000000000e+00
9	10	15	16	2.12448770938348e+01	-1.65430199606257e+02	3.00000000000000e-02	0.00000000000000e+00	0.00000000000000e+00
9	10	16	17	1.59779950246608e+01	-2.64523202898214e+02	3.00000000000000e-02	0.00000000000000e+00	0.00000000000000e+00
9	10	17	19	2.19607031308416e+01	-2.33146055921854e+02	3.00000000000000e-02	0.00000000000000e+00	0.00000000000000e+00
4	11	18	19	2.69664794733238e+01	-1.20044157592766e+02	3.00000000000000e-02	0.00000000000000e+00	0.00000000000000e+00
6	11	17	18	3.48292225283531e+01	-9.69058507298098e+01	3.00000000000000e-02	0.00000000000000e+00	0.00000000000000e+00
6	11	18	20	2.80165482745280e+01	-7.92229098198970e+01	3.00000000000000e-02	0.00000000000000e+00	0.00000000000000e+00
8	11	16	17	1.65482012475030e+01	-8.09828681695542e+01	3.00000000000000e-02	0.00000000000000e+00	0.00000000000000e+00
8	11	17	19	2.35651992859525e+01	-7.32915098450596e+01	3.00000000000000e-02	0.00000000000000e+00	0.00000000000000e+00
9	11	15	16	2.48396473757380e+01	-6.01265177095877e+01	3.00000000000000e-02	0.00000000000000e+00	0.00000000000000e+00
9	11	16	18	2.17068583666584e+01	-6.20025889089232e+01	3.00000000000000e-02	0.00000000000000e+00	0.00000000000000e+00
10	11	12	13	2.29189034670639e+01	-4.71234283051488e+00	3.00000000000000e-02	0.00000000000000e+00	0.00000000000000e+00
10	11	13	14	5.08316016829878e+01	-1.88254732822206e+01	3.00000000000000e-02	0.00000000000000e+00	0.00000000000000e+00
10	11	14	15	4.04377958510682e+01	-4.71047693861348e+01	3.00000000000000e-02	0.00000000000000e+00	0.00000000000000e+00
10	11	15	16	2.67421036113262e+01	-9.44576832183949e+01	3.00000000000000e-02	0.00000000000000e+00	0.00000000000000e+00
10	11	16	17	1.86258581482202e+01	-1.65414677917782e+02	3.00000000000000e-02	0.00000000000000e+00	0.00000000000000e+00
10	11	17	18	3.00002490445797e+01	-2.64533798714197e+02	3.00000000000000e-02	0.00000000000000e+00	0.00000000000000e+00
10	11	18	20	2.43121152794315e+01	-2.33142647482082e+02	3.00000000000000e-02	0.00000000000000e+00	0.00000000000000e+00
5	12	19	20	3.01609477647287e+01	-1.20042139853967e+02	3.00000000000000e-02	0.00000000000000e+00	0.00000000000000e+00
7	12	18	19	1.93294827777337e+01	-9.69066391483903e+01	3.00000000000000e-02	0.00000000000000e+00	0.00000000000000e+00
9	12	17	18	2.43037831358179e+01	-8.09888537223011e+01	3.00000000000000e-02	0.00000000000000e+00	0.00000000000000e+00
9	12	18	20	1.91146726502196e+01	-7.32916134025284e+01	3.00000000000000e-02	0.00000000000000e+00	0.00000000000000e+00
10	12	16	17	1.46547389005156e+01	-6.01215124409876e+01	3.00000000000000e-02	0.00000000000000e+00	0.00000000000000e+00
10	12	17	19	2.08788070147973e+01	-6.20056990734171e+01	3.00000000000000e-02	0.00000000000000e+00	0.00000000000000e+00
11	12	13	14	4.00877497920265e+01	-4.71905950092486e+00	3.00000000000000e-02	0.00000000000000e+00	0.00000000000000e+00
11	12	14	15	2.81165017177385e+01	-1.88204947472361e+01	3.00000000000000e-02	0.00000000000000e+00	0.00000000000000e+00
11	12	15	16	1.87832065846366e+01	-4.71184548001862e+01	3.00000000000000e-02	0.00000000000000e+00	0.00000000000000e+00
11	12	16	17	1.30384041829136e+01	-9.44503906908152e+01	3.00000000000000e-02	0.00000000000000e+00	0.00000000000000e+00
11	12	17	18	2.00586659052055e+01	-1.65430931746587e+02	3.00000000000000e-02	0.00000000000000e+00	0.00000000000000e+00
11	12	18	19	1.45384131821328e+01	-2.64539201785612e+02	3.00000000000000e-02	0.00000000000000e+00	0.00000000000000e+00
11	12	19	21	2.08231714313895e+01	-2.33140960853393e+02	3.00000000000000e-02	0.00000000000000e+00	0.00000000000000e+00
8	13	19	20	1.80082973315781e+01	-9.69037238632680e+01	3.00000000000000e-02	0.00000000000000e+00	0.00000000000000e+00
10	13	18	19	1.27393102237918e+01	-8.09888950443544e+01	3.00000000000000e-02	0.00000000000000e+00	0.00000000000000e+00
11	13	17	18	1.45830046194608e+01	-6.01269275181138e+01	3.00000000000000e-02	0.00000000000000e+00	0.00000000000000e+00
11	13	18	20	1.13978686220256e+01	-6.20049211847634e+01	3.00000000000000e-02	0.00000000000000e+00	0.00000000000000e+00
12	13	14	15	1.45947429485681e+01	-4.70452149663089e+00	3.00000000000000e-02	0.00000000000000e+00	0.00000000000000e+00
12	13	15	16	1.09946382654630e+01	-1.88271446278164e+01	3.00000000000000e-02	0.00000000000000e+00	0.00000000000000e+00
12	13	16	17	8.09367478896062e+00	-4.71060935929915e+01	3.00000000000000e-02	0.00000000000000e+00	0.00000000000000e+00
12	13	17	18	1.20946496138404e+01	-9.44584559272773e+01	3.00000000000000e-02	0.00000000000000e+00	0.00000000000000e+00
12	13	18	19	8.23507372714635e+00	-1.65429363743398e+02	3.00000000000000e-02	0.00000000000000e+00	0.00000000000000e+00
12	13	19	20	1.03897316656784e+01	-2.64526593773877e+02	3.00000000000000e-02	0.00000000000000e+00	0.00000000000000e+00
11	14	19	20	2.12891930954522e+01	-8.09875341250511e+01	3.00000000000000e-02	0.00000000000000e+00	0.00000000000000e+00
12	14	18	19	1.83405518060441e+01	-6.01303938063102e+01	3.00000000000000e-02	0.00000000000000e+00	0.00000000000000e+00
13	14	15	16	2.70747834740470e+01	-4.72610760670214e+00	3.00000000000000e-02	0.00000000000000e+00	0.00000000000000e+00
13	14	16	17	2.23853854062259e+01	-1.88251693741809e+01	3.00000000000000e-02	0.00000000000000e+00	0.00000000000000e+00
13	14	17	18	3.39972921114854e+01	-4.71226452206700e+01	3.00000000000000e-02	0.00000000000000e+00	0.00000000000000e+00
13	14	18	19	2.41783955234652e+01	-9.44675222840357e+01	3.00000000000000e-02	0.00000000000000e+00	0.00000000000000e+00
13	14	19	20	2.99369978977630e+01	-1.65429767622264e+02	3.00000000000000e-02	0.00000000000000e+00	0.00000000000000e+00
13	14	20	21	4.13816269076970e+01	-2.64537664819389e+02	3.00000000000000e-02	0.00000000000000e+00	0.00000000000000e+00
13	15	19	20	3.28613087501338e+01	-6.01237716378114e+01	3.00000000000000e-02	0.00000000000000e+00	0.00000000000000e+00
14	15	16	17	3.08326745459678e+01	-4.70490096546140e+00	3.00000000000000e-02	0.00000000000000e+00	0.00000000000000e+00
14	15	17	18	4.03022463772967e+01	-1.88271948470068e+01	3.00000000000000e-02	0.00000000000000e+00	0.00000000000000e+00
14	15	18	19	2.85982680877225e+01	-4.71162888695401e+01	3.00000000000000e-02	0.00000000000000e+00	0.00000000000000e+00
14	15	19	20	3.45426368897662e+01	-9.44510469478459e+01	3.00000000000000e-02	0.00000000000000e+00	0.00000000000000e+00
14	15	20	21	4.41130674360378e+01	-1.65420694471252e+02	3.00000000000000e-02	0.00000000000000e+00	0.00000000000000e+00
15	16	17	18	3.63435803585567e+01	-4.72976129142776e+00	3.00000000000000e-02	0.00000000000000e+00	0.00000000000000e+00
15	16	18	19	2.50413565076373e+01	-1.88372937959433e+01	3.00000000000000e-02	0.00000000000000e+00	0.00000000000000e+00
15	16	19	20	3.00209361536045e+01	-4.71187162411746e+01	3.00000000000000e-02	0.00000000000000e+00	0.00000000000000e+00
15	16	20	21	3.62237215435995e+01	-9.44632331260140e+01	3.00000000000000e-02	0.00000000000000e+00	0.00000000000000e+00
16	17	18	19	1.83179275741582e+01	-4.71960702614582e+00	3.00000000000000e-02	0.00000000000000e+00	0.00000000000000e+00
16	17	19	20	2.47258816774753e+01	-1.88204126090177e+01	3.00000000000000e-02	0.00000000000000e+00	0.00000000000000e+00
16	17	20	21	2.89986043761958e+01	-4.71086937205894e+01	3.00000000000000e-02	0.00000000000000e+00	0.00000000000000e+00
17	18	19	20	5.31715277006111e+01	-4.71140715246826e+00	3.00000000000000e-02	0.00000000000000e+00	0.00000000000000e+00
17	18	20	21	5.87773184378715e+01	-1.88239215104249e+01	3.00000000000000e-02	0.00000000000000e+00	0.00000000000000e+00
18	19	20	21	4.33706962769364e+01	-4.71717999140071e+00	3.00000000000000e-02	0.00000000000000e+00	0.00000000000000e+00
1	4	2	3	6.97845454153025e+01	1.57925033301279e+00	3.00000000000000e-02	0.00000000000000e+00	0.00000000000000e+00
2	5	3	4	7.21373553372084e+01	1.57217482722025e+00	3.00000000000000e-02	0.00000000000000e+00	0.00000000000000e+00
3	6	4	5	6.55831311328399e+01	1.57077066915851e+00	3.00000000000000e-02	0.00000000000000e+00	0.00000000000000e+00
4	7	5	6	5.12919283341152e+01	1.57299567386071e+00	3.00000000000000e-02	0.00000000000000e+00	0.00000000000000e+00
2	8	4	6	6.95236646673086e+01	3.14253978445034e+00	3.00000000000000e-02	0.00000000000000e+00	0.00000000000000e+00
5	8	6	7	5.32820657580619e+01	1.56892846334780e+00	3.00000000000000e-02	0.00000000000000e+00	0.00000000000000e+00
3	9	5	7	7.06441790858455e+01	3.14252067765915e+00	3.00000000000000e-02	0.00000000000000e+00	0.00000000000000e+00
6	9	7	8	7.32807581156275e+01	1.57466039464147e+00	3.00000000000000e-02	0.00000000000000e+00	0.00000000000000e+00
4	10	6	8	8.52881330742346e+01	3.14254832659911e+00	3.00000000000000e-02	0.00000000000000e+00	0.00000000000000e+00
7	10	8	9	3.14587042030137e+01	1.57061070630535e+00	3.00000000000000e-02	0.00000000000000e+00	0.00000000000000e+00
2	11	5	8	9.75564898556996e+01	4.71902916150049e+00	3.00000000000000e-02	0.00000000000000e+00	0.00000000000000e+00
2	11	6	7	1.04791875747481e+02	1.57359807891246e+01	3.00000000000000e-02	0.00000000000000e+00	0.00000000000000e+00
5	11	7	9	5.34089063653509e+01	3.14240279388045e+00	3.00000000000000e-02	0.00000000000000e+00	0.00000000000000e+00
8	11	9	10	5.14231818902244e+01	1.57414851824988e+00	3.00000000000000e-02	0.00000000000000e+00	0.00000000000000e+00
3	12	6	9	8.13811881897178e+01	4.71859801991765e+00	3.00000000000000e-02	0.00000000000000e+00	0.00000000000000e+00
3	12	7	8	1.05329011157854e+02	1.57367430414876e+01	3.00000000000000e-02	0.00000000000000e+00	0.00000000000000e+00
6	12	8	10	3.27256009274930e+01	3.14222077500221e+00	3.00000000000000e-02	0.00000000000000e+00	0.00000000000000e+00
9	12	10	11	4.35079167396607e+01	1.57158501593552e+00	3.00000000000000e-02	0.00000000000000e+00	0.00000000000000e+00
4	13	7	10	6.71882180615147e+01	4.71877080180600e+00	3.00000000000000e-02	0.00000000000000e+00	0.00000000000000e+00
4	13	8	9	4.28834207619762e+01	1.57354182916897e+01	3.00000000000000e-02	0.00000000000000e+00	0.00000000000000e+00
7	13	9	11	4.89232980436254e+01	3.14243400457494e+00	3.00000000000000e-02	0.00000000000000e+00	0.00000000000000e+00
10	13	11	12	3.18861055160218e+01	1.57255681504896e+00	3.00000000000000e-02	0.00000000000000e+00	0.00000000000000e+00
2	14	6	10	9.38840748565687e+01	6.29203442484594e+00	3.00000000000000e-02	0.00000000000000e+00	0.00000000000000e+00
2	14	7	9	9.34752592468499e+01	1.37630392191199e+01	3.00000000000000e-02	0.00000000000000e+00	0.00000000000000e+00
5	14	8	11	4.63822216973501e+01	4.71850277596529e+00	3.00000000000000e-02	0.00000000000000e+00	0.00000000000000e+00
5	14	9	10	4.93172666000289e+01	1.57361046196351e+01	3.00000000000000e-02	0.00000000000000e+00	0.00000000000000e+00
8	14	10	12	5.04559516722320e+01	3.14255695312145e+00	3.00000000000000e-02	0.00000000000000e+00	0.00000000000000e+00
11	14	12	13	1.84025040074295e+01	1.56983126673515e+00	3.00000000000000e-02	0.00000000000000e+00	0.00000000000000e+00
3	15	7	11	7.59813671082923e+01	6.29208800386664e+00	3.00000000000000e-02	0.00000000000000e+00	0.00000000000000e+00
3	15	8	10	5.51053330966358e+01	1.37629144325872e+01	3.00000000000000e-02	0.00000000000000e+00	0.00000000000000e+00
6	15	9	12	4.40908334266515e+01	4.71893321660035e+00	3.00000000000000e-02	0.00000000000000e+00	0.00000000000000e+00
6	15	10	11	5.54306667774906e+01	1.57363509528825e+01	3.00000000000000e-02	0.00000000000000e+00	0.00000000000000e+00
9	15	11	13	2.46705034992769e+01	3.14243906623914e+00	3.00000000000000e-02	0.00000000000000e+00	0.00000000000000e+00
12	15	13	14	3.64413393790076e+01	1.57299840198075e+00	3.00000000000000e-02	0.00000000000000e+00	0.00000000000000e+00
4	16	8	12	5.11491661259166e+01	6.29199852949557e+00	3.00000000000000e-02	0.00000000000000e+00	0.00000000000000e+00
4	16	9	11	6.32685391588169e+01	1.37630660039454e+01	3.00000000000000e-02	0.00000000000000e+00	0.00000000000000e+00
7	16	10	13	3.88122004096646e+01	4.71870529394671e+00	3.00000000000000e-02	0.00000000000000e+00	0.00000000000000e+00
7	16	11	12	3.66803475491628e+01	1.57362223767832e+01	3.00000000000000e-02	0.00000000000000e+00	0.00000000000000e+00
10	16	12	14	2.95585382087255e+01	3.14230232959933e+00	3.00000000000000e-02	0.00000000000000e+00	0.00000000000000e+00
13	16	14	15	2.92278602648271e+01	1.56897782253240e+00	3.00000000000000e-02	0.00000000000000e+00	0.00000000000000e+00
2	17	7	12	8.68372560167705e+01	7.86134979918437e+00	3.00000000000000e-02	0.00000000000000e+00	0.00000000000000e+00
2	17	8	11	7.49001657238992e+01	1.41469744096908e+01	3.00000000000000e-02	0.00000000000000e+00	0.00000000000000e+00
2	17	9	10	7.81491828143419e+01	4.40076262743998e+01	3.00000000000000e-02	0.00000000000000e+00	0.00000000000000e+00
5	17	9	13	4.74547345990392e+01	6.29214582519513e+00	3.00000000000000e-02	0.00000000000000e+00	0.00000000000000e+00
5	17	10	12	5.59895506415318e+01	1.37631728661335e+01	3.00000000000000e-02	0.00000000000000e+00	0.00000000000000e+00
8	17	11	14	4.24374012195892e+01	4.71906302621100e+00	3.00000000000000e-02	0.00000000000000e+00	0.00000000000000e+00
8	17	12	13	2.52755237405840e+01	1.57364204140159e+01	3.00000000000000e-02	0.00000000000000e+00	0.00000000000000e+00
11	17	13	15	5.03838085362914e+01	3.14238901658339e+00	3.00000000000000e-02	0.00000000000000e+00	0.00000000000000e+00
14	17	15	16	3.06602152471480e+01	1.57428052635582e+00	3.00000000000000e-02	0.00000000000000e+00	0.00000000000000e+00
3	18	8	13	5.80692712103834e+01	7.86125345860009e+00	3.00000000000000e-02	0.00000000000000e+00	0.00000000000000e+00
3	18	9	12	7.07110857672494e+01	1.41470554464125e+01	3.00000000000000e-02	0.00000000000000e+00	0.00000000000000e+00
3	18	10	11	8.59321550675419e+01	4.40072900155386e+01	3.00000000000000e-02	0.00000000000000e+00	0.00000000000000e+00
6	18	10	14	5.19671719918615e+01	6.29223265841155e+00	3.00000000000000e-02	0.00000000000000e+00	0.00000000000000e+00
6	18	11	13	3.61653071455384e+01	1.37632082846992e+01	3.00000000000000e-02	0.00000000000000e+00	0.00000000000000e+00
9	18	12	15	4.40803273585122e+01	4.71875319632267e+00	3.00000000000000e-02	0.00000000000000e+00	0.00000000000000e+00
9	18	13	14	5.72016844556225e+01	1.57366674064212e+01	3.00000000000000e-02	0.00000000000000e+00	0.00000000000000e+00
12	18	14	16	3.81505709687378e+01	3.14252526492679e+00	3.00000000000000e-02	0.00000000000000e+00	0.00000000000000e+00
15	18	16	17	2.47050684280796e+01	1.57063005760421e+00	3.00000000000000e-02	0.00000000000000e+00	0.00000000000000e+00
4	19	9	14	6.51993952189604e+01	7.86133480179611e+00	3.00000000000000e-02	0.00000000000000e+00	0.00000000000000e+00
4	19	10	13	5.87510316918327e+01	1.41469892585501e+01	3.00000000000000e-02	0.00000000000000e+00	0.00000000000000e+00
4	19	11	12	5.53520396214027e+01	4.40073777191763e+01	3.00000000000000e-02	0.00000000000000e+00	0.00000000000000e+00
7	19	11	15	5.37292622383206e+01	6.29209422441766e+00	3.00000000000000e-02	0.00000000000000e+00	0.00000000000000e+00
7	19	12	14	5.02871077138091e+01	1.37631495624520e+01	3.00000000000000e-02	0.00000000000000e+00	0.00000000000000e+00
10	19	13	16	5.29919690693435e+01	4.71882822370132e+00	3.00000000000000e-02	0.00000000000000e+00	0.00000000000000e+00
10	19	14	15	5.92071477576240e+01	1.57355753176964e+01	3.00000000000000e-02	0.00000000000000e+00	0.00000000000000e+00
13	19	15	17	2.56457186477556e+01	3.14221075167803e+00	3.00000000000000e-02	0.00000000000000e+00	0.00000000000000e+00
16	19	17	18	4.49204686336603e+01	1.57254270478936e+00	3.00000000000000e-02	0.00000000000000e+00	0.00000000000000e+00
2	20	8	14	7.66745640673061e+01	9.42945352114536e+00	3.00000000000000e-02	0.00000000000000e+00	0.00000000000000e+00
2	20	9	13	7.54363748510580e+01	1.51237231429862e+01	3.00000000000000e-02	0.00000000000000e+00	0.00000000000000e+00
2	20	10	12	8.66118724159095e+01	3.14230105415589e+01	3.00000000000000e-02	0.00000000000000e+00	0.00000000000000e+00
5	20	10	15	6.96331646255420e+01	7.86129665710160e+00	3.00000000000000e-02	0.00000000000000e+00	0.00000000000000e+00
5	20	11	14	5.93927733568594e+01	1.41470648073620e+01	3.00000000000000e-02	0.00000000000000e+00	0.00000000000000e+00
5	20	12	13	3.48044643738814e+01	4.40070963390052e+01	3.00000000000000e-02	0.00000000000000e+00	0.00000000000000e+00
8	20	12	16	5.77942996953627e+01	6.29221394498263e+00	3.00000000000000e-02	0.00000000000000e+00	0.00000000000000e+00
8	20	13	15	7.75304116297413e+01	1.37631940150468e+01	3.00000000000000e-02	0.00000000000000e+00	0.00000000000000e+00
11	20	14	17	4.30251486988070e+01	4.71857524182897e+00	3.00000000000000e-02	0.00000000000000e+00	0.00000000000000e+00
11	20	15	16	4.15373403563912e+01	1.57366426433461e+01	3.00000000000000e-02	0.00000000000000e+00	0.00000000000000e+00
14	20	16	18	3.66906672295226e+01	3.14221203161189e+00	3.00000000000000e-02	0.00000000000000e+00	0.00000000000000e+00
17	20	18	19	3.06517329304033e+01	1.57214979614003e+00	3.00000000000000e-02	0.00000000000000e+00	0.00000000000000e+00
3	21	9	15	8.34027973357457e+01	9.42946817273954e+00	3.00000000000000e-02	0.00000000000000e+00	0.00000000000000e+00
3	21	10	14	7.96174465633065e+01	1.51237456430565e+01	3.00000000000000e-02	0.00000000000000e+00	0.00000000000000e+00
3	21	11	13	5.43887577152555e+01	3.14229676087352e+01	3.00000000000000e-02	0.00000000000000e+00	0.00000000000000e+00
6	21	11	16	6.29501229843202e+01	7.86138549740434e+00	3.00000000000000e-02	0.00000000000000e+00	0.00000000000000e+00
6	21	12	15	6.95371067421756e+01	1.41470439793575e+01	3.00000000000000e-02	0.00000000000000e+00	0.00000000000000e+00
6	21	13	14	8.85870016305864e+01	4.40078896117132e+01	3.00000000000000e-02	0.00000000000000e+00	0.00000000000000e+00
9	21	13	17	5.72223817764260e+01	6.29206660565009e+00	3.00000000000000e-02	0.00000000000000e+00	0.00000000000000e+00
9	21	14	16	6.16925415118852e+01	1.37630991714115e+01	3.00000000000000e-02	0.00000000000000e+00	0.00000000000000e+00
12	21	15	18	3.93864252332107e+01	4.71872292187351e+00	3.00000000000000e-02	0.00000000000000e+00	0.00000000000000e+00
12	21	16	17	2.88748576773425e+01	1.57355315106416e+01	3.00000000000000e-02	0.00000000000000e+00	0.00000000000000e+00
15	21	17	19	3.81502521195983e+01	3.14244723108970e+00	3.00000000000000e-02	0.00000000000000e+00	0.00000000000000e+00
18	21	19	20	4.69036964974509e+01	1.57129732355959e+00	3.00000000000000e-02	0.00000000000000e+00	0.00000000000000e+00
1	4	2	3	6.94439011184716e+01	1.57925033301279e+00	3.00000000000000e-02	0.00000000000000e+00	0.00000000000000e+00
1	5	2	3	7.56958025521111e+01	2.37323651388000e+00	3.00000000000000e-02	0.00000000000000e+00	0.00000000000000e+00
1	5	3	4	7.02630971054809e+01	2.35890651425256e+00	3.00000000000000e-02	0.00000000000000e+00	0.00000000000000e+00
1	6	2	3	7.84948980106308e+01	2.71554144879681e+00	3.00000000000000e-02	0.00000000000000e+00	0.00000000000000e+00
1	6	3	4	9.04824447383335e+01	4.71675449030055e+00	3.00000000000000e-02	0.00000000000000e+00	0.00000000000000e+00
1	6	4	5	6.77935676304852e+01	2.69082957774120e+00	3.00000000000000e-02	0.00000000000000e+00	0.00000000000000e+00
1	7	3	4	9.75953937356776e+01	6.29424357393684e+00	3.00000000000000e-02	0.00000000000000e+00	0.00000000000000e+00
1	7	4	5	7.43805345772108e+01	6.28659983241580e+00	3.00000000000000e-02	0.00000000000000e+00	0.00000000000000e+00
1	7	5	6	4.98527182798019e+01	2.86153006192288e+00	3.00000000000000e-02	0.00000000000000e+00	0.00000000000000e+00
1	7	2	3	7.89222055021182e+01	2.88166605819832e+00	3.00000000000000e-02	0.00000000000000e+00	0.00000000000000e+00
1	8	2	3	8.14621879557991e+01	2.97234573866241e+00	3.00000000000000e-02	0.00000000000000e+00	0.00000000000000e+00
1	8	3	4	1.04901511761118e+02	7.26469793842883e+00	3.00000000000000e-02	0.00000000000000e+00	0.00000000000000e+00
1	8	4	5	8.57393791845480e+01	9.43815171873224e+00	3.00000000000000e-02	0.00000000000000e+00	0.00000000000000e+00
1	8	5	6	5.62870132181088e+01	7.25303244362575e+00	3.00000000000000e-02	0.00000000000000e+00	0.00000000000000e+00
1	8	6	7	4.24864216705799e+01	2.94241560675239e+00	3.00000000000000e-02	0.00000000000000e+00	0.00000000000000e+00
1	9	3	4	9.92593728911224e+01	7.87004534392001e+00	3.00000000000000e-02	0.00000000000000e+00	0.00000000000000e+00
1	9	4	5	9.80044007850249e+01	1.18030947752003e+01	3.00000000000000e-02	0.00000000000000e+00	0.00000000000000e+00
1	9	5	6	7.48286332720751e+01	1.17992177765842e+01	3.00000000000000e-02	0.00000000000000e+00	0.00000000000000e+00
1	9	6	7	7.15432585081764e+01	7.85599159622617e+00	3.00000000000000e-02	0.00000000000000e+00	0.00000000000000e+00
1	9	2	3	7.99714818932291e+01	3.02673491460539e+00	3.00000000000000e-02	0.00000000000000e+00	0.00000000000000e+00
1	9	7	8	9.11623651346687e+01	3.00756705930747e+00	3.00000000000000e-02	0.00000000000000e+00	0.00000000000000e+00
1	10	3	4	1.00440247491870e+02	8.26315054395405e+00	3.00000000000000e-02	0.00000000000000e+00	0.00000000000000e+00
1	10	4	5	1.06585842670306e+02	1.34885664368884e+01	3.00000000000000e-02	0.00000000000000e+00	0.00000000000000e+00
1	10	5	6	8.76585943346513e+01	1.57404550789462e+01	3.00000000000000e-02	0.00000000000000e+00	0.00000000000000e+00
1	10	6	7	9.09612704828392e+01	1.34805568333048e+01	3.00000000000000e-02	0.00000000000000e+00	0.00000000000000e+00
1	10	7	8	9.30711025317383e+01	8.24959470760584e+00	3.00000000000000e-02	0.00000000000000e+00	0.00000000000000e+00
1	10	8	9	1.69194122026886e+01	3.03616285356979e+00	3.00000000000000e-02	0.00000000000000e+00	0.00000000000000e+00
1	10	2	3	8.03380185100775e+01	3.06176730566511e+00	3.00000000000000e-02	0.00000000000000e+00	0.00000000000000e+00
1	11	3	4	1.07097474628591e+02	8.52958542757177e+00	3.00000000000000e-02	0.00000000000000e+00	0.00000000000000e+00
1	11	4	5	1.11597806906324e+02	1.46860475735073e+01	3.00000000000000e-02	0.00000000000000e+00	0.00000000000000e+00
1	11	5	6	9.61905741958130e+01	1.88876729551527e+01	3.00000000000000e-02	0.00000000000000e+00	0.00000000000000e+00
1	11	6	7	1.04034049157929e+02	1.88836258413948e+01	3.00000000000000e-02	0.00000000000000e+00	0.00000000000000e+00
1	11	7	8	9.24051542834099e+01	1.46775494122017e+01	3.00000000000000e-02	0.00000000000000e+00	0.00000000000000e+00
1	11	8	9	1.05668927455889e+01	8.51214585713505e+00	3.00000000000000e-02	0.00000000000000e+00	0.00000000000000e+00
1	11	9	10	3.65133678316617e+00	3.06071131978689e+00	3.00000000000000e-02	0.00000000000000e+00	0.00000000000000e+00
1	11	2	3	8.04458381617430e+01	3.08559717398157e+00	3.00000000000000e-02	0.00000000000000e+00	0.00000000000000e+00
1	12	2	3	8.35214700235467e+01	3.10251146050039e+00	3.00000000000000e-02	0.00000000000000e+00	0.00000000000000e+00
1	12	3	4	1.17799795460143e+02	8.71712907442454e+00	3.00000000000000e-02	0.00000000000000e+00	0.00000000000000e+00
1	12	4	5	1.19931543985378e+02	1.55492933331144e+01	3.00000000000000e-02	0.00000000000000e+00	0.00000000000000e+00
1	12	5	6	1.07607772821060e+02	2.13219808237021e+01	3.00000000000000e-02	0.00000000000000e+00	0.00000000000000e+00
1	12	6	7	1.23558770846747e+02	2.36020788310297e+01	3.00000000000000e-02	0.00000000000000e+00	0.00000000000000e+00
1	12	7	8	1.12570933513274e+02	2.13166997760361e+01	3.00000000000000e-02	0.00000000000000e+00	0.00000000000000e+00
1	12	8	9	3.65862280757296e+01	1.55367408446207e+01	3.00000000000000e-02	0.00000000000000e+00	0.00000000000000e+00
1	12	9	10	3.51395933837654e+01	8.69862968603015e+00	3.00000000000000e-02	0.00000000000000e+00	0.00000000000000e+00
1	12	10	11	3.24738092895770e-01	3.07310513665784e+00	3.00000000000000e-02	0.00000000000000e+00	0.00000000000000e+00
1	13	2	3	8.14546171253426e+01	3.11493505184926e+00	3.00000000000000e-02	0.00000000000000e+00	0.00000000000000e+00
1	13	3	4	1.15842601076193e+02	8.85348973404917e+00	3.00000000000000e-02	0.00000000000000e+00	0.00000000000000e+00
1	13	4	5	1.20296064440632e+02	1.61840527970715e+01	3.00000000000000e-02	0.00000000000000e+00	0.00000000000000e+00
1	13	5	6	1.11865352950894e+02	2.31912101000897e+01	3.00000000000000e-02	0.00000000000000e+00	0.00000000000000e+00
1	13	6	7	1.35685911101996e+02	2.75300358317179e+01	3.00000000000000e-02	0.00000000000000e+00	0.00000000000000e+00
1	13	7	8	1.31488097966171e+02	2.75288184705092e+01	3.00000000000000e-02	0.00000000000000e+00	0.00000000000000e+00
1	13	8	9	4.57288209517671e+01	2.31825915448364e+01	3.00000000000000e-02	0.00000000000000e+00	0.00000000000000e+00
1	13	9	10	4.84856228312101e+01	1.61713614758025e+01	3.00000000000000e-02	0.00000000000000e+00	0.00000000000000e+00
1	13	10	11	1.66620283714307e+00	8.83430451387053e+00	3.00000000000000e-02	0.00000000000000e+00	0.00000000000000e+00
1	13	11	12	5.53157841551316e+00	3.08809352942239e+00	3.00000000000000e-02	0.00000000000000e+00	0.00000000000000e+00
1	14	2	3	8.14860213718125e+01	3.12432025258855e+00	3.00000000000000e-02	0.00000000000000e+00	0.00000000000000e+00
1	14	3	4	1.16308431919980e+02	8.95541342983483e+00	3.00000000000000e-02	0.00000000000000e+00	0.00000000000000e+00
1	14	4	5	1.22131776025496e+02	1.66604520240383e+01	3.00000000000000e-02	0.00000000000000e+00	0.00000000000000e+00
1	14	5	6	1.15501632176759e+02	2.46320455562197e+01	3.00000000000000e-02	0.00000000000000e+00	0.00000000000000e+00
1	14	6	7	1.43955886293187e+02	3.07278950263587e+01	3.00000000000000e-02	0.00000000000000e+00	0.00000000000000e+00
1	14	7	8	1.42540524204212e+02	3.30239289861205e+01	3.00000000000000e-02	0.00000000000000e+00	0.00000000000000e+00
1	14	8	9	4.99760546379556e+01	3.07232991964809e+01	3.00000000000000e-02	0.00000000000000e+00	0.00000000000000e+00
1	14	9	10	5.32856639293504e+01	2.46224378286457e+01	3.00000000000000e-02	0.00000000000000e+00	0.00000000000000e+00
1	14	11	12	5.00010909976821e+01	8.93513253151480e+00	3.00000000000000e-02	0.00000000000000e+00	0.00000000000000e+00
1	14	12	13	1.49018948489632e+00	3.09117919692731e+00	3.00000000000000e-02	0.00000000000000e+00	0.00000000000000e+00
1	15	2	3	8.15413106436012e+01	3.13157915400337e+00	3.00000000000000e-02	0.00000000000000e+00	0.00000000000000e+00
1	15	3	4	1.16658608856381e+02	9.03342926385741e+00	3.00000000000000e-02	0.00000000000000e+00	0.00000000000000e+00
1	15	4	5	1.23532875722742e+02	1.70250919899644e+01	3.00000000000000e-02	0.00000000000000e+00	0.00000000000000e+00
1	15	5	6	1.18261171093188e+02	2.57528420379926e+01	3.00000000000000e-02	0.00000000000000e+00	0.00000000000000e+00
1	15	6	7	1.50532932855264e+02	3.33097154258315e+01	3.00000000000000e-02	0.00000000000000e+00	0.00000000000000e+00
1	15	7	8	1.52810225614420e+02	3.77346467834897e+01	3.00000000000000e-02	0.00000000000000e+00	0.00000000000000e+00
1	15	8	9	5.49092428146502e+01	3.77315688018981e+01	3.00000000000000e-02	0.00000000000000e+00	0.00000000000000e+00
1	15	9	10	6.03464871341822e+01	3.33049036580583e+01	3.00000000000000e-02	0.00000000000000e+00	0.00000000000000e+00
1	15	11	12	8.76276398328114e+01	1.70113761342798e+01	3.00000000000000e-02	0.00000000000000e+00	0.00000000000000e+00
1	15	12	13	1.31943781795167e+01	9.01390795031818e+00	3.00000000000000e-02	0.00000000000000e+00	0.00000000000000e+00
1	15	13	14	7.40450629884175e+00	3.10766382901536e+00	3.00000000000000e-02	0.00000000000000e+00	0.00000000000000e+00
1	16	2	3	8.15800079999860e+01	3.13730648535511e+00	3.00000000000000e-02	0.00000000000000e+00	0.00000000000000e+00
1	16	3	4	1.17068295090195e+02	9.09437837656692e+00	3.00000000000000e-02	0.00000000000000e+00	0.00000000000000e+00
1	16	4	5	1.24925229517737e+02	1.73092802120669e+01	3.00000000000000e-02	0.00000000000000e+00	0.00000000000000e+00
1	16	5	6	1.20899435230622e+02	2.66345835337630e+01	3.00000000000000e-02	0.00000000000000e+00	0.00000000000000e+00
1	16	6	7	1.56988882082497e+02	3.53926910230334e+01	3.00000000000000e-02	0.00000000000000e+00	0.00000000000000e+00
1	16	7	8	1.63802313094633e+02	4.17038541390447e+01	3.00000000000000e-02	0.00000000000000e+00	0.00000000000000e+00
1	16	8	9	6.09945315186791e+01	4.40088685955432e+01	3.00000000000000e-02	0.00000000000000e+00	0.00000000000000e+00
1	16	9	10	7.01616540539178e+01	4.17000909665312e+01	3.00000000000000e-02	0.00000000000000e+00	0.00000000000000e+00
1	16	11	12	1.18049038950550e+02	2.66232990044202e+01	3.00000000000000e-02	0.00000000000000e+00	0.00000000000000e+00
1	16	12	13	1.42607660281426e+01	1.72935958053066e+01	3.00000000000000e-02	0.00000000000000e+00	0.00000000000000e+00
1	16	13	14	2.70135949510765e+01	9.07486182953774e+00	3.00000000000000e-02	0.00000000000000e+00	0.00000000000000e+00
1	16	14	15	5.91580577180974e-01	3.10409000467504e+00	3.00000000000000e-02	0.00000000000000e+00	0.00000000000000e+00
1	17	2	3	8.16762980677673e+01	3.14190361780623e+00	3.00000000000000e-02	0.00000000000000e+00	0.00000000000000e+00
1	17	3	4	1.17514883506486e+02	9.14285030237497e+00	3.00000000000000e-02	0.00000000000000e+00	0.00000000000000e+00
1	17	4	5	1.26231426719176e+02	1.75344561739640e+01	3.00000000000000e-02	0.00000000000000e+00	0.00000000000000e+00
1	17	5	6	1.23311383477556e+02	2.73367392425686e+01	3.00000000000000e-02	0.00000000000000e+00	0.00000000000000e+00
1	17	6	7	1.62857055123057e+02	3.70797949766413e+01	3.00000000000000e-02	0.00000000000000e+00	0.00000000000000e+00
1	17	7	8	1.74050230549773e+02	4.50212186752510e+01	3.00000000000000e-02	0.00000000000000e+00	0.00000000000000e+00
1	17	8	9	6.69354709899510e+01	4.95044567305552e+01	3.00000000000000e-02	0.00000000000000e+00	0.00000000000000e+00
1	17	9	10	8.03544435844839e+01	4.95040282311276e+01	3.00000000000000e-02	0.00000000000000e+00	0.00000000000000e+00
1	17	11	12	1.60743224304334e+02	3.70734013493059e+01	3.00000000000000e-02	0.00000000000000e+00	0.00000000000000e+00
1	17	12	13	2.03388887233150e+01	2.73252428684675e+01	3.00000000000000e-02	0.00000000000000e+00	0.00000000000000e+00
1	17	13	14	4.25194293385983e+01	1.75210689720443e+01	3.00000000000000e-02	0.00000000000000e+00	0.00000000000000e+00
1	17	14	15	1.83275841831010e+00	9.12314846513831e+00	3.00000000000000e-02	0.00000000000000e+00	0.00000000000000e+00
1	17	15	16	5.94905159820134e-02	3.11973380925232e+00	3.00000000000000e-02	0.00000000000000e+00	0.00000000000000e+00
1	18	2	3	8.16578949109143e+01	3.14564871185001e+00	3.00000000000000e-02	0.00000000000000e+00	0.00000000000000e+00
1	18	3	4	1.17661844588555e+02	9.18200185639244e+00	3.00000000000000e-02	0.00000000000000e+00	0.00000000000000e+00
1	18	4	5	1.26962132596611e+02	1.77155392916151e+01	3.00000000000000e-02	0.00000000000000e+00	0.00000000000000e+00
1	18	5	6	1.24733397273605e+02	2.79026280668690e+01	3.00000000000000e-02	0.00000000000000e+00	0.00000000000000e+00
1	18	6	7	1.66561546204196e+02	3.84548803962266e+01	3.00000000000000e-02	0.00000000000000e+00	0.00000000000000e+00
1	18	7	8	1.80944467956469e+02	4.77868601149003e+01	3.00000000000000e-02	0.00000000000000e+00	0.00000000000000e+00
1	18	8	9	7.11900885054121e+01	5.42495740247145e+01	3.00000000000000e-02	0.00000000000000e+00	0.00000000000000e+00
1	18	9	10	8.81222646661363e+01	5.65673177857252e+01	3.00000000000000e-02	0.00000000000000e+00	0.00000000000000e+00
1	18	11	12	1.83060602373215e+02	4.77812817779233e+01	3.00000000000000e-02	0.00000000000000e+00	0.00000000000000e+00
1	18	12	13	2.56718946295642e+01	3.84474410145125e+01	3.00000000000000e-02	0.00000000000000e+00	0.00000000000000e+00
1	18	13	14	5.56389771157267e+01	2.78917281337297e+01	3.00000000000000e-02	0.00000000000000e+00	0.00000000000000e+00
1	18	14	15	4.84129804967058e+01	1.77001723829619e+01	3.00000000000000e-02	0.00000000000000e+00	0.00000000000000e+00
1	18	15	16	4.25560627471159e+00	9.16481015008677e+00	3.00000000000000e-02	0.00000000000000e+00	0.00000000000000e+00
1	18	16	17	2.30553466758128e-01	3.11846143010353e+00	3.00000000000000e-02	0.00000000000000e+00	0.00000000000000e+00
1	19	2	3	8.16757868717722e+01	3.14873962465196e+00	3.00000000000000e-02	0.00000000000000e+00	0.00000000000000e+00
1	19	3	4	1.17883769117197e+02	9.21406053800612e+00	3.00000000000000e-02	0.00000000000000e+00	0.00000000000000e+00
1	19	4	5	1.27742775451203e+02	1.78631244338297e+01	3.00000000000000e-02	0.00000000000000e+00	0.00000000000000e+00
1	19	5	6	1.26149402066344e+02	2.83639875855182e+01	3.00000000000000e-02	0.00000000000000e+00	0.00000000000000e+00
1	19	6	7	1.70145586706139e+02	3.95842065518945e+01	3.00000000000000e-02	0.00000000000000e+00	0.00000000000000e+00
1	19	7	8	1.87616305541412e+02	5.00954041037847e+01	3.00000000000000e-02	0.00000000000000e+00	0.00000000000000e+00
1	19	8	9	7.50831618412682e+01	5.83165659616377e+01	3.00000000000000e-02	0.00000000000000e+00	0.00000000000000e+00
1	19	9	10	9.59662457673795e+01	6.28487339171019e+01	3.00000000000000e-02	0.00000000000000e+00	0.00000000000000e+00
1	19	11	12	2.03670404901837e+02	5.83140036653650e+01	3.00000000000000e-02	0.00000000000000e+00	0.00000000000000e+00
1	19	12	13	3.12138089962664e+01	5.00885131356243e+01	3.00000000000000e-02	0.00000000000000e+00	0.00000000000000e+00
1	19	13	14	6.98725920505934e+01	3.95768835001010e+01	3.00000000000000e-02	0.00000000000000e+00	0.00000000000000e+00
1	19	14	15	6.17775144144192e+01	2.83506640115735e+01	3.00000000000000e-02	0.00000000000000e+00	0.00000000000000e+00
1	19	15	16	3.97652367377669e+01	1.78485927402092e+01	3.00000000000000e-02	0.00000000000000e+00	0.00000000000000e+00
1	19	16	17	2.60760964129631e+01	9.19211376695601e+00	3.00000000000000e-02	0.00000000000000e+00	0.00000000000000e+00
1	19	17	18	5.76527442392999e+00	3.11801625938604e+00	3.00000000000000e-02	0.00000000000000e+00	0.00000000000000e+00
1	20	2	3	8.36675471035264e+01	3.15132004156408e+00	3.00000000000000e-02	0.00000000000000e+00	0.00000000000000e+00
1	20	3	4	1.20917347792770e+02	9.24063061066302e+00	3.00000000000000e-02	0.00000000000000e+00	0.00000000000000e+00
1	20	4	5	1.31577072193669e+02	1.79848622255728e+01	3.00000000000000e-02	0.00000000000000e+00	0.00000000000000e+00
1	20	5	6	1.30264778947779e+02	2.87442195804326e+01	3.00000000000000e-02	0.00000000000000e+00	0.00000000000000e+00
1	20	6	7	1.76998915738823e+02	4.05192251712516e+01	3.00000000000000e-02	0.00000000000000e+00	0.00000000000000e+00
1	20	7	8	1.97344811302278e+02	5.20290989125351e+01	3.00000000000000e-02	0.00000000000000e+00	0.00000000000000e+00
1	20	8	9	8.05621767073655e+01	6.17917092028237e+01	3.00000000000000e-02	0.00000000000000e+00	0.00000000000000e+00
1	20	9	10	1.04873045733905e+02	6.83728718340277e+01	3.00000000000000e-02	0.00000000000000e+00	0.00000000000000e+00
1	20	11	12	2.47907861179138e+02	6.83706462818298e+01	3.00000000000000e-02	0.00000000000000e+00	0.00000000000000e+00
1	20	12	13	3.88936350994005e+01	6.17882035109077e+01	3.00000000000000e-02	0.00000000000000e+00	0.00000000000000e+00
1	20	13	14	8.93925198239283e+01	5.20226031076086e+01	3.00000000000000e-02	0.00000000000000e+00	0.00000000000000e+00
1	20	14	15	8.03154222952273e+01	4.05103537772446e+01	3.00000000000000e-02	0.00000000000000e+00	0.00000000000000e+00
1	20	15	16	5.07892277287152e+01	2.87324642344768e+01	3.00000000000000e-02	0.00000000000000e+00	0.00000000000000e+00
1	20	16	17	3.40342525010409e+01	1.79678026908957e+01	3.00000000000000e-02	0.00000000000000e+00	0.00000000000000e+00
1	20	17	18	5.59164556524908e+01	9.21948541927918e+00	3.00000000000000e-02	0.00000000000000e+00	0.00000000000000e+00
1	20	10	11	4.95195519700592e+01	7.06978794299849e+01	3.00000000000000e-02	0.00000000000000e+00	0.00000000000000e+00
1	20	18	19	4.12702084479599e+00	3.12317116798292e+00	3.00000000000000e-02	0.00000000000000e+00	0.00000000000000e+00
1	21	2	3	8.38309689997563e+01	3.15349630408924e+00	3.00000000000000e-02	0.00000000000000e+00	0.00000000000000e+00
1	21	3	4	1.21197501144792e+02	9.26288967952128e+00	3.00000000000000e-02	0.00000000000000e+00	0.00000000000000e+00
1	21	4	5	1.32073727967652e+02	1.80863700744074e+01	3.00000000000000e-02	0.00000000000000e+00	0.00000000000000e+00
1	21	5	6	1.31172961475014e+02	2.90607502575495e+01	3.00000000000000e-02	0.00000000000000e+00	0.00000000000000e+00
1	21	6	7	1.78852781861113e+02	4.12996741477789e+01	3.00000000000000e-02	0.00000000000000e+00	0.00000000000000e+00
1	21	7	8	2.00822416563412e+02	5.36565234463020e+01	3.00000000000000e-02	0.00000000000000e+00	0.00000000000000e+00
1	21	8	9	8.27802580219894e+01	6.47606164850298e+01	3.00000000000000e-02	0.00000000000000e+00	0.00000000000000e+00
1	21	9	10	1.10360559896430e+02	7.31994135960985e+01	3.00000000000000e-02	0.00000000000000e+00	0.00000000000000e+00
1	21	11	12	2.86197782607437e+02	7.77647970566087e+01	3.00000000000000e-02	0.00000000000000e+00	0.00000000000000e+00
1	21	12	13	4.31653824813041e+01	7.31961542579455e+01	3.00000000000000e-02	0.00000000000000e+00	0.00000000000000e+00
1	21	13	14	1.01179662974895e+02	6.47574709908188e+01	3.00000000000000e-02	0.00000000000000e+00	0.00000000000000e+00
1	21	14	15	9.19808683552989e+01	5.36484875301391e+01	3.00000000000000e-02	0.00000000000000e+00	0.00000000000000e+00
1	21	15	16	5.69566707437432e+01	4.12920997736220e+01	3.00000000000000e-02	0.00000000000000e+00	0.00000000000000e+00
1	21	16	17	3.71152756033120e+01	2.90464595929785e+01	3.00000000000000e-02	0.00000000000000e+00	0.00000000000000e+00
1	21	17	18	5.82616863960050e+01	1.80694491849460e+01	3.00000000000000e-02	0.00000000000000e+00	0.00000000000000e+00
1	21	19	20	1.86484961124039e+01	3.12601559486317e+00	3.00000000000000e-02	0.00000000000000e+00	0.00000000000000e+00
2	21	3	4	9.27368173663175e+01	3.12408217643273e+00	3.00000000000000e-02	0.00000000000000e+00	0.00000000000000e+00
2	21	4	5	1.06526567841262e+02	9.22156249978461e+00	3.00000000000000e-02	0.00000000000000e+00	0.00000000000000e+00
2	21	5	6	1.10445703702355e+02	1.79703975122528e+01	3.00000000000000e-02	0.00000000000000e+00	0.00000000000000e+00
2	21	6	7	1.54412334056389e+02	2.87307090850613e+01	3.00000000000000e-02	0.00000000000000e+00	0.00000000000000e+00
2	21	7	8	1.77216739898147e+02	4.05117763143131e+01	3.00000000000000e-02	0.00000000000000e+00	0.00000000000000e+00
2	21	8	9	7.51367797119475e+01	5.20208117864988e+01	3.00000000000000e-02	0.00000000000000e+00	0.00000000000000e+00
2	21	9	10	1.02143627689235e+02	6.17883926691561e+01	3.00000000000000e-02	0.00000000000000e+00	0.00000000000000e+00
2	21	10	11	1.21863499011603e+02	6.83696878466370e+01	3.00000000000000e-02	0.00000000000000e+00	0.00000000000000e+00
2	21	12	13	2.20331944570522e+02	6.83693783634445e+01	3.00000000000000e-02	0.00000000000000e+00	0.00000000000000e+00
2	21	13	14	1.01174432987722e+02	6.17885546177373e+01	3.00000000000000e-02	0.00000000000000e+00	0.00000000000000e+00
2	21	14	15	9.20163916836399e+01	5.20213428634004e+01	3.00000000000000e-02	0.00000000000000e+00	0.00000000000000e+00
2	21	15	16	5.70155904160654e+01	4.05118663161800e+01	3.00000000000000e-02	0.00000000000000e+00	0.00000000000000e+00
2	21	16	17	3.72653763041881e+01	2.87302065440745e+01	3.00000000000000e-02	0.00000000000000e+00	0.00000000000000e+00
2	21	17	18	5.75062581648148e+01	1.79681227588580e+01	3.00000000000000e-02	0.00000000000000e+00	0.00000000000000e+00
2	21	18	19	2.62068469905839e+01	9.22029588382083e+00	3.00000000000000e-02	0.00000000000000e+00	0.00000000000000e+00
2	21	19	20	2.82590281594377e+00	3.12387694192635e+00	3.00000000000000e-02	0.00000000000000e+00	0.00000000000000e+00
3	21	4	5	7.57094035273671e+01	3.12219175907126e+00	3.00000000000000e-02	0.00000000000000e+00	0.00000000000000e+00
3	21	5	6	8.27389995689194e+01	9.19439701394282e+00	3.00000000000000e-02	0.00000000000000e+00	0.00000000000000e+00
3	21	6	7	1.24336007132648e+02	1.78459331714290e+01	3.00000000000000e-02	0.00000000000000e+00	0.00000000000000e+00
3	21	7	8	1.47420107655727e+02	2.83518744794327e+01	3.00000000000000e-02	0.00000000000000e+00	0.00000000000000e+00
3	21	8	9	6.53489168489435e+01	3.95747037746133e+01	3.00000000000000e-02	0.00000000000000e+00	0.00000000000000e+00
3	21	9	10	9.21418539862413e+01	5.00888000925441e+01	3.00000000000000e-02	0.00000000000000e+00	0.00000000000000e+00
3	21	10	11	1.12417567522668e+02	5.83133111611395e+01	3.00000000000000e-02	0.00000000000000e+00	0.00000000000000e+00
3	21	11	12	7.14635520339956e+01	6.28460954287987e+01	3.00000000000000e-02	0.00000000000000e+00	0.00000000000000e+00
3	21	13	14	2.29978718371594e+02	5.83138433067500e+01	3.00000000000000e-02	0.00000000000000e+00	0.00000000000000e+00
3	21	14	15	9.15646966481073e+01	5.00881785971584e+01	3.00000000000000e-02	0.00000000000000e+00	0.00000000000000e+00
3	21	15	16	5.70366736178152e+01	3.95771943363392e+01	3.00000000000000e-02	0.00000000000000e+00	0.00000000000000e+00
3	21	16	17	3.73115953523534e+01	2.83503372507605e+01	3.00000000000000e-02	0.00000000000000e+00	0.00000000000000e+00
3	21	17	18	5.86678783834880e+01	1.78466110543747e+01	3.00000000000000e-02	0.00000000000000e+00	0.00000000000000e+00
3	21	18	19	3.34101477267291e+01	9.19384247165747e+00	3.00000000000000e-02	0.00000000000000e+00	0.00000000000000e+00
3	21	19	20	8.38922888859893e+00	3.12134125408302e+00	3.00000000000000e-02	0.00000000000000e+00	0.00000000000000e+00
4	21	5	6	6.13907568123931e+01	3.11840321906236e+00	3.00000000000000e-02	0.00000000000000e+00	0.00000000000000e+00
4	21	6	7	9.64138179086691e+01	9.16002260307530e+00	3.00000000000000e-02	0.00000000000000e+00	0.00000000000000e+00
4	21	7	8	1.17407055457875e+02	1.77008725459795e+01	3.00000000000000e-02	0.00000000000000e+00	0.00000000000000e+00
4	21	8	9	5.44742595607217e+01	2.78888932147905e+01	3.00000000000000e-02	0.00000000000000e+00	0.00000000000000e+00
4	21	9	10	8.04955194964990e+01	3.84476411878350e+01	3.00000000000000e-02	0.00000000000000e+00	0.00000000000000e+00
4	21	10	11	1.01867904438523e+02	4.77806670943684e+01	3.00000000000000e-02	0.00000000000000e+00	0.00000000000000e+00
4	21	11	12	6.66114722361683e+01	5.42469621527027e+01	3.00000000000000e-02	0.00000000000000e+00	0.00000000000000e+00
4	21	12	13	4.07540105084145e+01	5.65648467880775e+01	3.00000000000000e-02	0.00000000000000e+00	0.00000000000000e+00
4	21	13	14	2.94716386020055e+00	5.42473049994303e+01	3.00000000000000e-02	0.00000000000000e+00	0.00000000000000e+00
4	21	14	15	1.64626750835892e+02	4.77802208201689e+01	3.00000000000000e-02	0.00000000000000e+00	0.00000000000000e+00
4	21	15	16	5.70553151698331e+01	3.84482733042441e+01	3.00000000000000e-02	0.00000000000000e+00	0.00000000000000e+00
4	21	16	17	3.73801750786563e+01	2.78894091462033e+01	3.00000000000000e-02	0.00000000000000e+00	0.00000000000000e+00
4	21	17	18	5.88227312832990e+01	1.76992978029755e+01	3.00000000000000e-02	0.00000000000000e+00	0.00000000000000e+00
4	21	18	19	3.60224866299155e+01	9.16192408232332e+00	3.00000000000000e-02	0.00000000000000e+00	0.00000000000000e+00
4	21	19	20	2.75635610292894e+01	3.11830386969181e+00	3.00000000000000e-02	0.00000000000000e+00	0.00000000000000e+00
5	21	6	7	7.57659724701263e+01	3.10815631736001e+00	3.00000000000000e-02	0.00000000000000e+00	0.00000000000000e+00
5	21	7	8	8.81172811610604e+01	9.12326007798914e+00	3.00000000000000e-02	0.00000000000000e+00	0.00000000000000e+00
5	21	8	9	4.33815844298278e+01	1.75174378270076e+01	3.00000000000000e-02	0.00000000000000e+00	0.00000000000000e+00
5	21	9	10	6.81786184222391e+01	2.73253329254246e+01	3.00000000000000e-02	0.00000000000000e+00	0.00000000000000e+00
5	21	10	11	9.08705020187272e+01	3.70727506461186e+01	3.00000000000000e-02	0.00000000000000e+00	0.00000000000000e+00
5	21	11	12	6.14320925726779e+01	4.50157491666016e+01	3.00000000000000e-02	0.00000000000000e+00	0.00000000000000e+00
5	21	12	13	3.83605263442325e+01	4.95019883682667e+01	3.00000000000000e-02	0.00000000000000e+00	0.00000000000000e+00
5	21	13	14	9.54495446774620e+01	4.95026603865126e+01	3.00000000000000e-02	0.00000000000000e+00	0.00000000000000e+00
5	21	14	15	8.92444708716453e+01	4.50152182915075e+01	3.00000000000000e-02	0.00000000000000e+00	0.00000000000000e+00
5	21	15	16	5.70778684713945e+01	3.70736619541657e+01	3.00000000000000e-02	0.00000000000000e+00	0.00000000000000e+00
5	21	16	17	3.76142684793919e+01	2.73240363790439e+01	3.00000000000000e-02	0.00000000000000e+00	0.00000000000000e+00
5	21	17	18	5.95110224826156e+01	1.75185448708477e+01	3.00000000000000e-02	0.00000000000000e+00	0.00000000000000e+00
5	21	18	19	3.64113081442871e+01	9.12294312566387e+00	3.00000000000000e-02	0.00000000000000e+00	0.00000000000000e+00
5	21	19	20	5.10642531949265e+01	3.11462355565273e+00	3.00000000000000e-02	0.00000000000000e+00	0.00000000000000e+00
6	21	8	9	3.27923683096943e+01	9.07375478273103e+00	3.00000000000000e-02	0.00000000000000e+00	0.00000000000000e+00
6	21	9	10	5.55908454859683e+01	1.72959828399231e+01	3.00000000000000e-02	0.00000000000000e+00	0.00000000000000e+00
6	21	10	11	7.71137465646072e+01	2.66240894923015e+01	3.00000000000000e-02	0.00000000000000e+00	0.00000000000000e+00
6	21	11	12	5.43889008364901e+01	3.53868630928770e+01	3.00000000000000e-02	0.00000000000000e+00	0.00000000000000e+00
6	21	12	13	3.52239928318010e+01	4.16990160429503e+01	3.00000000000000e-02	0.00000000000000e+00	0.00000000000000e+00
6	21	13	14	8.93795837224934e+01	4.40078896117132e+01	3.00000000000000e-02	0.00000000000000e+00	0.00000000000000e+00
6	21	14	15	8.72340885799020e+01	4.16986957901263e+01	3.00000000000000e-02	0.00000000000000e+00	0.00000000000000e+00
6	21	7	8	6.10672542737669e+01	3.11332536012434e+00	3.00000000000000e-02	0.00000000000000e+00	0.00000000000000e+00
6	21	15	16	5.56382018042462e+01	3.53871801943981e+01	3.00000000000000e-02	0.00000000000000e+00	0.00000000000000e+00
6	21	16	17	3.74629505361876e+01	2.66225247025545e+01	3.00000000000000e-02	0.00000000000000e+00	0.00000000000000e+00
6	21	17	18	5.93992941095586e+01	1.72937806020749e+01	3.00000000000000e-02	0.00000000000000e+00	0.00000000000000e+00
6	21	18	19	3.63781332294340e+01	9.07468243952206e+00	3.00000000000000e-02	0.00000000000000e+00	0.00000000000000e+00
6	21	19	20	5.09338935746944e+01	3.11010591593613e+00	3.00000000000000e-02	0.00000000000000e+00	0.00000000000000e+00
7	21	8	9	3.00792137279660e+01	3.09814875910810e+00	3.00000000000000e-02	0.00000000000000e+00	0.00000000000000e+00
7	21	9	10	3.90135489881996e+01	9.01490848151537e+00	3.00000000000000e-02	0.00000000000000e+00	0.00000000000000e+00
7	21	10	11	6.97949047436681e+01	1.70111567075081e+01	3.00000000000000e-02	0.00000000000000e+00	0.00000000000000e+00
7	21	11	12	5.02774337737376e+01	2.57427710085853e+01	3.00000000000000e-02	0.00000000000000e+00	0.00000000000000e+00
7	21	12	13	3.32271079095318e+01	3.33038399567923e+01	3.00000000000000e-02	0.00000000000000e+00	0.00000000000000e+00
7	21	13	14	8.49199149379871e+01	3.77309489787428e+01	3.00000000000000e-02	0.00000000000000e+00	0.00000000000000e+00
7	21	14	15	8.44717338012056e+01	3.77301342664977e+01	3.00000000000000e-02	0.00000000000000e+00	0.00000000000000e+00
7	21	15	16	5.52806958742681e+01	3.33048341251374e+01	3.00000000000000e-02	0.00000000000000e+00	0.00000000000000e+00
7	21	16	17	3.73156906295585e+01	2.57415275825959e+01	3.00000000000000e-02	0.00000000000000e+00	0.00000000000000e+00
7	21	17	18	5.92497323836898e+01	1.70100948216415e+01	3.00000000000000e-02	0.00000000000000e+00	0.00000000000000e+00
7	21	18	19	3.64952342735665e+01	9.01399556739188e+00	3.00000000000000e-02	0.00000000000000e+00	0.00000000000000e+00
7	21	19	20	5.10469204065995e+01	3.10447730989476e+00	3.00000000000000e-02	0.00000000000000e+00	0.00000000000000e+00
8	21	10	11	8.19127171678384e+01	8.93880620183053e+00	3.00000000000000e-02	0.00000000000000e+00	0.00000000000000e+00
8	21	11	12	5.25252876039531e+01	1.66484797284127e+01	3.00000000000000e-02	0.00000000000000e+00	0.00000000000000e+00
8	21	12	13	3.36174200372924e+01	2.46229153053874e+01	3.00000000000000e-02	0.00000000000000e+00	0.00000000000000e+00
8	21	13	14	8.37767361132466e+01	3.07239126704391e+01	3.00000000000000e-02	0.00000000000000e+00	0.00000000000000e+00
8	21	14	15	8.33539095909685e+01	3.30204727592762e+01	3.00000000000000e-02	0.00000000000000e+00	0.00000000000000e+00
8	21	15	16	5.50225696675157e+01	3.07239328748126e+01	3.00000000000000e-02	0.00000000000000e+00	0.00000000000000e+00
8	21	16	17	3.73075349460139e+01	2.46216976604304e+01	3.00000000000000e-02	0.00000000000000e+00	0.00000000000000e+00
8	21	9	10	7.65782049762923e+01	3.10362428877158e+00	3.00000000000000e-02	0.00000000000000e+00	0.00000000000000e+00
8	21	17	18	6.05219077945794e+01	1.66461047897517e+01	3.00000000000000e-02	0.00000000000000e+00	0.00000000000000e+00
8	21	18	19	3.72446878453330e+01	8.93631585212619e+00	3.00000000000000e-02	0.00000000000000e+00	0.00000000000000e+00
8	21	19	20	5.24014767815539e+01	3.09734349880920e+00	3.00000000000000e-02	0.00000000000000e+00	0.00000000000000e+00
9	21	10	11	5.65908237583646e+01	3.08874900436450e+00	3.00000000000000e-02	0.00000000000000e+00	0.00000000000000e+00
9	21	11	12	3.90283114066107e+01	8.83539186117459e+00	3.00000000000000e-02	0.00000000000000e+00	0.00000000000000e+00
9	21	12	13	2.71607574577301e+01	1.61706789338903e+01	3.00000000000000e-02	0.00000000000000e+00	0.00000000000000e+00
9	21	13	14	7.11231760070236e+01	2.31829408317140e+01	3.00000000000000e-02	0.00000000000000e+00	0.00000000000000e+00
9	21	14	15	7.41734945473745e+01	2.75255944229154e+01	3.00000000000000e-02	0.00000000000000e+00	0.00000000000000e+00
9	21	15	16	5.12122393190007e+01	2.75268022892315e+01	3.00000000000000e-02	0.00000000000000e+00	0.00000000000000e+00
9	21	16	17	3.59099452422348e+01	2.31819148783027e+01	3.00000000000000e-02	0.00000000000000e+00	0.00000000000000e+00
9	21	17	18	5.85275224308561e+01	1.61705040699719e+01	3.00000000000000e-02	0.00000000000000e+00	0.00000000000000e+00
9	21	18	19	3.68646184612402e+01	8.83482162684151e+00	3.00000000000000e-02	0.00000000000000e+00	0.00000000000000e+00
9	21	19	20	5.22979160519197e+01	3.08811918677782e+00	3.00000000000000e-02	0.00000000000000e+00	0.00000000000000e+00
10	21	11	12	2.97789477098127e+01	3.07747255029103e+00	3.00000000000000e-02	0.00000000000000e+00	0.00000000000000e+00
10	21	12	13	2.24006375114203e+01	8.69843219548405e+00	3.00000000000000e-02	0.00000000000000e+00	0.00000000000000e+00
10	21	13	14	6.00748772854718e+01	1.55377179450267e+01	3.00000000000000e-02	0.00000000000000e+00	0.00000000000000e+00
10	21	14	15	6.44170077863998e+01	2.13139731086030e+01	3.00000000000000e-02	0.00000000000000e+00	0.00000000000000e+00
10	21	15	16	4.66064826317297e+01	2.35998919577741e+01	3.00000000000000e-02	0.00000000000000e+00	0.00000000000000e+00
10	21	16	17	3.39967240992350e+01	2.13140260427544e+01	3.00000000000000e-02	0.00000000000000e+00	0.00000000000000e+00
10	21	17	18	5.67664978785267e+01	1.55368006717958e+01	3.00000000000000e-02	0.00000000000000e+00	0.00000000000000e+00
10	21	18	19	3.57776428639074e+01	8.69903274968998e+00	3.00000000000000e-02	0.00000000000000e+00	0.00000000000000e+00
10	21	19	20	5.11640414350346e+01	3.07590817702717e+00	3.00000000000000e-02	0.00000000000000e+00	0.00000000000000e+00
11	21	12	13	2.30166761119686e+01	3.05649707147002e+00	3.00000000000000e-02	0.00000000000000e+00	0.00000000000000e+00
11	21	13	14	5.63341389439537e+01	8.51215744505260e+00	3.00000000000000e-02	0.00000000000000e+00	0.00000000000000e+00
11	21	14	15	5.74482891303183e+01	1.46741923539481e+01	3.00000000000000e-02	0.00000000000000e+00	0.00000000000000e+00
11	21	15	16	4.30345064319128e+01	1.88822370373888e+01	3.00000000000000e-02	0.00000000000000e+00	0.00000000000000e+00
11	21	16	17	3.25231592748040e+01	1.88811504509695e+01	3.00000000000000e-02	0.00000000000000e+00	0.00000000000000e+00
11	21	17	18	5.57856168157908e+01	1.46749030801017e+01	3.00000000000000e-02	0.00000000000000e+00	0.00000000000000e+00
11	21	18	19	3.57579514856762e+01	8.51225765948929e+00	3.00000000000000e-02	0.00000000000000e+00	0.00000000000000e+00
11	21	19	20	5.08155867511992e+01	3.05928169576704e+00	3.00000000000000e-02	0.00000000000000e+00	0.00000000000000e+00
12	21	13	14	4.49910295347062e+01	3.03595486556178e+00	3.00000000000000e-02	0.00000000000000e+00	0.00000000000000e+00
12	21	14	15	4.37999813211163e+01	8.24535423433312e+00	3.00000000000000e-02	0.00000000000000e+00	0.00000000000000e+00
12	21	15	16	3.59145948459471e+01	1.34801894889545e+01	3.00000000000000e-02	0.00000000000000e+00	0.00000000000000e+00
12	21	16	17	2.91779240142375e+01	1.57355315106416e+01	3.00000000000000e-02	0.00000000000000e+00	0.00000000000000e+00
12	21	17	18	5.27993813021769e+01	1.34792017824863e+01	3.00000000000000e-02	0.00000000000000e+00	0.00000000000000e+00
12	21	18	19	3.50992663884854e+01	8.24689181742866e+00	3.00000000000000e-02	0.00000000000000e+00	0.00000000000000e+00
12	21	19	20	5.05500216697904e+01	3.03585500389108e+00	3.00000000000000e-02	0.00000000000000e+00	0.00000000000000e+00
13	21	14	15	2.53844120715915e+01	2.99542999860656e+00	3.00000000000000e-02	0.00000000000000e+00	0.00000000000000e+00
13	21	15	16	2.53949535540901e+01	7.85559948096032e+00	3.00000000000000e-02	0.00000000000000e+00	0.00000000000000e+00
13	21	16	17	2.38762801572551e+01	1.17953572787681e+01	3.00000000000000e-02	0.00000000000000e+00	0.00000000000000e+00
13	21	17	18	4.76982409640035e+01	1.17959256715526e+01	3.00000000000000e-02	0.00000000000000e+00	0.00000000000000e+00
13	21	18	19	3.38007021036573e+01	7.85529410345934e+00	3.00000000000000e-02	0.00000000000000e+00	0.00000000000000e+00
13	21	19	20	5.01133281020455e+01	3.00140915527985e+00	3.00000000000000e-02	0.00000000000000e+00	0.00000000000000e+00
14	21	15	16	2.75457688686549e+01	2.95082441543866e+00	3.00000000000000e-02	0.00000000000000e+00	0.00000000000000e+00
14	21	16	17	2.41196684101541e+01	7.25165837669879e+00	3.00000000000000e-02	0.00000000000000e+00	0.00000000000000e+00
14	21	17	18	4.64990019402587e+01	9.43429570766015e+00	3.00000000000000e-02	0.00000000000000e+00	0.00000000000000e+00
14	21	18	19	3.40308712802310e+01	7.25224536388825e+00	3.00000000000000e-02	0.00000000000000e+00	0.00000000000000e+00
14	21	19	20	5.14852093490109e+01	2.94792465739918e+00	3.00000000000000e-02	0.00000000000000e+00	0.00000000000000e+00
15	21	16	17	2.87466907266189e+01	2.85352445643968e+00	3.00000000000000e-02	0.00000000000000e+00	0.00000000000000e+00
15	21	17	18	4.42618923309591e+01	6.28492411569093e+00	3.00000000000000e-02	0.00000000000000e+00	0.00000000000000e+00
15	21	18	19	3.30241992305042e+01	6.28486480894769e+00	3.00000000000000e-02	0.00000000000000e+00	0.00000000000000e+00
15	21	19	20	5.01853595569923e+01	2.85870133560761e+00	3.00000000000000e-02	0.00000000000000e+00	0.00000000000000e+00
16	21	17	18	4.06093224019984e+01	2.69877801346410e+00	3.00000000000000e-02	0.00000000000000e+00	0.00000000000000e+00
16	21	18	19	3.11910172486569e+01	4.71256657263853e+00	3.00000000000000e-02	0.00000000000000e+00	0.00000000000000e+00
16	21	19	20	4.91585393548830e+01	2.69518401673756e+00	3.00000000000000e-02	0.00000000000000e+00	0.00000000000000e+00
17	21	18	19	2.47049711297173e+01	2.35804208589538e+00	3.00000000000000e-02	0.00000000000000e+00	0.00000000000000e+00
17	21	19	20	4.52723721870943e+01	2.35756768146093e+00	3.00000000000000e-02	0.00000000000000e+00	0.00000000000000e+00
18	21	19	20	4.73837278297983e+01	1.57129732355959e+00	3.00000000000000e-02	0.00000000000000e+00	0.00000000000000e+00
0
