7.223430458942033283e+01
7.489777067467115046e+01
7.239697430768971742e+01
9.886418498449130254e+01
1.048626177600434772e+02
4.423021251113280528e+01
6.624864947866512921e+01
6.178998222481641989e+01
5.982676076535086196e+01
5.720349631655143696e+01
7.693302023802181111e+01
7.866694696648200136e+01
3.363217875143165969e+01
4.940859829757983590e+01
5.275225479373832371e+01
4.883521336896938436e+01
3.192274295341673707e+01
4.948772853421133533e+01
4.659517503052967413e+01
5.000685942363598713e+01
5.045499024505982533e+01
6.906322339491838136e+01
6.966694799370618796e+01
3.094666794637188190e+01
4.659884650306087650e+01
5.165277380894283965e+01
4.144144462946206886e+01
5.854381792978984578e+01
5.010669469278087718e+01
3.997983309221065440e+01
5.683789513097890023e+01
3.953290494564371471e+01
4.374278798310264449e+01
4.834807141465569202e+01
4.583376632785273586e+01
4.018654623309289775e+01
6.620809344988479950e+01
6.099136150633451336e+01
2.766375444029234032e+01
4.211195268164382099e+01
4.781367052254933725e+01
4.482883868859318710e+01
3.929009205220385326e+01
4.755646059139277781e+01
4.210338571319542211e+01
3.735097675717388910e+01
4.574895633204226186e+01
4.404974260593500901e+01
3.408681478173506463e+01
5.037864433548346454e+01
3.610605217205182527e+01
5.133209395321611623e+01
2.372498895752577752e+01
3.603887725948128207e+01
4.190034790904046957e+01
3.712437069552578350e+01
2.319084406307001700e+01
5.019410014376324369e+01
3.558426328169117880e+01
5.605801827559976402e+01
5.310273228109280552e+01
3.774207898832925423e+01
2.605950097749152761e+01
5.633023166603805265e+01
4.021453651571577836e+01
4.017459832696639666e+01
3.674681002593310808e+01
4.709056506069741488e+01
2.884870860058713404e+01
4.344067613564560304e+01
5.196987325212568010e+01
4.191615035305685666e+01
2.744568313161133588e+01
5.727362178532911230e+01
5.595944904118844221e+01
4.059185509859460694e+01
6.619395429988601620e+01
4.237012324783734130e+01
4.711293682637543867e+01
6.195102643220118921e+01
5.981152723356478873e+01
4.250603033936408792e+01
3.257925857758177557e+01
6.774094418589072575e+01
4.930077780502882945e+01
7.497062771989899943e+01
8.741311661685737988e+01
5.294587955458179351e+01
3.551080933589877731e+01
7.045198184441387923e+01
7.709846341167401818e+01
5.066408512701416811e+01
5.646976320489086731e+01
2.880772689394562036e+01
3.866394739981713258e+01
3.798431935638923562e+01
3.448754748384966007e+01
4.975364805446760386e+01
3.357779686099017624e+01
3.849323011654475835e+01
4.115216834063622997e+01
4.194508240069559690e+01
3.103208764836485400e+01
3.500963282801100007e+01
1.745916190333026208e+01
1.265956335221508766e+01
2.442389475943444310e+01
2.716646842123444117e+01
2.048323669325295171e+01
1.822187080383207913e+01
2.256870616220222203e+01
3.870628728489791825e+01
3.262680478865569000e+01
2.448733809703968944e+01
3.309196154183080552e+01
2.991173527934104470e+01
2.726768462391172676e+01
2.983364041156319857e+01
2.072803392503211128e+01
2.332406860274992155e+01
1.652822682844379543e+01
1.410177056489954950e+01
2.713099993203225679e+01
3.135638403609877756e+01
2.456909486084989780e+01
1.852964070398500596e+01
2.464752495218705519e+01
2.465249792586818955e+01
3.137296837695939900e+01
2.722353822823796676e+01
1.603857420837476866e+01
2.153363711857242535e+01
2.106541991794300728e+01
1.941829368784548038e+01
9.369896686595689417e+00
1.852200662436147383e+01
2.289881232892441432e+01
1.906486507000261810e+01
1.483731830539916707e+01
2.222469935075437775e+01
1.962558900244188465e+01
3.181191085998956680e+01
2.190035160279350990e+01
2.606541103331451836e+01
2.291530043084965840e+01
1.773714310564441732e+01
2.338440708247784983e+01
2.445315683007488516e+01
2.968902526095981287e+01
2.521177957507125811e+01
1.939287348491525975e+01
2.785883381203396425e+01
2.162259007211424588e+01
3.581553489539148671e+01
2.111971002047498303e+01
1.421406317782842343e+01
1.669984104603422992e+01
1.565252448926446860e+01
9.284910644596697793e+00
8.750732808919602590e+00
7.081278444701713859e+00
1.032794787119295066e+01
8.409527810258136782e+00
1.190145865658671553e+01
2.433065538713535503e+01
1.641755775628971392e+01
2.424537191824593663e+01
1.860352194318380015e+01
2.499685062268385494e+01
2.099018678237396784e+01
2.987386908549872544e+01
4.402622984863953803e+01
2.726067885258279944e+01
1.368115411551018568e+01
1.856419381265195057e+01
1.720938208829124960e+01
2.576864388463716082e+01
3.821313018725239630e+01
8.329381921163165003e+00
9.199341858018737383e+00
1.480734700442069851e+01
2.210600894862514920e+01
7.336336635867334088e+00
1.284247988745391744e+01
1.866888611127728126e+01
2.723429529752655398e+01
3.810631749664401013e+01
2.128535795495413296e+01
7.110300052569805018e+01
7.047595983643743978e+01
6.738629535839707785e+01
5.293269690268829208e+01
6.904132886938239722e+01
5.560327850470847011e+01
7.039531380651530412e+01
6.904621193511920296e+01
8.433012429492070794e+01
3.005923102026655513e+01
9.469503340474686581e+01
1.026163390217291322e+02
5.290222508220902142e+01
4.245179378607831921e+01
7.956289872215874937e+01
1.048893045278315697e+02
3.136687495433042727e+01
3.072202829073792074e+01
6.452513758725545756e+01
4.003966788448470027e+01
3.890596225138001074e+01
2.497029920507125667e+01
9.310901726081793583e+01
9.339121408939371349e+01
4.282457081194078796e+01
5.085287424409204249e+01
4.848233148606912835e+01
1.143773033008738516e+01
7.260303369521297157e+01
5.458655167829230237e+01
4.585678070335532652e+01
4.608218907971676970e+01
2.575018072957429638e+01
2.629181885405843744e+01
5.373039581312890078e+01
5.917064725637898448e+01
3.929995490973400507e+01
4.773617056963466609e+01
2.601143932397527436e+01
1.816297618683308102e+01
8.734746613970878570e+01
6.813740726555872129e+01
7.775061499335990334e+01
5.094042229199408922e+01
5.991571240697345502e+01
4.359787224588085763e+01
2.660966172959878051e+01
3.309423409534022653e+01
1.711291624834856506e+01
6.034276607167348061e+01
7.363926817123076773e+01
7.151129025212848944e+01
5.179651039687188785e+01
4.481087271381949222e+01
4.005095379308629333e+01
5.230959753105062759e+01
2.898339678972946132e+01
1.330626608368642927e+01
6.649323445176871417e+01
6.155068936566230064e+01
7.659031645864639870e+01
5.437822411358136065e+01
4.916513981424258617e+01
4.363071679639606515e+01
5.160851209736139111e+01
2.045653058064382535e+01
2.389779132672474660e+01
7.759119200144027673e+01
7.830554196623536711e+01
8.968426476972180694e+01
6.746510858582124115e+01
6.492116976733566958e+01
3.768236884069010273e+01
5.290251961954402304e+01
7.120099879350524930e+01
3.610227879775668924e+01
3.424767103887743502e+01
3.140598463764498405e+01
1.765091127521204939e+01
8.077520800318956162e+01
7.861633413374677559e+01
6.760858375941070619e+01
6.172911606704735732e+01
6.481855883313070876e+01
8.158302527021614026e+01
5.169770975880314978e+01
5.554569134321003787e+01
3.903894630597065429e+01
2.817887867531516122e+01
3.237775047812449003e+01
3.023738872634800146e+01
7.110300052569805018e+01
7.677206189752202192e+01
6.959597953202992926e+01
7.959433788112100672e+01
8.872718790059596472e+01
7.061826133730035338e+01
9.530365199158970313e+01
7.650969981629764050e+01
5.260136441784705852e+01
7.975691426110113014e+01
7.979106609895184476e+01
9.925635114152876781e+01
8.428907824934636039e+01
5.454900905015124124e+01
4.418501806985349845e+01
1.049482935987273464e+02
9.847764678971452668e+01
7.386867154285549475e+01
6.979342792213751068e+01
8.063557146820281218e+01
8.060826808210048000e+01
1.078628219634352803e+02
1.065266025243810617e+02
8.650477187074045560e+01
8.866090881721825667e+01
9.043435110258613463e+01
3.175946002000684132e+01
8.099696848820480000e+01
1.096752426201556290e+02
1.117389860754448989e+02
9.542318025556569694e+01
1.033668378374657522e+02
9.278844894958596967e+01
2.589743610159431242e+01
2.136210118029713456e+01
8.121262484074622989e+01
8.137278615888791933e+01
1.109884470679085382e+02
1.156719628749265354e+02
1.029369297288067884e+02
1.187215015476908206e+02
1.108103764174012724e+02
3.286098560563642224e+01
3.026623153656329634e+01
1.598986886395432450e+01
8.157956616954773210e+01
1.122663579302488159e+02
1.192902465870519251e+02
1.099279414480928239e+02
1.339118721967258523e+02
1.327538743214599322e+02
4.280219960399761447e+01
4.415241985008098169e+01
2.840040305303996249e+01
2.836256000273971267e+01
8.163797528978706453e+01
1.128503334567887890e+02
1.211302364278208472e+02
1.137388297123245167e+02
1.428140884945334790e+02
1.451901430333920189e+02
4.878019422834442764e+01
5.304772570021786038e+01
3.576457252058595770e+01
1.067989592006976629e+01
8.167759187078347338e+01
1.132693571712886751e+02
1.224572035724057315e+02
1.165259634983983830e+02
1.495279935289395894e+02
1.549030685976889572e+02
5.371046617718132410e+01
6.069660709066639015e+01
4.125608025730963391e+01
1.335270089700124885e+01
2.688151397937519960e+01
8.174539642455071942e+01
1.137280545758152499e+02
1.237860177112040247e+02
1.192242868930854485e+02
1.559994272315638000e+02
1.652173142822760497e+02
5.923837486503335725e+01
6.980327774820980835e+01
5.032153307692386335e+01
1.757981477086322997e+01
3.194293557612703793e+01
1.944177638974175437e+01
8.181805807136827013e+01
1.141590815271100894e+02
1.249899005286712566e+02
1.216383037847221686e+02
1.618130759691997866e+02
1.750316152658072895e+02
6.473964437187183307e+01
7.939884213936636570e+01
6.246154693394624502e+01
2.366975875055737077e+01
4.435825123692909244e+01
3.061203452874934072e+01
1.220336660799066664e+01
8.185675929735710099e+01
1.144320001626991115e+02
1.257867872659744677e+02
1.232827834432394383e+02
1.658927959318108094e+02
1.819370766884170791e+02
6.878273179893642464e+01
8.680039203834365935e+01
7.245565288086756084e+01
2.910016990199622100e+01
5.581791905655814645e+01
4.193844617248409179e+01
1.970993479175544394e+01
1.186376000709491407e+01
8.190320738204901829e+01
1.147073785366956571e+02
1.265520569953274617e+02
1.248227395916277658e+02
1.696669736136623783e+02
1.885321435990644829e+02
7.269897295711146512e+01
9.415798393199479221e+01
8.365931342306294027e+01
3.536408426445933628e+01
7.040560760121417161e+01
5.681436603148916475e+01
2.966539260638662867e+01
2.067161706054013948e+01
3.491084180729387043e+01
8.193341314284676002e+01
1.149040038267580428e+02
1.271109123904153080e+02
1.259632353356792152e+02
1.725049066082982279e+02
1.934865249422709326e+02
7.571658320448067059e+01
1.000005196738710822e+02
9.296957512437636240e+01
4.084447347742515433e+01
8.315159349208724393e+01
7.012996158035223004e+01
3.872561799571085572e+01
2.814606072418362004e+01
4.993261488284175442e+01
9.084996728186737869e+01
2.568079438006967052e+01
8.194173250346604220e+01
1.150068427536671862e+02
1.274384881128689528e+02
1.266728030698921543e+02
1.743526705992856876e+02
1.966550609018391071e+02
7.773668420862871642e+01
1.040760638501652551e+02
9.961772714513087124e+01
4.505076377693035283e+01
9.272924828941552278e+01
8.048105619352669748e+01
4.599043949537534104e+01
3.398953250202035292e+01
6.128470674272237062e+01
3.640844091801270110e+01
8.666014169235944564e+01
1.016864041479307588e+02
1.059597652134423669e+02
1.513789335648405938e+02
1.741679042177868553e+02
7.114524131951762342e+01
9.791497661158730637e+01
9.300968515844627404e+01
4.461425329513936333e+01
9.217993622924670660e+01
8.056385790480723585e+01
4.619837781857601300e+01
3.406616807468163444e+01
6.129597995242556863e+01
3.431656501358689582e+01
3.642287788752132371e+01
7.400017985079978189e+01
8.214951731102607368e+01
1.231749777161259374e+02
1.455028485707671848e+02
6.217018259402760094e+01
8.873042945908524359e+01
8.716671579797881009e+01
9.180460599782490760e+01
9.049350916209485263e+01
7.996995776547747425e+01
4.616148014780828390e+01
3.404090634632346024e+01
6.121519332229195953e+01
3.431726922582333117e+01
3.642987509117918421e+01
6.120550349802898182e+01
9.683824639763055586e+01
1.170136863141988499e+02
5.295039763138286304e+01
7.893872377201972768e+01
8.075223626404024913e+01
8.607774324082488704e+01
4.200070099176676308e+01
8.847445762067671637e+01
7.926869826617632953e+01
4.613645977658602959e+01
3.402167632031588340e+01
6.112612636076158878e+01
3.432153688462503283e+01
3.643969528779773270e+01
7.660190781254040360e+01
8.986604066222062670e+01
4.354668044508395042e+01
6.828531878902990115e+01
7.337053045416064379e+01
7.905841187263459346e+01
4.013221585940168268e+01
8.570259621828587626e+01
7.818262101729914093e+01
4.601898594121111330e+01
3.396535870671336710e+01
6.099029179762712261e+01
3.431981158009116939e+01
3.644926581487484185e+01
3.399242259696667645e+01
5.644976277929256270e+01
6.450091178801481817e+01
7.008874182775821282e+01
3.746176693363336341e+01
8.158302527021614026e+01
7.628935147619391444e+01
6.448187051703986583e+01
4.564130312786105748e+01
3.380333614121926900e+01
6.074916848781233369e+01
3.429768995138782373e+01
3.645404718926927501e+01
3.060502634769468600e+01
5.022121453671963565e+01
5.997645058824809894e+01
6.241084356027827340e+01
3.544525057322691453e+01
7.811573345576185545e+01
7.501576335504174153e+01
4.566478142643587290e+01
3.381112329555280382e+01
6.060238720435850723e+01
3.431820103008016076e+01
3.647769820932808216e+01
7.299605062545761314e+01
5.906729781620201436e+01
3.546234061934525528e+01
7.669250317231470149e+01
7.527574509664555080e+01
4.653130178627012725e+01
3.416031701422339495e+01
6.644998108084466537e+01
6.064553647580378026e+01
3.441372752401158408e+01
3.653216647638507197e+01
4.813598289607254088e+01
3.954074113384023548e+01
2.763496700286291130e+01
6.386361511925544932e+01
6.727004837141051041e+01
4.382079451301020612e+01
3.305067368289012109e+01
5.955735175877642007e+01
3.421070540839721730e+01
3.648906927309715087e+01
2.454377041206637244e+01
2.138146459504372388e+01
5.175001178865201723e+01
5.916551618196916706e+01
4.107439149990688065e+01
3.188063769141137627e+01
5.830198109991444255e+01
3.400051446536674860e+01
3.645426341785710633e+01
1.359063371964664135e+01
3.672558618938073494e+01
4.786763131578955210e+01
3.667466379065735538e+01
2.993524246435049463e+01
5.630061098537415631e+01
3.363595946978357887e+01
3.638337104902133490e+01
2.883026175686650916e+01
3.990353252455989974e+01
3.339524285532606029e+01
2.817887867531516122e+01
5.398323597641886806e+01
3.326148391315029329e+01
3.633198772876045979e+01
2.040844746143356048e+01
2.311248516067896119e+01
2.289611501056882403e+01
4.853159300799288900e+01
3.208140698604736230e+01
3.605479877267021749e+01
2.381998397043781068e+01
2.124260376461194255e+01
4.381990891621749284e+01
3.123003690205442950e+01
3.594465595947063008e+01
1.665661589144917798e+01
3.538911368995697870e+01
2.935990344284041598e+01
3.563666635474750422e+01
1.994916029378097733e+01
2.431636446534178830e+01
3.444524692537942911e+01
1.583388915974846256e+01
3.173914402194730044e+01
3.023738872634800146e+01
