21
# x y z
14	0	0
14.25	0	0
14.5	0	0
14.75	0	0
15	0	0
15.25	0	0
15.5	0	0
15.75	0	0
16	0	0
16.25	0	0
16.5	0	0
16.75	0	0
17	0	0
17.25	0	0
17.5	0	0
17.75	0	0
18	0	0
18.25	0	0
18.5	0	0
18.75	0	0
19	0	0
543
# a b m n rhoa k err ip iperr
1	2	3	4	9.46012257395285e+01	-4.70987945351810e+00	3.00000000000000e-02	0.00000000000000e+00	0.00000000000000e+00
1	2	4	5	8.33527671034334e+01	-1.88290391530339e+01	3.00000000000000e-02	0.00000000000000e+00	0.00000000000000e+00
1	2	5	6	5.10066056227703e+01	-4.71257962976581e+01	3.00000000000000e-02	0.00000000000000e+00	0.00000000000000e+00
1	2	6	7	9.20345218432071e+01	-9.44655939022823e+01	3.00000000000000e-02	0.00000000000000e+00	0.00000000000000e+00
1	2	7	8	8.85185250234507e+01	-1.65444054275695e+02	3.00000000000000e-02	0.00000000000000e+00	0.00000000000000e+00
1	2	8	9	7.94761643730231e+01	-2.64557222657627e+02	3.00000000000000e-02	0.00000000000000e+00	0.00000000000000e+00
1	2	9	11	9.65354142450664e+01	-2.33159870263498e+02	3.00000000000000e-02	0.00000000000000e+00	0.00000000000000e+00
1	2	11	14	1.02166610335735e+02	-3.34257948044623e+02	3.00000000000000e-02	0.00000000000000e+00	0.00000000000000e+00
2	3	4	5	4.42475391920999e+01	-4.71417604320662e+00	3.00000000000000e-02	0.00000000000000e+00	0.00000000000000e+00
2	3	5	6	3.08629935776228e+01	-1.88302655735003e+01	3.00000000000000e-02	0.00000000000000e+00	0.00000000000000e+00
2	3	6	7	5.84520191487698e+01	-4.71121295629643e+01	3.00000000000000e-02	0.00000000000000e+00	0.00000000000000e+00
2	3	7	8	6.31461193569847e+01	-9.44599808480300e+01	3.00000000000000e-02	0.00000000000000e+00	0.00000000000000e+00
2	3	8	9	3.03339309200080e+01	-1.65433741928490e+02	3.00000000000000e-02	0.00000000000000e+00	0.00000000000000e+00
2	3	9	10	5.23962469906897e+01	-2.64544672833202e+02	3.00000000000000e-02	0.00000000000000e+00	0.00000000000000e+00
2	3	10	12	6.40342220721538e+01	-2.33148451018219e+02	3.00000000000000e-02	0.00000000000000e+00	0.00000000000000e+00
2	3	12	15	6.66978138704419e+01	-3.34249486934987e+02	3.00000000000000e-02	0.00000000000000e+00	0.00000000000000e+00
2	4	8	9	2.90029714094662e+01	-6.01266082934420e+01	3.00000000000000e-02	0.00000000000000e+00	0.00000000000000e+00
2	4	9	11	6.31322938603604e+01	-6.20062601755720e+01	3.00000000000000e-02	0.00000000000000e+00	0.00000000000000e+00
2	4	11	14	6.54989039803361e+01	-1.04259599573302e+02	3.00000000000000e-02	0.00000000000000e+00	0.00000000000000e+00
2	4	14	18	1.01841635029800e+02	-2.03011302647835e+02	3.00000000000000e-02	0.00000000000000e+00	0.00000000000000e+00
3	4	5	6	4.07064157351767e+01	-4.71903729830474e+00	3.00000000000000e-02	0.00000000000000e+00	0.00000000000000e+00
3	4	6	7	7.68816420101843e+01	-1.88193697335247e+01	3.00000000000000e-02	0.00000000000000e+00	0.00000000000000e+00
3	4	7	8	7.67912628422230e+01	-4.71109151736634e+01	3.00000000000000e-02	0.00000000000000e+00	0.00000000000000e+00
3	4	8	9	3.53242748938774e+01	-9.44567519416572e+01	3.00000000000000e-02	0.00000000000000e+00	0.00000000000000e+00
3	4	9	10	6.32351878752186e+01	-1.65429741621195e+02	3.00000000000000e-02	0.00000000000000e+00	0.00000000000000e+00
3	4	10	11	8.00698077591861e+01	-2.64537043399728e+02	3.00000000000000e-02	0.00000000000000e+00	0.00000000000000e+00
3	4	11	13	7.53923027699889e+01	-2.33143468285815e+02	3.00000000000000e-02	0.00000000000000e+00	0.00000000000000e+00
3	4	13	16	8.57707008009193e+01	-3.34244053454136e+02	3.00000000000000e-02	0.00000000000000e+00	0.00000000000000e+00
2	5	10	11	7.94535725941640e+01	-8.09883834489042e+01	3.00000000000000e-02	0.00000000000000e+00	0.00000000000000e+00
2	5	11	13	7.40110546463722e+01	-7.32913337489574e+01	3.00000000000000e-02	0.00000000000000e+00	0.00000000000000e+00
2	5	13	16	8.27077103406647e+01	-1.07551869551438e+02	3.00000000000000e-02	0.00000000000000e+00	0.00000000000000e+00
2	5	16	20	1.12428501504831e+02	-1.87688331891801e+02	3.00000000000000e-02	0.00000000000000e+00	0.00000000000000e+00
3	5	9	10	6.75139893444875e+01	-6.01257385869260e+01	3.00000000000000e-02	0.00000000000000e+00	0.00000000000000e+00
3	5	10	12	7.83030920849810e+01	-6.20045706451871e+01	3.00000000000000e-02	0.00000000000000e+00	0.00000000000000e+00
3	5	12	15	7.80667515172738e+01	-1.04259292200292e+02	3.00000000000000e-02	0.00000000000000e+00	0.00000000000000e+00
3	5	15	19	1.16906939886732e+02	-2.03011018010700e+02	3.00000000000000e-02	0.00000000000000e+00	0.00000000000000e+00
4	5	6	7	1.13930526612303e+02	-4.70505385666866e+00	3.00000000000000e-02	0.00000000000000e+00	0.00000000000000e+00
4	5	7	8	8.25635238261953e+01	-1.88195271217098e+01	3.00000000000000e-02	0.00000000000000e+00	0.00000000000000e+00
4	5	8	9	3.56398194958033e+01	-4.71099654416824e+01	3.00000000000000e-02	0.00000000000000e+00	0.00000000000000e+00
4	5	9	10	7.00654102242055e+01	-9.44559096768788e+01	3.00000000000000e-02	0.00000000000000e+00	0.00000000000000e+00
4	5	10	11	8.47497119881446e+01	-1.65426297674937e+02	3.00000000000000e-02	0.00000000000000e+00	0.00000000000000e+00
4	5	11	12	7.30828443147088e+01	-2.64529343280097e+02	3.00000000000000e-02	0.00000000000000e+00	0.00000000000000e+00
4	5	12	14	7.67924332874200e+01	-2.33144491835860e+02	3.00000000000000e-02	0.00000000000000e+00	0.00000000000000e+00
4	5	14	17	1.17496972540939e+02	-3.34243559006003e+02	3.00000000000000e-02	0.00000000000000e+00	0.00000000000000e+00
3	6	11	12	5.35616980198739e+01	-8.09889195971154e+01	3.00000000000000e-02	0.00000000000000e+00	0.00000000000000e+00
3	6	12	14	5.77235224232361e+01	-7.32931960628720e+01	3.00000000000000e-02	0.00000000000000e+00	0.00000000000000e+00
3	6	14	17	9.00129464276352e+01	-1.07552757707299e+02	3.00000000000000e-02	0.00000000000000e+00	0.00000000000000e+00
4	6	10	11	5.78331661726393e+01	-6.01290746292063e+01	3.00000000000000e-02	0.00000000000000e+00	0.00000000000000e+00
4	6	11	13	5.48768470020803e+01	-6.20064755768586e+01	3.00000000000000e-02	0.00000000000000e+00	0.00000000000000e+00
4	6	13	16	6.13283841858822e+01	-1.04260432159032e+02	3.00000000000000e-02	0.00000000000000e+00	0.00000000000000e+00
4	6	16	20	8.49296303628067e+01	-2.03014345555696e+02	3.00000000000000e-02	0.00000000000000e+00	0.00000000000000e+00
5	6	7	8	3.88024367652356e+01	-4.72033604312700e+00	3.00000000000000e-02	0.00000000000000e+00	0.00000000000000e+00
5	6	9	10	3.55913864163406e+01	-4.71209997581692e+01	3.00000000000000e-02	0.00000000000000e+00	0.00000000000000e+00
5	6	10	11	4.27316465329889e+01	-9.44652661372620e+01	3.00000000000000e-02	0.00000000000000e+00	0.00000000000000e+00
5	6	11	12	3.80490235317481e+01	-1.65434133488763e+02	3.00000000000000e-02	0.00000000000000e+00	0.00000000000000e+00
5	6	12	13	4.35283610712811e+01	-2.64548986077873e+02	3.00000000000000e-02	0.00000000000000e+00	0.00000000000000e+00
5	6	13	15	3.79820935992245e+01	-2.33150573324972e+02	3.00000000000000e-02	0.00000000000000e+00	0.00000000000000e+00
5	6	15	18	6.34928717008891e+01	-3.34250414311152e+02	3.00000000000000e-02	0.00000000000000e+00	0.00000000000000e+00
2	7	13	14	5.41583991017067e+01	-9.69064512003742e+01	3.00000000000000e-02	0.00000000000000e+00	0.00000000000000e+00
2	7	14	16	9.09628311356315e+01	-7.92228038352812e+01	3.00000000000000e-02	0.00000000000000e+00	0.00000000000000e+00
2	7	16	19	9.67501790516967e+01	-1.03541796082111e+02	3.00000000000000e-02	0.00000000000000e+00	0.00000000000000e+00
4	7	12	13	7.46012763152091e+01	-8.09900113831458e+01	3.00000000000000e-02	0.00000000000000e+00	0.00000000000000e+00
4	7	13	15	6.19041041397795e+01	-7.32920811200507e+01	3.00000000000000e-02	0.00000000000000e+00	0.00000000000000e+00
4	7	15	18	1.04951503935369e+02	-1.07552444705686e+02	3.00000000000000e-02	0.00000000000000e+00	0.00000000000000e+00
5	7	11	12	5.95945114643603e+01	-6.01260255300459e+01	3.00000000000000e-02	0.00000000000000e+00	0.00000000000000e+00
5	7	12	14	6.37196915295628e+01	-6.20064532269035e+01	3.00000000000000e-02	0.00000000000000e+00	0.00000000000000e+00
5	7	14	17	9.30733427226471e+01	-1.04260026529115e+02	3.00000000000000e-02	0.00000000000000e+00	0.00000000000000e+00
6	7	8	9	2.48693056227228e+01	-4.70786665834790e+00	3.00000000000000e-02	0.00000000000000e+00	0.00000000000000e+00
6	7	9	10	5.81375156318437e+01	-1.88246601384691e+01	3.00000000000000e-02	0.00000000000000e+00	0.00000000000000e+00
6	7	10	11	8.44231583829176e+01	-4.71135036820586e+01	3.00000000000000e-02	0.00000000000000e+00	0.00000000000000e+00
6	7	11	12	7.20264243297228e+01	-9.44551860867709e+01	3.00000000000000e-02	0.00000000000000e+00	0.00000000000000e+00
6	7	12	13	8.92095912431147e+01	-1.65429953404792e+02	3.00000000000000e-02	0.00000000000000e+00	0.00000000000000e+00
6	7	13	14	6.24778258262774e+01	-2.64534786291292e+02	3.00000000000000e-02	0.00000000000000e+00	0.00000000000000e+00
6	7	14	16	1.06502817464330e+02	-2.33143140550576e+02	3.00000000000000e-02	0.00000000000000e+00	0.00000000000000e+00
6	7	16	19	1.12532858266281e+02	-3.34246748405831e+02	3.00000000000000e-02	0.00000000000000e+00	0.00000000000000e+00
2	9	16	17	1.29621506783888e+02	-1.20044367170987e+02	3.00000000000000e-02	0.00000000000000e+00	0.00000000000000e+00
2	9	17	19	6.58360352640347e+01	-9.15821621925883e+01	3.00000000000000e-02	0.00000000000000e+00	0.00000000000000e+00
4	9	15	16	1.09866227293647e+02	-9.69051618907579e+01	3.00000000000000e-02	0.00000000000000e+00	0.00000000000000e+00
4	9	16	18	1.04641520290939e+02	-7.92228642850733e+01	3.00000000000000e-02	0.00000000000000e+00	0.00000000000000e+00
6	9	14	15	7.98825309421034e+01	-8.09878531620592e+01	3.00000000000000e-02	0.00000000000000e+00	0.00000000000000e+00
6	9	15	17	1.25434895312218e+02	-7.32915921074046e+01	3.00000000000000e-02	0.00000000000000e+00	0.00000000000000e+00
6	9	17	20	8.74376343010997e+01	-1.07552408372069e+02	3.00000000000000e-02	0.00000000000000e+00	0.00000000000000e+00
7	9	13	14	5.53967092259891e+01	-6.01249340388003e+01	3.00000000000000e-02	0.00000000000000e+00	0.00000000000000e+00
7	9	14	16	9.06894116769403e+01	-6.20047665674887e+01	3.00000000000000e-02	0.00000000000000e+00	0.00000000000000e+00
7	9	16	19	9.80215271517051e+01	-1.04259254063043e+02	3.00000000000000e-02	0.00000000000000e+00	0.00000000000000e+00
3	10	17	18	6.30606798661567e+01	-1.20040355408052e+02	3.00000000000000e-02	0.00000000000000e+00	0.00000000000000e+00
3	10	18	20	8.94234977689241e+01	-9.15839634671133e+01	3.00000000000000e-02	0.00000000000000e+00	0.00000000000000e+00
5	10	16	17	1.23317969613455e+02	-9.69069495760092e+01	3.00000000000000e-02	0.00000000000000e+00	0.00000000000000e+00
5	10	17	19	6.29762617739458e+01	-7.92219008773621e+01	3.00000000000000e-02	0.00000000000000e+00	0.00000000000000e+00
7	10	15	16	1.01659921370848e+02	-8.09871431981009e+01	3.00000000000000e-02	0.00000000000000e+00	0.00000000000000e+00
7	10	16	18	9.70661448072779e+01	-7.32912093924584e+01	3.00000000000000e-02	0.00000000000000e+00	0.00000000000000e+00
9	10	11	12	3.89976165417792e+01	-4.71128524972899e+00	3.00000000000000e-02	0.00000000000000e+00	0.00000000000000e+00
9	10	12	13	5.71940314124813e+01	-1.88260878507980e+01	3.00000000000000e-02	0.00000000000000e+00	0.00000000000000e+00
9	10	13	14	4.49896442162061e+01	-4.71091311351057e+01	3.00000000000000e-02	0.00000000000000e+00	0.00000000000000e+00
9	10	14	15	6.61450150729364e+01	-9.44550966369686e+01	3.00000000000000e-02	0.00000000000000e+00	0.00000000000000e+00
9	10	15	16	9.26690136975837e+01	-1.65425141421675e+02	3.00000000000000e-02	0.00000000000000e+00	0.00000000000000e+00
9	10	16	17	1.08924419012196e+02	-2.64538252331363e+02	3.00000000000000e-02	0.00000000000000e+00	0.00000000000000e+00
9	10	17	19	5.64999458999134e+01	-2.33138483979093e+02	3.00000000000000e-02	0.00000000000000e+00	0.00000000000000e+00
4	11	18	19	6.67486342184337e+01	-1.20043080104873e+02	3.00000000000000e-02	0.00000000000000e+00	0.00000000000000e+00
6	11	17	18	6.62703844035920e+01	-9.69019688862582e+01	3.00000000000000e-02	0.00000000000000e+00	0.00000000000000e+00
6	11	18	20	9.37169179903250e+01	-7.92237290059724e+01	3.00000000000000e-02	0.00000000000000e+00	0.00000000000000e+00
9	11	15	16	1.05866795316813e+02	-6.01252834366856e+01	3.00000000000000e-02	0.00000000000000e+00	0.00000000000000e+00
9	11	16	18	9.89250651392337e+01	-6.20044909832547e+01	3.00000000000000e-02	0.00000000000000e+00	0.00000000000000e+00
10	11	12	13	6.74855240338778e+01	-4.72227249745487e+00	3.00000000000000e-02	0.00000000000000e+00	0.00000000000000e+00
10	11	13	14	6.01754990979199e+01	-1.88212532482758e+01	3.00000000000000e-02	0.00000000000000e+00	0.00000000000000e+00
10	11	14	15	8.74064166884246e+01	-4.71125047504808e+01	3.00000000000000e-02	0.00000000000000e+00	0.00000000000000e+00
10	11	15	16	1.19602438626577e+02	-9.44562861324074e+01	3.00000000000000e-02	0.00000000000000e+00	0.00000000000000e+00
10	11	16	17	1.39121568164937e+02	-1.65431062643510e+02	3.00000000000000e-02	0.00000000000000e+00	0.00000000000000e+00
10	11	17	18	6.88973234541451e+01	-2.64519674478984e+02	3.00000000000000e-02	0.00000000000000e+00	0.00000000000000e+00
10	11	18	20	9.82499840326531e+01	-2.33145276304257e+02	3.00000000000000e-02	0.00000000000000e+00	0.00000000000000e+00
5	12	19	20	1.17083390471184e+02	-1.20045390434772e+02	3.00000000000000e-02	0.00000000000000e+00	0.00000000000000e+00
7	12	18	19	6.54205312346442e+01	-9.69035138490679e+01	3.00000000000000e-02	0.00000000000000e+00	0.00000000000000e+00
9	12	17	18	5.96616838379834e+01	-8.09808695058262e+01	3.00000000000000e-02	0.00000000000000e+00	0.00000000000000e+00
9	12	18	20	8.42850169296668e+01	-7.32906817589993e+01	3.00000000000000e-02	0.00000000000000e+00	0.00000000000000e+00
10	12	16	17	1.21458104964153e+02	-6.01256911711736e+01	3.00000000000000e-02	0.00000000000000e+00	0.00000000000000e+00
10	12	17	19	6.25923958046283e+01	-6.20002930064170e+01	3.00000000000000e-02	0.00000000000000e+00	0.00000000000000e+00
11	12	13	14	4.06922119787317e+01	-4.70245903382741e+00	3.00000000000000e-02	0.00000000000000e+00	0.00000000000000e+00
11	12	14	15	6.91168392002770e+01	-1.88198497502490e+01	3.00000000000000e-02	0.00000000000000e+00	0.00000000000000e+00
11	12	15	16	9.75506355497311e+01	-4.71092974698445e+01	3.00000000000000e-02	0.00000000000000e+00	0.00000000000000e+00
11	12	16	17	1.11922047537200e+02	-9.44553619967592e+01	3.00000000000000e-02	0.00000000000000e+00	0.00000000000000e+00
11	12	17	18	5.60170109734755e+01	-1.65406350777840e+02	3.00000000000000e-02	0.00000000000000e+00	0.00000000000000e+00
11	12	18	19	6.00034391724124e+01	-2.64519942216340e+02	3.00000000000000e-02	0.00000000000000e+00	0.00000000000000e+00
11	12	19	21	1.06643539423284e+02	-2.33119485998395e+02	3.00000000000000e-02	0.00000000000000e+00	0.00000000000000e+00
10	13	18	19	6.86472921124517e+01	-8.09872363238859e+01	3.00000000000000e-02	0.00000000000000e+00	0.00000000000000e+00
11	13	17	18	6.55491915847997e+01	-6.01219804129250e+01	3.00000000000000e-02	0.00000000000000e+00	0.00000000000000e+00
11	13	18	20	9.01876199983078e+01	-6.20055001329023e+01	3.00000000000000e-02	0.00000000000000e+00	0.00000000000000e+00
12	13	14	15	8.08873252506131e+01	-4.71896605491036e+00	3.00000000000000e-02	0.00000000000000e+00	0.00000000000000e+00
12	13	15	16	1.16415327446143e+02	-1.88322816974231e+01	3.00000000000000e-02	0.00000000000000e+00	0.00000000000000e+00
12	13	16	17	1.38411319323363e+02	-4.71264476657847e+01	3.00000000000000e-02	0.00000000000000e+00	0.00000000000000e+00
12	13	17	18	7.17901498658534e+01	-9.44542608477491e+01	3.00000000000000e-02	0.00000000000000e+00	0.00000000000000e+00
12	13	18	19	7.68510523639494e+01	-1.65430818928276e+02	3.00000000000000e-02	0.00000000000000e+00	0.00000000000000e+00
12	13	19	20	1.34778421708928e+02	-2.64550489946116e+02	3.00000000000000e-02	0.00000000000000e+00	0.00000000000000e+00
11	14	19	20	1.03017338427903e+02	-8.09903837574021e+01	3.00000000000000e-02	0.00000000000000e+00	0.00000000000000e+00
12	14	18	19	6.02330022364988e+01	-6.01247776367527e+01	3.00000000000000e-02	0.00000000000000e+00	0.00000000000000e+00
13	14	15	16	6.56262414860118e+01	-4.71818950665831e+00	3.00000000000000e-02	0.00000000000000e+00	0.00000000000000e+00
13	14	16	17	7.83520099782441e+01	-1.88327616697018e+01	3.00000000000000e-02	0.00000000000000e+00	0.00000000000000e+00
13	14	17	18	4.38073411965098e+01	-4.71066433931206e+01	3.00000000000000e-02	0.00000000000000e+00	0.00000000000000e+00
13	14	18	19	5.13493806180136e+01	-9.44531869239410e+01	3.00000000000000e-02	0.00000000000000e+00	0.00000000000000e+00
13	14	19	20	8.72516946775213e+01	-1.65431459006068e+02	3.00000000000000e-02	0.00000000000000e+00	0.00000000000000e+00
13	14	20	21	8.66967246761140e+01	-2.64436989257761e+02	3.00000000000000e-02	0.00000000000000e+00	0.00000000000000e+00
13	15	19	20	1.06658248013638e+02	-6.01270931594236e+01	3.00000000000000e-02	0.00000000000000e+00	0.00000000000000e+00
14	15	16	17	7.36691510120854e+01	-4.72301726591947e+00	3.00000000000000e-02	0.00000000000000e+00	0.00000000000000e+00
14	15	17	18	5.19912336410235e+01	-1.88185849082162e+01	3.00000000000000e-02	0.00000000000000e+00	0.00000000000000e+00
14	15	18	19	6.75211606917156e+01	-4.71105255131454e+01	3.00000000000000e-02	0.00000000000000e+00	0.00000000000000e+00
14	15	19	20	1.22765129310256e+02	-9.44586928299153e+01	3.00000000000000e-02	0.00000000000000e+00	0.00000000000000e+00
14	15	20	21	1.16687684560090e+02	-1.65345582610794e+02	3.00000000000000e-02	0.00000000000000e+00	0.00000000000000e+00
15	16	17	18	5.01067432510629e+01	-4.70326868392496e+00	3.00000000000000e-02	0.00000000000000e+00	0.00000000000000e+00
15	16	18	19	7.98476868438092e+01	-1.88240102889833e+01	3.00000000000000e-02	0.00000000000000e+00	0.00000000000000e+00
15	16	19	20	1.65154924740090e+02	-4.71185974511611e+01	3.00000000000000e-02	0.00000000000000e+00	0.00000000000000e+00
15	16	20	21	1.57449254660198e+02	-9.43996970203237e+01	3.00000000000000e-02	0.00000000000000e+00	0.00000000000000e+00
16	17	18	19	8.51416845539905e+01	-4.72631253630376e+00	3.00000000000000e-02	0.00000000000000e+00	0.00000000000000e+00
16	17	19	20	1.77889840963291e+02	-1.88406304042326e+01	3.00000000000000e-02	0.00000000000000e+00	0.00000000000000e+00
16	17	20	21	1.64797926653156e+02	-4.70860636221743e+01	3.00000000000000e-02	0.00000000000000e+00	0.00000000000000e+00
17	18	19	20	7.73509375369656e+01	-4.72458694948483e+00	3.00000000000000e-02	0.00000000000000e+00	0.00000000000000e+00
17	18	20	21	6.67654007402334e+01	-1.88020176853742e+01	3.00000000000000e-02	0.00000000000000e+00	0.00000000000000e+00
18	19	20	21	4.28244796349706e+01	-4.69788679024524e+00	3.00000000000000e-02	0.00000000000000e+00	0.00000000000000e+00
1	4	2	3	4.30686672931283e+01	1.57207293348792e+00	3.00000000000000e-02	0.00000000000000e+00	0.00000000000000e+00
1	5	2	3	4.34670157488857e+01	2.35862042155764e+00	3.00000000000000e-02	0.00000000000000e+00	0.00000000000000e+00
1	5	3	4	5.58669081132547e+01	2.35736292035726e+00	3.00000000000000e-02	0.00000000000000e+00	0.00000000000000e+00
1	6	2	3	4.57577311795318e+01	2.69635780247326e+00	3.00000000000000e-02	0.00000000000000e+00	0.00000000000000e+00
1	6	3	4	7.12145188485143e+01	4.71042225409361e+00	3.00000000000000e-02	0.00000000000000e+00	0.00000000000000e+00
1	6	4	5	9.70934592026175e+01	2.69044893351892e+00	3.00000000000000e-02	0.00000000000000e+00	0.00000000000000e+00
1	7	2	3	4.46067101701308e+01	2.86004617511178e+00	3.00000000000000e-02	0.00000000000000e+00	0.00000000000000e+00
1	7	3	4	6.78883212015033e+01	6.28304684882030e+00	3.00000000000000e-02	0.00000000000000e+00	0.00000000000000e+00
1	7	4	5	7.30974773132037e+01	6.28346877611716e+00	3.00000000000000e-02	0.00000000000000e+00	0.00000000000000e+00
1	7	5	6	3.17781841508504e+01	2.85934461218039e+00	3.00000000000000e-02	0.00000000000000e+00	0.00000000000000e+00
1	9	2	3	4.54038657279266e+01	3.00288131215578e+00	3.00000000000000e-02	0.00000000000000e+00	0.00000000000000e+00
1	9	3	4	7.10407437519347e+01	7.85267802388881e+00	3.00000000000000e-02	0.00000000000000e+00	0.00000000000000e+00
1	9	4	5	7.84264499573423e+01	1.17946039774327e+01	3.00000000000000e-02	0.00000000000000e+00	0.00000000000000e+00
1	9	5	6	4.39541344451602e+01	1.17963158284315e+01	3.00000000000000e-02	0.00000000000000e+00	0.00000000000000e+00
1	9	6	7	8.37274519601947e+01	7.85479970356630e+00	3.00000000000000e-02	0.00000000000000e+00	0.00000000000000e+00
1	9	7	8	9.24525012739877e+01	2.99987349520383e+00	3.00000000000000e-02	0.00000000000000e+00	0.00000000000000e+00
1	10	2	3	4.43478679336621e+01	3.03735877031821e+00	3.00000000000000e-02	0.00000000000000e+00	0.00000000000000e+00
1	10	3	4	6.97527949067097e+01	8.24400751524456e+00	3.00000000000000e-02	0.00000000000000e+00	0.00000000000000e+00
1	10	4	5	7.74348665924350e+01	1.34775278292562e+01	3.00000000000000e-02	0.00000000000000e+00	0.00000000000000e+00
1	10	5	6	4.52235690159443e+01	1.57355744896239e+01	3.00000000000000e-02	0.00000000000000e+00	0.00000000000000e+00
1	10	6	7	9.22554640864583e+01	1.34791081210956e+01	3.00000000000000e-02	0.00000000000000e+00	0.00000000000000e+00
1	10	7	8	1.12071809409086e+02	8.24700203166338e+00	3.00000000000000e-02	0.00000000000000e+00	0.00000000000000e+00
1	10	8	9	5.37465779707114e+01	3.03431837647767e+00	3.00000000000000e-02	0.00000000000000e+00	0.00000000000000e+00
1	11	2	3	4.53930034587598e+01	3.06080776369888e+00	3.00000000000000e-02	0.00000000000000e+00	0.00000000000000e+00
1	11	3	4	7.12936277903561e+01	8.50918701837410e+00	3.00000000000000e-02	0.00000000000000e+00	0.00000000000000e+00
1	11	4	5	7.88377896320300e+01	1.46729554498474e+01	3.00000000000000e-02	0.00000000000000e+00	0.00000000000000e+00
1	11	5	6	4.68522535269133e+01	1.88806179838458e+01	3.00000000000000e-02	0.00000000000000e+00	0.00000000000000e+00
1	11	6	7	9.79111148567019e+01	1.88809104341735e+01	3.00000000000000e-02	0.00000000000000e+00	0.00000000000000e+00
1	11	7	8	1.14894270873720e+02	1.46754533298234e+01	3.00000000000000e-02	0.00000000000000e+00	0.00000000000000e+00
1	11	8	9	5.88381267893481e+01	8.51185705720343e+00	3.00000000000000e-02	0.00000000000000e+00	0.00000000000000e+00
1	11	9	10	5.07369335892043e+01	3.05609198882082e+00	3.00000000000000e-02	0.00000000000000e+00	0.00000000000000e+00
1	12	3	4	3.45992219066772e+01	8.69582814713804e+00	3.00000000000000e-02	0.00000000000000e+00	0.00000000000000e+00
1	12	4	5	7.58124262974796e+01	1.55346329258680e+01	3.00000000000000e-02	0.00000000000000e+00	0.00000000000000e+00
1	12	5	6	4.59960645719569e+01	2.13130245639524e+01	3.00000000000000e-02	0.00000000000000e+00	0.00000000000000e+00
1	12	6	7	9.99294031139051e+01	2.35979755432325e+01	3.00000000000000e-02	0.00000000000000e+00	0.00000000000000e+00
1	12	7	8	1.22918752784201e+02	2.13145282186618e+01	3.00000000000000e-02	0.00000000000000e+00	0.00000000000000e+00
1	12	8	9	6.63187112025823e+01	1.55372451785066e+01	3.00000000000000e-02	0.00000000000000e+00	0.00000000000000e+00
1	12	9	10	6.75773242010773e+01	8.69875527456322e+00	3.00000000000000e-02	0.00000000000000e+00	0.00000000000000e+00
1	12	2	3	4.31409318816112e+01	3.07745048519169e+00	3.00000000000000e-02	0.00000000000000e+00	0.00000000000000e+00
1	12	10	11	7.41522803492255e+01	3.07724116484316e+00	3.00000000000000e-02	0.00000000000000e+00	0.00000000000000e+00
1	13	2	3	3.25478563223499e+01	3.08967348138953e+00	3.00000000000000e-02	0.00000000000000e+00	0.00000000000000e+00
1	13	3	4	2.14593488154933e+01	8.83151655465473e+00	3.00000000000000e-02	0.00000000000000e+00	0.00000000000000e+00
1	13	4	5	7.26411048385656e+01	1.61681571471484e+01	3.00000000000000e-02	0.00000000000000e+00	0.00000000000000e+00
1	13	5	6	4.45200665372162e+01	2.31805322023640e+01	3.00000000000000e-02	0.00000000000000e+00	0.00000000000000e+00
1	13	6	7	9.82096552840943e+01	2.75242019001867e+01	3.00000000000000e-02	0.00000000000000e+00	0.00000000000000e+00
1	13	7	8	1.23243512588920e+02	2.75254414551441e+01	3.00000000000000e-02	0.00000000000000e+00	0.00000000000000e+00
1	13	8	9	6.90403863989171e+01	2.31821509178177e+01	3.00000000000000e-02	0.00000000000000e+00	0.00000000000000e+00
1	13	9	10	7.42425812527580e+01	1.61704505859533e+01	3.00000000000000e-02	0.00000000000000e+00	0.00000000000000e+00
1	13	10	11	9.27405768169016e+01	8.83361370248429e+00	3.00000000000000e-02	0.00000000000000e+00	0.00000000000000e+00
1	13	11	12	5.89747349053307e+01	3.08090768495093e+00	3.00000000000000e-02	0.00000000000000e+00	0.00000000000000e+00
1	14	2	3	2.89156831155216e+01	3.09890687375444e+00	3.00000000000000e-02	0.00000000000000e+00	0.00000000000000e+00
1	14	3	4	1.99972656077490e+01	8.93293380137094e+00	3.00000000000000e-02	0.00000000000000e+00	0.00000000000000e+00
1	14	4	5	7.54381708458194e+01	1.66436121851270e+01	3.00000000000000e-02	0.00000000000000e+00	0.00000000000000e+00
1	14	5	6	4.67474665148557e+01	2.46199975325242e+01	3.00000000000000e-02	0.00000000000000e+00	0.00000000000000e+00
1	14	6	7	1.05670591333137e+02	3.07206063653650e+01	3.00000000000000e-02	0.00000000000000e+00	0.00000000000000e+00
1	14	7	8	1.38892189281499e+02	3.30194893177489e+01	3.00000000000000e-02	0.00000000000000e+00	0.00000000000000e+00
1	14	8	9	7.93908169921082e+01	3.07224547496094e+01	3.00000000000000e-02	0.00000000000000e+00	0.00000000000000e+00
1	14	9	10	9.36595863885019e+01	2.46221190964231e+01	3.00000000000000e-02	0.00000000000000e+00	0.00000000000000e+00
1	14	10	11	1.18939556477051e+02	1.66465439436041e+01	3.00000000000000e-02	0.00000000000000e+00	0.00000000000000e+00
1	14	11	12	9.09225144186675e+01	8.93455651930109e+00	3.00000000000000e-02	0.00000000000000e+00	0.00000000000000e+00
1	14	12	13	9.82166459574966e+01	3.09763288729607e+00	3.00000000000000e-02	0.00000000000000e+00	0.00000000000000e+00
1	15	2	3	2.75952176634139e+01	3.10604801290066e+00	3.00000000000000e-02	0.00000000000000e+00	0.00000000000000e+00
1	15	3	4	1.97564577064640e+01	9.01055724347188e+00	3.00000000000000e-02	0.00000000000000e+00	0.00000000000000e+00
1	15	4	5	7.51376279434698e+01	1.70075053460731e+01	3.00000000000000e-02	0.00000000000000e+00	0.00000000000000e+00
1	15	5	6	4.68579946033922e+01	2.57396452563595e+01	3.00000000000000e-02	0.00000000000000e+00	0.00000000000000e+00
1	15	6	7	1.07410500130805e+02	3.33010380384708e+01	3.00000000000000e-02	0.00000000000000e+00	0.00000000000000e+00
1	15	7	8	1.42562761137935e+02	3.77287901768198e+01	3.00000000000000e-02	0.00000000000000e+00	0.00000000000000e+00
1	15	8	9	8.49648656579908e+01	3.77294636461692e+01	3.00000000000000e-02	0.00000000000000e+00	0.00000000000000e+00
1	15	9	10	1.03647578038332e+02	3.33035296584523e+01	3.00000000000000e-02	0.00000000000000e+00	0.00000000000000e+00
1	15	10	11	1.30323154943889e+02	2.57421843871444e+01	3.00000000000000e-02	0.00000000000000e+00	0.00000000000000e+00
1	15	11	12	1.02265050295314e+02	1.70098152224696e+01	3.00000000000000e-02	0.00000000000000e+00	0.00000000000000e+00
1	15	12	13	1.20564760264865e+02	9.01580547274762e+00	3.00000000000000e-02	0.00000000000000e+00	0.00000000000000e+00
1	15	13	14	6.74699944656357e+01	3.10435237257917e+00	3.00000000000000e-02	0.00000000000000e+00	0.00000000000000e+00
1	16	2	3	2.34763677206017e+01	3.11168237380715e+00	3.00000000000000e-02	0.00000000000000e+00	0.00000000000000e+00
1	16	3	4	1.88344398486910e+01	9.07119903707622e+00	3.00000000000000e-02	0.00000000000000e+00	0.00000000000000e+00
1	16	4	5	7.09557963974738e+01	1.72911093667691e+01	3.00000000000000e-02	0.00000000000000e+00	0.00000000000000e+00
1	16	5	6	4.43257640584055e+01	2.66204816878299e+01	3.00000000000000e-02	0.00000000000000e+00	0.00000000000000e+00
1	16	6	7	1.01574432197050e+02	3.53829116726990e+01	3.00000000000000e-02	0.00000000000000e+00	0.00000000000000e+00
1	16	7	8	1.35119952903948e+02	4.16968683838595e+01	3.00000000000000e-02	0.00000000000000e+00	0.00000000000000e+00
1	16	8	9	8.21775254196538e+01	4.40059148020552e+01	3.00000000000000e-02	0.00000000000000e+00	0.00000000000000e+00
1	16	9	10	1.02246214436655e+02	4.16982583702024e+01	3.00000000000000e-02	0.00000000000000e+00	0.00000000000000e+00
1	16	10	11	1.39545050348937e+02	3.53859116598715e+01	3.00000000000000e-02	0.00000000000000e+00	0.00000000000000e+00
1	16	11	12	9.90363915414248e+01	2.66223996358708e+01	3.00000000000000e-02	0.00000000000000e+00	0.00000000000000e+00
1	16	12	13	1.23197528595481e+02	1.72962460770963e+01	3.00000000000000e-02	0.00000000000000e+00	0.00000000000000e+00
1	16	13	14	7.20299266364658e+01	9.07583700980486e+00	3.00000000000000e-02	0.00000000000000e+00	0.00000000000000e+00
1	16	14	15	7.45166031164677e+01	3.11170421245355e+00	3.00000000000000e-02	0.00000000000000e+00	0.00000000000000e+00
1	17	2	3	1.16703734851415e+01	3.11620467633134e+00	3.00000000000000e-02	0.00000000000000e+00	0.00000000000000e+00
1	17	3	4	3.63496591381798e+00	9.11942396265386e+00	3.00000000000000e-02	0.00000000000000e+00	0.00000000000000e+00
1	17	4	5	7.10842346092022e+01	1.75158095180981e+01	3.00000000000000e-02	0.00000000000000e+00	0.00000000000000e+00
1	17	5	6	4.50215281958126e+01	2.73218726534528e+01	3.00000000000000e-02	0.00000000000000e+00	0.00000000000000e+00
1	17	6	7	1.03067411536214e+02	3.70690081125202e+01	3.00000000000000e-02	0.00000000000000e+00	0.00000000000000e+00
1	17	7	8	1.39003358767927e+02	4.50130206789118e+01	3.00000000000000e-02	0.00000000000000e+00	0.00000000000000e+00
1	17	8	9	8.16215317288948e+01	4.95002951822081e+01	3.00000000000000e-02	0.00000000000000e+00	0.00000000000000e+00
1	17	9	10	1.06042352781523e+02	4.95009185668779e+01	3.00000000000000e-02	0.00000000000000e+00	0.00000000000000e+00
1	17	10	11	1.52512577134134e+02	4.50145885811492e+01	3.00000000000000e-02	0.00000000000000e+00	0.00000000000000e+00
1	17	11	12	8.81019395671783e+01	3.70708916035557e+01	3.00000000000000e-02	0.00000000000000e+00	0.00000000000000e+00
1	17	12	13	1.17140962951729e+02	2.73250126434245e+01	3.00000000000000e-02	0.00000000000000e+00	0.00000000000000e+00
1	17	13	14	6.85445890087598e+01	1.75181300785528e+01	3.00000000000000e-02	0.00000000000000e+00	0.00000000000000e+00
1	17	14	15	7.99673491001803e+01	9.12090464993137e+00	3.00000000000000e-02	0.00000000000000e+00	0.00000000000000e+00
1	17	15	16	7.40975559623820e+01	3.10779305703605e+00	3.00000000000000e-02	0.00000000000000e+00	0.00000000000000e+00
1	18	2	3	4.95113876154767e-02	3.11988881984906e+00	3.00000000000000e-02	0.00000000000000e+00	0.00000000000000e+00
1	18	4	5	3.71727610125112e+01	1.76965114290460e+01	3.00000000000000e-02	0.00000000000000e+00	0.00000000000000e+00
1	18	5	6	4.30454942468239e+01	2.78871532346160e+01	3.00000000000000e-02	0.00000000000000e+00	0.00000000000000e+00
1	18	6	7	9.98234241689558e+01	3.84433052594722e+01	3.00000000000000e-02	0.00000000000000e+00	0.00000000000000e+00
1	18	7	8	1.36539710918543e+02	4.77777427185653e+01	3.00000000000000e-02	0.00000000000000e+00	0.00000000000000e+00
1	18	8	9	8.16615210278715e+01	5.42446483914041e+01	3.00000000000000e-02	0.00000000000000e+00	0.00000000000000e+00
1	18	9	10	1.09252656120283e+02	5.65636324723183e+01	3.00000000000000e-02	0.00000000000000e+00	0.00000000000000e+00
1	18	10	11	2.92590830271000e+02	5.42458698375353e+01	3.00000000000000e-02	0.00000000000000e+00	0.00000000000000e+00
1	18	12	13	1.34639547069303e+02	3.84476802724537e+01	3.00000000000000e-02	0.00000000000000e+00	0.00000000000000e+00
1	18	13	14	8.27545951797255e+01	2.78898874624562e+01	3.00000000000000e-02	0.00000000000000e+00	0.00000000000000e+00
1	18	14	15	1.06412135607100e+02	1.76993377821300e+01	3.00000000000000e-02	0.00000000000000e+00	0.00000000000000e+00
1	18	15	16	1.26474002931952e+02	9.16139708744974e+00	3.00000000000000e-02	0.00000000000000e+00	0.00000000000000e+00
1	18	16	17	1.15610859201601e+02	3.12201051558566e+00	3.00000000000000e-02	0.00000000000000e+00	0.00000000000000e+00
1	19	2	3	1.19631928559330e+01	3.12292935499300e+00	3.00000000000000e-02	0.00000000000000e+00	0.00000000000000e+00
1	19	3	4	2.65181581857244e+00	9.19027059315479e+00	3.00000000000000e-02	0.00000000000000e+00	0.00000000000000e+00
1	19	4	5	6.84724776242475e+01	1.78437813855591e+01	3.00000000000000e-02	0.00000000000000e+00	0.00000000000000e+00
1	19	5	6	4.27536057243108e+01	2.83480017002797e+01	3.00000000000000e-02	0.00000000000000e+00	0.00000000000000e+00
1	19	6	7	9.89923850517969e+01	3.95719445517621e+01	3.00000000000000e-02	0.00000000000000e+00	0.00000000000000e+00
1	19	7	8	1.35713471561603e+02	5.00854252083682e+01	3.00000000000000e-02	0.00000000000000e+00	0.00000000000000e+00
1	19	8	9	8.30579533069643e+01	5.83108349529376e+01	3.00000000000000e-02	0.00000000000000e+00	0.00000000000000e+00
1	19	9	10	1.13028565406299e+02	6.28442720003889e+01	3.00000000000000e-02	0.00000000000000e+00	0.00000000000000e+00
1	19	10	11	3.21733341674766e+02	6.28448032274242e+01	3.00000000000000e-02	0.00000000000000e+00	0.00000000000000e+00
1	19	12	13	1.52290946146491e+02	5.00887858080433e+01	3.00000000000000e-02	0.00000000000000e+00	0.00000000000000e+00
1	19	13	14	9.59860960819346e+01	3.95756937395108e+01	3.00000000000000e-02	0.00000000000000e+00	0.00000000000000e+00
1	19	14	15	1.30290613488344e+02	2.83506096991625e+01	3.00000000000000e-02	0.00000000000000e+00	0.00000000000000e+00
1	19	15	16	1.70051356605882e+02	1.78475769896538e+01	3.00000000000000e-02	0.00000000000000e+00	0.00000000000000e+00
1	19	17	18	4.76321742355388e+01	3.12364657355867e+00	3.00000000000000e-02	0.00000000000000e+00	0.00000000000000e+00
1	19	16	17	1.75676281442355e+02	9.19751845209289e+00	3.00000000000000e-02	0.00000000000000e+00	0.00000000000000e+00
1	20	2	3	4.43088172263133e+01	3.12546764947508e+00	3.00000000000000e-02	0.00000000000000e+00	0.00000000000000e+00
1	20	3	4	6.85269298813467e+01	9.21670377203025e+00	3.00000000000000e-02	0.00000000000000e+00	0.00000000000000e+00
1	20	4	5	7.52751379203336e+01	1.79652552052805e+01	3.00000000000000e-02	0.00000000000000e+00	0.00000000000000e+00
1	20	5	6	4.65456412438493e+01	2.87277986729349e+01	3.00000000000000e-02	0.00000000000000e+00	0.00000000000000e+00
1	20	6	7	1.07328072687226e+02	4.05063565465855e+01	3.00000000000000e-02	0.00000000000000e+00	0.00000000000000e+00
1	20	7	8	1.46055432479143e+02	5.20183036641687e+01	3.00000000000000e-02	0.00000000000000e+00	0.00000000000000e+00
1	20	8	9	9.10891747045060e+01	6.17851133118355e+01	3.00000000000000e-02	0.00000000000000e+00	0.00000000000000e+00
1	20	9	10	1.24988567424244e+02	6.83673838191018e+01	3.00000000000000e-02	0.00000000000000e+00	0.00000000000000e+00
1	20	10	11	1.75258239144642e+02	7.06943000059062e+01	3.00000000000000e-02	0.00000000000000e+00	0.00000000000000e+00
1	20	11	12	1.16859115158416e+02	6.83674501301226e+01	3.00000000000000e-02	0.00000000000000e+00	0.00000000000000e+00
1	20	12	13	1.56848952241616e+02	6.17873148009342e+01	3.00000000000000e-02	0.00000000000000e+00	0.00000000000000e+00
1	20	13	14	9.84449280564203e+01	5.20203801759750e+01	3.00000000000000e-02	0.00000000000000e+00	0.00000000000000e+00
1	20	14	15	1.33370888315891e+02	4.05088365339133e+01	3.00000000000000e-02	0.00000000000000e+00	0.00000000000000e+00
1	20	15	16	1.75201967859018e+02	2.87298762528623e+01	3.00000000000000e-02	0.00000000000000e+00	0.00000000000000e+00
1	20	16	17	1.74726769804037e+02	1.79700336003609e+01	3.00000000000000e-02	0.00000000000000e+00	0.00000000000000e+00
1	20	17	18	7.00928692173766e+01	9.21829448376595e+00	3.00000000000000e-02	0.00000000000000e+00	0.00000000000000e+00
1	20	18	19	2.55828399950081e+01	3.11685191419107e+00	3.00000000000000e-02	0.00000000000000e+00	0.00000000000000e+00
1	21	2	3	3.55387029910441e+01	3.12760853224477e+00	3.00000000000000e-02	0.00000000000000e+00	0.00000000000000e+00
1	21	3	4	1.99375302647775e+01	9.23884980365129e+00	3.00000000000000e-02	0.00000000000000e+00	0.00000000000000e+00
1	21	4	5	7.22860792871346e+01	1.80665515201156e+01	3.00000000000000e-02	0.00000000000000e+00	0.00000000000000e+00
1	21	5	6	4.47730650938012e+01	2.90439976996038e+01	3.00000000000000e-02	0.00000000000000e+00	0.00000000000000e+00
1	21	6	7	1.03163530600849e+02	4.12863857242876e+01	3.00000000000000e-02	0.00000000000000e+00	0.00000000000000e+00
1	21	7	8	1.40469541035112e+02	5.36452463194865e+01	3.00000000000000e-02	0.00000000000000e+00	0.00000000000000e+00
1	21	8	9	8.82606355298613e+01	6.47537347433356e+01	3.00000000000000e-02	0.00000000000000e+00	0.00000000000000e+00
1	21	9	10	1.21823185750725e+02	7.31938943100626e+01	3.00000000000000e-02	0.00000000000000e+00	0.00000000000000e+00
1	21	10	11	2.48551970815565e+02	7.77626469486701e+01	3.00000000000000e-02	0.00000000000000e+00	0.00000000000000e+00
1	21	11	12	5.43143571449331e+01	7.77632400873540e+01	3.00000000000000e-02	0.00000000000000e+00	0.00000000000000e+00
1	21	12	13	1.60974465280726e+02	7.31981598795566e+01	3.00000000000000e-02	0.00000000000000e+00	0.00000000000000e+00
1	21	13	14	1.01284736524848e+02	6.47600617166545e+01	3.00000000000000e-02	0.00000000000000e+00	0.00000000000000e+00
1	21	14	15	1.39108564582438e+02	5.36537308771280e+01	3.00000000000000e-02	0.00000000000000e+00	0.00000000000000e+00
1	21	15	16	1.84602796295795e+02	4.12989038496875e+01	3.00000000000000e-02	0.00000000000000e+00	0.00000000000000e+00
1	21	16	17	1.81921547944968e+02	2.90609037277845e+01	3.00000000000000e-02	0.00000000000000e+00	0.00000000000000e+00
1	21	17	18	7.36307478569474e+01	1.80850940982591e+01	3.00000000000000e-02	0.00000000000000e+00	0.00000000000000e+00
1	21	18	19	5.64722085328653e+01	9.26141330378041e+00	3.00000000000000e-02	0.00000000000000e+00	0.00000000000000e+00
1	21	19	20	7.50669482810703e+01	3.15608911073754e+00	3.00000000000000e-02	0.00000000000000e+00	0.00000000000000e+00
2	21	3	4	8.41953085519194e+01	3.11955792259654e+00	3.00000000000000e-02	0.00000000000000e+00	0.00000000000000e+00
2	21	4	5	7.79769671758045e+01	9.21995825859270e+00	3.00000000000000e-02	0.00000000000000e+00	0.00000000000000e+00
2	21	5	6	4.78065513220280e+01	1.79693477877908e+01	3.00000000000000e-02	0.00000000000000e+00	0.00000000000000e+00
2	21	6	7	1.01997521754349e+02	2.87299158233431e+01	3.00000000000000e-02	0.00000000000000e+00	0.00000000000000e+00
2	21	7	8	1.39432261873964e+02	4.05099063240578e+01	3.00000000000000e-02	0.00000000000000e+00	0.00000000000000e+00
2	21	8	9	7.85433082641226e+01	5.20209480899450e+01	3.00000000000000e-02	0.00000000000000e+00	0.00000000000000e+00
2	21	9	10	1.20050681601642e+02	6.17875208967975e+01	3.00000000000000e-02	0.00000000000000e+00	0.00000000000000e+00
2	21	10	11	1.60781970751675e+02	6.83695647974940e+01	3.00000000000000e-02	0.00000000000000e+00	0.00000000000000e+00
2	21	11	12	1.25656148206014e+02	7.06962086440461e+01	3.00000000000000e-02	0.00000000000000e+00	0.00000000000000e+00
2	21	12	13	1.61169151974762e+02	6.83719739927891e+01	3.00000000000000e-02	0.00000000000000e+00	0.00000000000000e+00
2	21	13	14	1.00256411832375e+02	6.17913169999233e+01	3.00000000000000e-02	0.00000000000000e+00	0.00000000000000e+00
2	21	14	15	1.38642754575257e+02	5.20264760024980e+01	3.00000000000000e-02	0.00000000000000e+00	0.00000000000000e+00
2	21	15	16	1.84435291381762e+02	4.05184871705235e+01	3.00000000000000e-02	0.00000000000000e+00	0.00000000000000e+00
2	21	16	17	1.82126616592383e+02	2.87443682201587e+01	3.00000000000000e-02	0.00000000000000e+00	0.00000000000000e+00
2	21	17	18	7.37974977403349e+01	1.79835992154048e+01	3.00000000000000e-02	0.00000000000000e+00	0.00000000000000e+00
2	21	18	19	5.41264240576775e+01	9.23916107341761e+00	3.00000000000000e-02	0.00000000000000e+00	0.00000000000000e+00
2	21	19	20	3.16696644596830e+01	3.15390926162517e+00	3.00000000000000e-02	0.00000000000000e+00	0.00000000000000e+00
3	21	4	5	5.65257724783536e+01	3.11928286326408e+00	3.00000000000000e-02	0.00000000000000e+00	0.00000000000000e+00
3	21	5	6	3.98552477326801e+01	9.19486810104951e+00	3.00000000000000e-02	0.00000000000000e+00	0.00000000000000e+00
3	21	6	7	8.61217551191149e+01	1.78466642046387e+01	3.00000000000000e-02	0.00000000000000e+00	0.00000000000000e+00
3	21	7	8	1.22658846776745e+02	2.83512497172580e+01	3.00000000000000e-02	0.00000000000000e+00	0.00000000000000e+00
3	21	8	9	5.93357347970481e+01	3.95761530848461e+01	3.00000000000000e-02	0.00000000000000e+00	0.00000000000000e+00
3	21	9	10	1.07678210155252e+02	5.00887127132234e+01	3.00000000000000e-02	0.00000000000000e+00	0.00000000000000e+00
3	21	10	11	1.47647070472412e+02	5.83135806285323e+01	3.00000000000000e-02	0.00000000000000e+00	0.00000000000000e+00
3	21	11	12	1.24796142061823e+02	6.28461641815260e+01	3.00000000000000e-02	0.00000000000000e+00	0.00000000000000e+00
3	21	12	13	1.15649919905711e+02	6.28480938541484e+01	3.00000000000000e-02	0.00000000000000e+00	0.00000000000000e+00
3	21	13	14	1.27978025228491e+02	5.83162950165141e+01	3.00000000000000e-02	0.00000000000000e+00	0.00000000000000e+00
3	21	14	15	1.36668574353413e+02	5.00929422546689e+01	3.00000000000000e-02	0.00000000000000e+00	0.00000000000000e+00
3	21	15	16	1.83104929279200e+02	3.95834936906345e+01	3.00000000000000e-02	0.00000000000000e+00	0.00000000000000e+00
3	21	16	17	1.81672793132096e+02	2.83641258157033e+01	3.00000000000000e-02	0.00000000000000e+00	0.00000000000000e+00
3	21	17	18	7.37945525321477e+01	1.78618755221348e+01	3.00000000000000e-02	0.00000000000000e+00	0.00000000000000e+00
3	21	18	19	5.41878619039347e+01	9.21259890953049e+00	3.00000000000000e-02	0.00000000000000e+00	0.00000000000000e+00
3	21	19	20	2.95973665019965e+01	3.15132457932425e+00	3.00000000000000e-02	0.00000000000000e+00	0.00000000000000e+00
4	21	5	6	4.23533738934744e+01	3.11852957717097e+00	3.00000000000000e-02	0.00000000000000e+00	0.00000000000000e+00
4	21	6	7	8.46900426574255e+01	9.16005730926838e+00	3.00000000000000e-02	0.00000000000000e+00	0.00000000000000e+00
4	21	7	8	1.07331869459807e+02	1.76996422303513e+01	3.00000000000000e-02	0.00000000000000e+00	0.00000000000000e+00
4	21	8	9	5.62759078975112e+01	2.78904264143284e+01	3.00000000000000e-02	0.00000000000000e+00	0.00000000000000e+00
4	21	9	10	1.00011380437867e+02	3.84475790153415e+01	3.00000000000000e-02	0.00000000000000e+00	0.00000000000000e+00
4	21	10	11	1.38961748802606e+02	4.77809273435794e+01	3.00000000000000e-02	0.00000000000000e+00	0.00000000000000e+00
4	21	11	12	1.21601449925648e+02	5.42468872765122e+01	3.00000000000000e-02	0.00000000000000e+00	0.00000000000000e+00
4	21	12	13	1.54566478483936e+02	5.65667854182445e+01	3.00000000000000e-02	0.00000000000000e+00	0.00000000000000e+00
4	21	13	14	1.00194774914793e+02	5.42493624093997e+01	3.00000000000000e-02	0.00000000000000e+00	0.00000000000000e+00
4	21	14	15	1.42101671200179e+02	4.77845420674486e+01	3.00000000000000e-02	0.00000000000000e+00	0.00000000000000e+00
4	21	15	16	1.92354745573854e+02	3.84541830909432e+01	3.00000000000000e-02	0.00000000000000e+00	0.00000000000000e+00
4	21	16	17	1.92261659105337e+02	2.79027489043248e+01	3.00000000000000e-02	0.00000000000000e+00	0.00000000000000e+00
4	21	17	18	7.83294724102423e+01	1.77143059668287e+01	3.00000000000000e-02	0.00000000000000e+00	0.00000000000000e+00
4	21	18	19	5.77043440916644e+01	9.18054953331706e+00	3.00000000000000e-02	0.00000000000000e+00	0.00000000000000e+00
4	21	19	20	7.62938558938770e+01	3.14822855148684e+00	3.00000000000000e-02	0.00000000000000e+00	0.00000000000000e+00
5	21	6	7	1.05245753687254e+02	3.10841813343416e+00	3.00000000000000e-02	0.00000000000000e+00	0.00000000000000e+00
5	21	7	8	9.33464307202774e+01	9.12120683215531e+00	3.00000000000000e-02	0.00000000000000e+00	0.00000000000000e+00
5	21	8	9	4.70362318365058e+01	1.75188021291317e+01	3.00000000000000e-02	0.00000000000000e+00	0.00000000000000e+00
5	21	9	10	8.88030210718575e+01	2.73250994876280e+01	3.00000000000000e-02	0.00000000000000e+00	0.00000000000000e+00
5	21	10	11	1.22690720988960e+02	3.70729552398473e+01	3.00000000000000e-02	0.00000000000000e+00	0.00000000000000e+00
5	21	11	12	1.09779918766096e+02	4.50155692009694e+01	3.00000000000000e-02	0.00000000000000e+00	0.00000000000000e+00
5	21	12	13	1.40771432212142e+02	4.95036088041966e+01	3.00000000000000e-02	0.00000000000000e+00	0.00000000000000e+00
5	21	13	14	9.39671392877310e+01	4.95043301343043e+01	3.00000000000000e-02	0.00000000000000e+00	0.00000000000000e+00
5	21	14	15	6.27885440997427e+01	4.50190678347059e+01	3.00000000000000e-02	0.00000000000000e+00	0.00000000000000e+00
5	21	15	16	2.30845715570050e+02	3.70791221585879e+01	3.00000000000000e-02	0.00000000000000e+00	0.00000000000000e+00
5	21	16	17	1.81235329405290e+02	2.73368411899298e+01	3.00000000000000e-02	0.00000000000000e+00	0.00000000000000e+00
5	21	17	18	7.39110323626622e+01	1.75332423265351e+01	3.00000000000000e-02	0.00000000000000e+00	0.00000000000000e+00
5	21	18	19	5.44055555734705e+01	9.14140947710605e+00	3.00000000000000e-02	0.00000000000000e+00	0.00000000000000e+00
5	21	19	20	2.86783561318308e+01	3.14447729189185e+00	3.00000000000000e-02	0.00000000000000e+00	0.00000000000000e+00
6	21	7	8	6.53995346020257e+01	3.11057529890871e+00	3.00000000000000e-02	0.00000000000000e+00	0.00000000000000e+00
6	21	9	10	7.05902183648309e+01	1.72955469714709e+01	3.00000000000000e-02	0.00000000000000e+00	0.00000000000000e+00
6	21	10	11	1.02004426755835e+02	2.66242507049470e+01	3.00000000000000e-02	0.00000000000000e+00	0.00000000000000e+00
6	21	11	12	9.58362707680545e+01	3.53866581377174e+01	3.00000000000000e-02	0.00000000000000e+00	0.00000000000000e+00
6	21	12	13	1.27456125614426e+02	4.17004340348266e+01	3.00000000000000e-02	0.00000000000000e+00	0.00000000000000e+00
6	21	13	14	8.89514295520916e+01	4.40092170750503e+01	3.00000000000000e-02	0.00000000000000e+00	0.00000000000000e+00
6	21	14	15	1.29648404688610e+02	4.17020716803940e+01	3.00000000000000e-02	0.00000000000000e+00	0.00000000000000e+00
6	21	15	16	9.14291983983815e+01	3.53921304361757e+01	3.00000000000000e-02	0.00000000000000e+00	0.00000000000000e+00
6	21	16	17	2.33626727977356e+02	2.66346913621990e+01	3.00000000000000e-02	0.00000000000000e+00	0.00000000000000e+00
6	21	17	18	7.34173170284660e+01	1.73080980030756e+01	3.00000000000000e-02	0.00000000000000e+00	0.00000000000000e+00
6	21	18	19	5.39674049500871e+01	9.09295324580075e+00	3.00000000000000e-02	0.00000000000000e+00	0.00000000000000e+00
6	21	19	20	2.28967056020898e+01	3.13987274172131e+00	3.00000000000000e-02	0.00000000000000e+00	0.00000000000000e+00
7	21	8	9	3.68709447784115e+01	3.09980535523780e+00	3.00000000000000e-02	0.00000000000000e+00	0.00000000000000e+00
7	21	9	10	2.91286763051826e+01	9.01386840490374e+00	3.00000000000000e-02	0.00000000000000e+00	0.00000000000000e+00
7	21	10	11	9.28422660136136e+01	1.70111192569843e+01	3.00000000000000e-02	0.00000000000000e+00	0.00000000000000e+00
7	21	11	12	8.69527513860623e+01	2.57424977236780e+01	3.00000000000000e-02	0.00000000000000e+00	0.00000000000000e+00
7	21	12	13	1.16231845223777e+02	3.33051125168777e+01	3.00000000000000e-02	0.00000000000000e+00	0.00000000000000e+00
7	21	13	14	8.23216955313029e+01	3.77319562421464e+01	3.00000000000000e-02	0.00000000000000e+00	0.00000000000000e+00
7	21	14	15	1.21633217894636e+02	3.77330427280228e+01	3.00000000000000e-02	0.00000000000000e+00	0.00000000000000e+00
7	21	15	16	1.71942775979169e+02	3.33092037572828e+01	3.00000000000000e-02	0.00000000000000e+00	0.00000000000000e+00
7	21	16	17	1.86382436835092e+02	2.57529277834633e+01	3.00000000000000e-02	0.00000000000000e+00	0.00000000000000e+00
7	21	17	18	7.78138805824377e+01	1.70239409699373e+01	3.00000000000000e-02	0.00000000000000e+00	0.00000000000000e+00
7	21	18	19	5.77344034334911e+01	9.03202242635014e+00	3.00000000000000e-02	0.00000000000000e+00	0.00000000000000e+00
7	21	19	20	7.62149814380150e+01	3.13413609996073e+00	3.00000000000000e-02	0.00000000000000e+00	0.00000000000000e+00
9	21	10	11	7.00085560473750e+01	3.08660647258877e+00	3.00000000000000e-02	0.00000000000000e+00	0.00000000000000e+00
9	21	11	12	6.67404873787779e+01	8.83449895344619e+00	3.00000000000000e-02	0.00000000000000e+00	0.00000000000000e+00
9	21	12	13	9.49795276756325e+01	1.61716553087038e+01	3.00000000000000e-02	0.00000000000000e+00	0.00000000000000e+00
9	21	13	14	7.26984305406797e+01	2.31831542337052e+01	3.00000000000000e-02	0.00000000000000e+00	0.00000000000000e+00
9	21	14	15	1.10755990519731e+02	2.75276169754143e+01	3.00000000000000e-02	0.00000000000000e+00	0.00000000000000e+00
9	21	15	16	1.63207641268626e+02	2.75297493372804e+01	3.00000000000000e-02	0.00000000000000e+00	0.00000000000000e+00
9	21	16	17	1.75450989805061e+02	2.31912683688562e+01	3.00000000000000e-02	0.00000000000000e+00	0.00000000000000e+00
9	21	17	18	7.41406187544090e+01	1.61829965915168e+01	3.00000000000000e-02	0.00000000000000e+00	0.00000000000000e+00
9	21	18	19	5.74647154639288e+01	8.85213790454906e+00	3.00000000000000e-02	0.00000000000000e+00	0.00000000000000e+00
9	21	19	20	7.60686470464501e+01	3.11746528992697e+00	3.00000000000000e-02	0.00000000000000e+00	0.00000000000000e+00
10	21	11	12	5.06398982992957e+01	3.07267884854986e+00	3.00000000000000e-02	0.00000000000000e+00	0.00000000000000e+00
10	21	12	13	8.10313697825809e+01	8.69910388641231e+00	3.00000000000000e-02	0.00000000000000e+00	0.00000000000000e+00
10	21	13	14	6.63238393987765e+01	1.55370997996543e+01	3.00000000000000e-02	0.00000000000000e+00	0.00000000000000e+00
10	21	14	15	1.05119567893693e+02	2.13155097521479e+01	3.00000000000000e-02	0.00000000000000e+00	0.00000000000000e+00
10	21	15	16	1.59833620365024e+02	2.36019551487399e+01	3.00000000000000e-02	0.00000000000000e+00	0.00000000000000e+00
10	21	16	17	1.77839806548488e+02	2.13220304566411e+01	3.00000000000000e-02	0.00000000000000e+00	0.00000000000000e+00
10	21	17	18	7.66259319451558e+01	1.55483045594594e+01	3.00000000000000e-02	0.00000000000000e+00	0.00000000000000e+00
10	21	18	19	5.82287283319460e+01	8.71581864054597e+00	3.00000000000000e-02	0.00000000000000e+00	0.00000000000000e+00
10	21	19	20	7.34086194443431e+01	3.10502199249397e+00	3.00000000000000e-02	0.00000000000000e+00	0.00000000000000e+00
11	21	12	13	7.12962986103985e+01	3.06075456498532e+00	3.00000000000000e-02	0.00000000000000e+00	0.00000000000000e+00
11	21	13	14	6.16093651863550e+01	8.51110906466009e+00	3.00000000000000e-02	0.00000000000000e+00	0.00000000000000e+00
11	21	14	15	9.65076553063965e+01	1.46756713862918e+01	3.00000000000000e-02	0.00000000000000e+00	0.00000000000000e+00
11	21	15	16	1.46604711037505e+02	1.88835019446425e+01	3.00000000000000e-02	0.00000000000000e+00	0.00000000000000e+00
11	21	16	17	1.66510457761684e+02	1.88876451661650e+01	3.00000000000000e-02	0.00000000000000e+00	0.00000000000000e+00
11	21	17	18	7.31750821797722e+01	1.46851220724657e+01	3.00000000000000e-02	0.00000000000000e+00	0.00000000000000e+00
11	21	18	19	5.61427479272988e+01	8.52832756764663e+00	3.00000000000000e-02	0.00000000000000e+00	0.00000000000000e+00
11	21	19	20	6.84624447600125e+01	3.08808090068122e+00	3.00000000000000e-02	0.00000000000000e+00	0.00000000000000e+00
12	21	13	14	4.85542556807876e+01	3.02894278144163e+00	3.00000000000000e-02	0.00000000000000e+00	0.00000000000000e+00
12	21	14	15	8.40277790282016e+01	8.24569736796051e+00	3.00000000000000e-02	0.00000000000000e+00	0.00000000000000e+00
12	21	15	16	1.32697007896406e+02	1.34800844679316e+01	3.00000000000000e-02	0.00000000000000e+00	0.00000000000000e+00
12	21	16	17	1.57419116576065e+02	1.57401802377803e+01	3.00000000000000e-02	0.00000000000000e+00	0.00000000000000e+00
12	21	17	18	7.17060623669632e+01	1.34876594337850e+01	3.00000000000000e-02	0.00000000000000e+00	0.00000000000000e+00
12	21	18	19	5.62263265800465e+01	8.26195572372826e+00	3.00000000000000e-02	0.00000000000000e+00	0.00000000000000e+00
12	21	19	20	6.53008321410590e+01	3.06421308167967e+00	3.00000000000000e-02	0.00000000000000e+00	0.00000000000000e+00
13	21	14	15	8.57169361631765e+01	3.00132480954550e+00	3.00000000000000e-02	0.00000000000000e+00	0.00000000000000e+00
13	21	15	16	1.30832023960932e+02	7.85645801072083e+00	3.00000000000000e-02	0.00000000000000e+00	0.00000000000000e+00
13	21	16	17	1.59457364360379e+02	1.17992455609936e+01	3.00000000000000e-02	0.00000000000000e+00	0.00000000000000e+00
13	21	17	18	7.48185539336434e+01	1.18023368406044e+01	3.00000000000000e-02	0.00000000000000e+00	0.00000000000000e+00
13	21	18	19	5.96728681742218e+01	7.86896348488812e+00	3.00000000000000e-02	0.00000000000000e+00	0.00000000000000e+00
13	21	19	20	7.79888268648312e+01	3.02912755871062e+00	3.00000000000000e-02	0.00000000000000e+00	0.00000000000000e+00
14	21	15	16	9.10460251885424e+01	2.94785660547967e+00	3.00000000000000e-02	0.00000000000000e+00	0.00000000000000e+00
14	21	16	17	1.26706438068960e+02	7.25425460561418e+00	3.00000000000000e-02	0.00000000000000e+00	0.00000000000000e+00
14	21	17	18	6.79779724691114e+01	9.43775415140445e+00	3.00000000000000e-02	0.00000000000000e+00	0.00000000000000e+00
14	21	18	19	5.83181538638022e+01	7.26381019130410e+00	3.00000000000000e-02	0.00000000000000e+00	0.00000000000000e+00
14	21	19	20	7.68467750538403e+01	2.97466013725586e+00	3.00000000000000e-02	0.00000000000000e+00	0.00000000000000e+00
15	21	16	17	9.56598684768409e+01	2.86058211929897e+00	3.00000000000000e-02	0.00000000000000e+00	0.00000000000000e+00
15	21	17	18	6.25874117046285e+01	6.28549853773800e+00	3.00000000000000e-02	0.00000000000000e+00	0.00000000000000e+00
15	21	18	19	5.96552546967004e+01	6.29344544455878e+00	3.00000000000000e-02	0.00000000000000e+00	0.00000000000000e+00
15	21	19	20	7.82600052777708e+01	2.88384315659462e+00	3.00000000000000e-02	0.00000000000000e+00	0.00000000000000e+00
16	21	17	18	5.45997055345621e+01	2.69023702468833e+00	3.00000000000000e-02	0.00000000000000e+00	0.00000000000000e+00
16	21	18	19	6.43871183448545e+01	4.71655581115751e+00	3.00000000000000e-02	0.00000000000000e+00	0.00000000000000e+00
16	21	19	20	8.22354237329377e+01	2.71752024813747e+00	3.00000000000000e-02	0.00000000000000e+00	0.00000000000000e+00
17	21	18	19	7.46210070933183e+01	2.36071456661188e+00	3.00000000000000e-02	0.00000000000000e+00	0.00000000000000e+00
17	21	19	20	9.32158444857600e+01	2.37496227931535e+00	3.00000000000000e-02	0.00000000000000e+00	0.00000000000000e+00
18	21	19	20	8.82615905467126e+01	1.58048284880593e+00	3.00000000000000e-02	0.00000000000000e+00	0.00000000000000e+00
1	4	2	3	4.31985205174344e+01	1.57207293348792e+00	3.00000000000000e-02	0.00000000000000e+00	0.00000000000000e+00
2	5	3	4	6.71794027126607e+01	1.57103642350216e+00	3.00000000000000e-02	0.00000000000000e+00	0.00000000000000e+00
3	6	4	5	7.73168364373707e+01	1.57005396392649e+00	3.00000000000000e-02	0.00000000000000e+00	0.00000000000000e+00
4	7	5	6	3.54443065170518e+01	1.57241625447742e+00	3.00000000000000e-02	0.00000000000000e+00	0.00000000000000e+00
3	9	5	7	5.96356851664771e+01	3.14247470222198e+00	3.00000000000000e-02	0.00000000000000e+00	0.00000000000000e+00
6	9	7	8	1.90469723872703e+01	1.57185660303448e+00	3.00000000000000e-02	0.00000000000000e+00	0.00000000000000e+00
4	10	6	8	9.64920863805772e+01	3.14217424966140e+00	3.00000000000000e-02	0.00000000000000e+00	0.00000000000000e+00
7	10	8	9	3.72613701849261e+01	1.57054639116068e+00	3.00000000000000e-02	0.00000000000000e+00	0.00000000000000e+00
2	11	5	8	9.02831156772320e+01	4.71878593597516e+00	3.00000000000000e-02	0.00000000000000e+00	0.00000000000000e+00
2	11	6	7	9.87404880829046e+01	1.57357867189763e+01	3.00000000000000e-02	0.00000000000000e+00	0.00000000000000e+00
5	11	7	9	7.31244177058612e+01	3.14212251070419e+00	3.00000000000000e-02	0.00000000000000e+00	0.00000000000000e+00
3	12	6	9	9.02602586454866e+01	4.71872578277438e+00	3.00000000000000e-02	0.00000000000000e+00	0.00000000000000e+00
3	12	7	8	1.23909020641744e+02	1.57363371981382e+01	3.00000000000000e-02	0.00000000000000e+00	0.00000000000000e+00
6	12	8	10	5.06907401156090e+01	3.14244250918164e+00	3.00000000000000e-02	0.00000000000000e+00	0.00000000000000e+00
9	12	10	11	7.05508659063842e+01	1.57211159306952e+00	3.00000000000000e-02	0.00000000000000e+00	0.00000000000000e+00
4	13	7	10	8.41920680820686e+01	4.71867797773093e+00	3.00000000000000e-02	0.00000000000000e+00	0.00000000000000e+00
4	13	8	9	5.55487819629513e+01	1.57361096999312e+01	3.00000000000000e-02	0.00000000000000e+00	0.00000000000000e+00
7	13	9	11	7.64918214433507e+01	3.14219958770553e+00	3.00000000000000e-02	0.00000000000000e+00	0.00000000000000e+00
10	13	11	12	5.13023985394246e+01	1.56944223283023e+00	3.00000000000000e-02	0.00000000000000e+00	0.00000000000000e+00
2	14	6	10	1.04063231070058e+02	6.29199051152175e+00	3.00000000000000e-02	0.00000000000000e+00	0.00000000000000e+00
2	14	7	9	1.07793864179156e+02	1.37629452054417e+01	3.00000000000000e-02	0.00000000000000e+00	0.00000000000000e+00
5	14	8	11	8.14033245106730e+01	4.71870504722413e+00	3.00000000000000e-02	0.00000000000000e+00	0.00000000000000e+00
5	14	9	10	8.51725527272301e+01	1.57361521073710e+01	3.00000000000000e-02	0.00000000000000e+00	0.00000000000000e+00
11	14	12	13	8.17671598932120e+01	1.57261776566301e+00	3.00000000000000e-02	0.00000000000000e+00	0.00000000000000e+00
3	15	7	11	1.08225183410506e+02	6.29208866237053e+00	3.00000000000000e-02	0.00000000000000e+00	0.00000000000000e+00
3	15	8	10	8.14465708200204e+01	1.37630743423222e+01	3.00000000000000e-02	0.00000000000000e+00	0.00000000000000e+00
6	15	9	12	9.40902062534593e+01	4.71878463619746e+00	3.00000000000000e-02	0.00000000000000e+00	0.00000000000000e+00
6	15	10	11	1.10098157363246e+02	1.57364236932541e+01	3.00000000000000e-02	0.00000000000000e+00	0.00000000000000e+00
9	15	11	13	9.13705820497393e+01	3.14253912413034e+00	3.00000000000000e-02	0.00000000000000e+00	0.00000000000000e+00
12	15	13	14	5.72898823202376e+01	1.57026554838088e+00	3.00000000000000e-02	0.00000000000000e+00	0.00000000000000e+00
4	16	8	12	9.47966670500182e+01	6.29205083266527e+00	3.00000000000000e-02	0.00000000000000e+00	0.00000000000000e+00
4	16	9	11	1.11381055021505e+02	1.37631173476291e+01	3.00000000000000e-02	0.00000000000000e+00	0.00000000000000e+00
7	16	10	13	1.05838100233840e+02	4.71889017744486e+00	3.00000000000000e-02	0.00000000000000e+00	0.00000000000000e+00
7	16	11	12	9.26128322975652e+01	1.57358698041555e+01	3.00000000000000e-02	0.00000000000000e+00	0.00000000000000e+00
10	16	12	14	7.72906179610336e+01	3.14255931989826e+00	3.00000000000000e-02	0.00000000000000e+00	0.00000000000000e+00
13	16	14	15	7.68359982924276e+01	1.57253604685164e+00	3.00000000000000e-02	0.00000000000000e+00	0.00000000000000e+00
2	17	7	12	1.06262696650117e+02	7.86112052155482e+00	3.00000000000000e-02	0.00000000000000e+00	0.00000000000000e+00
2	17	8	11	9.60141836911545e+01	1.41467990510012e+01	3.00000000000000e-02	0.00000000000000e+00	0.00000000000000e+00
2	17	9	10	1.01307873557515e+02	4.40067214966836e+01	3.00000000000000e-02	0.00000000000000e+00	0.00000000000000e+00
5	17	9	13	1.04274345166649e+02	6.29204853652150e+00	3.00000000000000e-02	0.00000000000000e+00	0.00000000000000e+00
5	17	10	12	1.06847621305059e+02	1.37628159084253e+01	3.00000000000000e-02	0.00000000000000e+00	0.00000000000000e+00
11	17	13	15	7.06337081115835e+01	3.14192910064425e+00	3.00000000000000e-02	0.00000000000000e+00	0.00000000000000e+00
14	17	15	16	7.91450768590978e+01	1.57038244830408e+00	3.00000000000000e-02	0.00000000000000e+00	0.00000000000000e+00
3	18	8	13	1.04228726434668e+02	7.86127589355263e+00	3.00000000000000e-02	0.00000000000000e+00	0.00000000000000e+00
3	18	9	12	1.12670518362217e+02	1.41468744883088e+01	3.00000000000000e-02	0.00000000000000e+00	0.00000000000000e+00
3	18	10	11	1.31709309105544e+02	4.40071064968691e+01	3.00000000000000e-02	0.00000000000000e+00	0.00000000000000e+00
6	18	10	14	9.87726708721802e+01	6.29213462218783e+00	3.00000000000000e-02	0.00000000000000e+00	0.00000000000000e+00
6	18	11	13	1.07217391349932e+02	1.37631645201493e+01	3.00000000000000e-02	0.00000000000000e+00	0.00000000000000e+00
9	18	12	15	9.42835995342889e+01	4.71873355459463e+00	3.00000000000000e-02	0.00000000000000e+00	0.00000000000000e+00
9	18	13	14	7.43428129368020e+01	1.57360268007802e+01	3.00000000000000e-02	0.00000000000000e+00	0.00000000000000e+00
12	18	14	16	1.03850914227657e+02	3.14208432353220e+00	3.00000000000000e-02	0.00000000000000e+00	0.00000000000000e+00
15	18	16	17	1.00150891651823e+02	1.57362572791245e+00	3.00000000000000e-02	0.00000000000000e+00	0.00000000000000e+00
4	19	9	14	1.14994765309728e+02	7.86127736599180e+00	3.00000000000000e-02	0.00000000000000e+00	0.00000000000000e+00
4	19	10	13	1.30639745486691e+02	1.41469673394024e+01	3.00000000000000e-02	0.00000000000000e+00	0.00000000000000e+00
4	19	11	12	1.14599691664543e+02	4.40065632411892e+01	3.00000000000000e-02	0.00000000000000e+00	0.00000000000000e+00
7	19	11	15	1.06840092024534e+02	6.29207672655247e+00	3.00000000000000e-02	0.00000000000000e+00	0.00000000000000e+00
7	19	12	14	1.04848529499640e+02	1.37631896786628e+01	3.00000000000000e-02	0.00000000000000e+00	0.00000000000000e+00
10	19	13	16	1.14310420815802e+02	4.71869642170495e+00	3.00000000000000e-02	0.00000000000000e+00	0.00000000000000e+00
10	19	14	15	1.10393948838113e+02	1.57359450406410e+01	3.00000000000000e-02	0.00000000000000e+00	0.00000000000000e+00
13	19	15	17	1.47516175439070e+02	3.14301550325496e+00	3.00000000000000e-02	0.00000000000000e+00	0.00000000000000e+00
16	19	17	18	6.30001348787564e+01	1.57094640288346e+00	3.00000000000000e-02	0.00000000000000e+00	0.00000000000000e+00
2	20	8	14	1.15367352161566e+02	9.42928910188523e+00	3.00000000000000e-02	0.00000000000000e+00	0.00000000000000e+00
2	20	9	13	1.35422829013857e+02	1.51234721629684e+01	3.00000000000000e-02	0.00000000000000e+00	0.00000000000000e+00
2	20	10	12	1.38256750461710e+02	3.14223458134093e+01	3.00000000000000e-02	0.00000000000000e+00	0.00000000000000e+00
5	20	10	15	1.17449727851389e+02	7.86116447584677e+00	3.00000000000000e-02	0.00000000000000e+00	0.00000000000000e+00
5	20	11	14	1.11537214030461e+02	1.41468208849608e+01	3.00000000000000e-02	0.00000000000000e+00	0.00000000000000e+00
5	20	12	13	1.37182768119376e+02	4.40072011880152e+01	3.00000000000000e-02	0.00000000000000e+00	0.00000000000000e+00
11	20	14	17	1.37114590615558e+02	4.71876570140923e+00	3.00000000000000e-02	0.00000000000000e+00	0.00000000000000e+00
11	20	15	16	1.47731532980426e+02	1.57357567454308e+01	3.00000000000000e-02	0.00000000000000e+00	0.00000000000000e+00
14	20	16	18	9.86726506954145e+01	3.14237105209166e+00	3.00000000000000e-02	0.00000000000000e+00	0.00000000000000e+00
17	20	18	19	6.40858149809827e+01	1.57118517073523e+00	3.00000000000000e-02	0.00000000000000e+00	0.00000000000000e+00
3	21	9	15	1.22112547469526e+02	9.42975879514786e+00	3.00000000000000e-02	0.00000000000000e+00	0.00000000000000e+00
3	21	10	14	1.25179179750453e+02	1.51240669424311e+01	3.00000000000000e-02	0.00000000000000e+00	0.00000000000000e+00
3	21	11	13	1.33897379519170e+02	3.14235645015125e+01	3.00000000000000e-02	0.00000000000000e+00	0.00000000000000e+00
6	21	11	16	1.23018022699716e+02	7.86183241410554e+00	3.00000000000000e-02	0.00000000000000e+00	0.00000000000000e+00
6	21	12	15	1.13246518658705e+02	1.41477329398962e+01	3.00000000000000e-02	0.00000000000000e+00	0.00000000000000e+00
6	21	13	14	8.69538511890550e+01	4.40092170750503e+01	3.00000000000000e-02	0.00000000000000e+00	0.00000000000000e+00
9	21	13	17	1.33390229526443e+02	6.29303090257558e+00	3.00000000000000e-02	0.00000000000000e+00	0.00000000000000e+00
9	21	14	16	1.40571091024558e+02	1.37643415575272e+01	3.00000000000000e-02	0.00000000000000e+00	0.00000000000000e+00
12	21	15	18	1.24445714787775e+02	4.72016426463322e+00	3.00000000000000e-02	0.00000000000000e+00	0.00000000000000e+00
12	21	16	17	1.65073566225697e+02	1.57401802377803e+01	3.00000000000000e-02	0.00000000000000e+00	0.00000000000000e+00
15	21	17	19	6.00125454190816e+01	3.14473474043449e+00	3.00000000000000e-02	0.00000000000000e+00	0.00000000000000e+00
18	21	19	20	8.82363028211316e+01	1.58048284880593e+00	3.00000000000000e-02	0.00000000000000e+00	0.00000000000000e+00
0
