7.740341125589169735e+01
9.215850771510108075e+01
5.451013491822922674e+01
1.080988758642765930e+02
1.155314556625069855e+02
6.112490256634525565e+01
1.111313863587894559e+02
1.060199171021467066e+02
5.513266149446000242e+01
3.380181134632915985e+01
6.635053207188626345e+01
6.634893742412580764e+01
3.475108898109651534e+01
5.368309264421996119e+01
7.298004243451146067e+01
6.767098797504461061e+01
3.498845013690230132e+01
6.560727007691252766e+01
6.545028392554270624e+01
9.136843640527933985e+01
4.295119198755231338e+01
8.052841531658830831e+01
7.056620961227569921e+01
3.512299124702700226e+01
5.500790424999940598e+01
8.392071743892266511e+01
7.001253481107382015e+01
7.493772785526815028e+01
9.457999486432770198e+01
7.986990997132625125e+01
8.638175019335015747e+01
1.082490106020586609e+02
6.292846383410416422e+01
8.913738027846486034e+01
8.567525356186457941e+01
1.184701119414049515e+02
9.498118198428475978e+01
8.096036821140494055e+01
4.073808663180933820e+01
6.745074501185010263e+01
1.067312925649702606e+02
8.337389217260833618e+01
9.373105931910843935e+01
1.389746442467423435e+02
5.712305277921591795e+01
6.507243117812599564e+01
9.755322561876404563e+01
6.904916393277406428e+01
6.197182289188472737e+01
7.124568160306326092e+01
9.477898939912529386e+01
3.832358196206926237e+01
2.951084235592869476e+01
4.752888897155523296e+01
3.807354016744340441e+01
4.906253022109311246e+01
4.119804547283899865e+01
6.928398002196213668e+01
5.750616860891021531e+01
9.511586601212805192e+01
9.810334981553020839e+01
8.106082857232283345e+01
6.813106322719004027e+01
1.145160766919066191e+02
5.833059310868372904e+01
6.637737830232913439e+01
9.854322744421556024e+01
2.965536632552500151e+01
5.206138876054622955e+01
8.467558424607379663e+01
6.989554675503954684e+01
9.045210968863027290e+01
6.591856771329820219e+01
1.102500955083038292e+02
1.170884073086146202e+02
1.374261522466600525e+02
6.987059151036022797e+01
1.152776919317714004e+02
1.097142662680565053e+02
8.163379688972975146e+01
1.280049370465181369e+02
8.820693760754193136e+01
5.507142994084567533e+01
9.218309368365028433e+01
1.001329284462683233e+02
6.561661267404750220e+01
9.210323012232234419e+01
1.265872053259511603e+02
6.567413683068252794e+01
1.039118840261013332e+02
1.003930849271606860e+02
4.419035149675215024e+01
5.756847790705209178e+01
4.522647402799032079e+01
6.569661325236982918e+01
9.417806871998097051e+01
1.132094172678507960e+02
5.956476134102043574e+01
7.374665552418655068e+01
6.993655882430086024e+01
9.890052331383120077e+01
1.129049658232567594e+02
1.086108869723251047e+02
7.208822341195659078e+01
5.920838145794215279e+01
8.707586129151783894e+01
1.235975131134320009e+02
1.472346316573402873e+02
7.611686674282498188e+01
1.086655616681105698e+02
1.201609585270289529e+02
6.822931164526951875e+01
6.152367409166153323e+01
8.797805466108290773e+01
1.196918991312589640e+02
6.472284749143933880e+01
4.486910991295684425e+01
6.565272812581960693e+01
9.006513686069800428e+01
1.039659001566293597e+02
5.394968003915360555e+01
5.870571252786158567e+01
1.049693462709387148e+02
7.240777983725104150e+01
6.386118213058600901e+01
9.079140561474852689e+01
8.326440167509036883e+01
1.150478039672395454e+02
1.313760685608534970e+02
6.952011288489437391e+01
7.677224113420707852e+01
1.365390261396557605e+02
1.064913440979078132e+02
5.918171889944248676e+01
6.861466312865037764e+01
7.789986795664387387e+01
4.311290170242259734e+01
4.913441824226887888e+01
8.879074438331856811e+01
8.870611405476503819e+01
1.045331832015337596e+02
8.209601599051805465e+01
5.024102940949357077e+01
6.096695594985087752e+01
1.135205825525351884e+02
1.127394713526076231e+02
5.697128923749667706e+01
7.653301386644493221e+01
1.484460423715435979e+02
1.460143481210031950e+02
8.036808063821169412e+01
1.603990130249579522e+02
1.524339884404012935e+02
6.864710753123299014e+01
6.022366448523195004e+01
4.060556466594262304e+01
3.621033539876712837e+01
2.673258688471522859e+01
4.556885347630989713e+01
2.571726819322394064e+01
4.818114689313921417e+01
8.410594019799084720e+01
2.324469281859261471e+01
3.738116080355511883e+01
6.958221209116865680e+01
3.569019102133676569e+01
2.165982138150626213e+01
3.203672362156062547e+01
6.967236225770389524e+01
4.059453567714037092e+01
7.436293391340993253e+01
7.346426650025908600e+01
2.129066417299875624e+01
3.089183336278905401e+01
6.998931710816002294e+01
4.429575689105320890e+01
9.033159540965145595e+01
1.015698994823048480e+02
5.578951814553471422e+01
2.082465806594895241e+01
2.918580549889087905e+01
6.673017183761865567e+01
4.364938967853042584e+01
9.259802849685972603e+01
1.077930403534151367e+02
5.672319455111228592e+01
5.242423183615121474e+01
2.843467082773663179e+01
6.575273489049239117e+01
4.436770391067739894e+01
9.826984420955524513e+01
1.201555895383108776e+02
6.468943012406536752e+01
6.762698524985711401e+01
2.060573674670124689e+01
7.862901496153662606e+01
2.038388129228485823e+01
2.763899362610285237e+01
6.409070462968804804e+01
4.395610535031924115e+01
9.957027462282432850e+01
1.248800962036012692e+02
6.798259410937137659e+01
7.626591626542149527e+01
9.086314724279041855e+01
5.729581262735226943e+01
2.028693630099382617e+01
2.732235106543081571e+01
6.375540265947886098e+01
4.449380241833323169e+01
1.034777021550501530e+02
1.344864615570710100e+02
7.620572083639858363e+01
9.248680281901296496e+01
1.188561663574355407e+02
8.089384646616449004e+01
9.521008138997108006e+01
2.016659331867204585e+01
2.690046707824931005e+01
6.284886992349765933e+01
4.426059108685419119e+01
1.043429248296461225e+02
1.381543982315945698e+02
7.993637132631327802e+01
1.019326382408513467e+02
1.362208260214408426e+02
9.466910341747433222e+01
1.180325915226040792e+02
7.014484096075834429e+01
2.001599265246732529e+01
2.635519565438778145e+01
6.137468799000208719e+01
4.332313244164509314e+01
1.024497841770055260e+02
1.362380408694378673e+02
7.918178499751361699e+01
1.038871184652838338e+02
1.409496655482242318e+02
9.727078140315097698e+01
1.207738546524054328e+02
7.308792376348493747e+01
8.022935947749455465e+01
1.986677029193915800e+01
2.581299691288750964e+01
5.981327196080251696e+01
4.218499345346294405e+01
9.958168282119382297e+01
1.321038374789778516e+02
7.652941505291590829e+01
1.021417685802075255e+02
1.392381784554440856e+02
9.464216478394939713e+01
1.146247844163798533e+02
6.861003709103189863e+01
7.661666940161104833e+01
7.863220254347294258e+01
1.982025763270566543e+01
5.951228901043631936e+01
4.217259805645519322e+01
1.002710543328313264e+02
1.344293144009892558e+02
7.903875409358069248e+01
1.084659367246278663e+02
1.521795015529993407e+02
1.329773747892315328e+02
8.369864125960836532e+01
1.014102304861261246e+02
1.207786054329784946e+02
1.104366072166504580e+02
1.978050476741756825e+01
2.552394148284185960e+01
5.924011657353715776e+01
4.213118876550742442e+01
1.007166885148657514e+02
1.361149840290511577e+02
8.097103224017266143e+01
1.136161070830044082e+02
1.632260611691251029e+02
1.499919590901440074e+02
9.817850612205928940e+01
1.257452189546844608e+02
1.627239941939174912e+02
6.838073178500056315e+01
1.689392721811747151e+02
1.971263385892799036e+01
2.528366288957442976e+01
5.856484380521600031e+01
4.166042600446792932e+01
9.960549677609178332e+01
1.346753566792837944e+02
8.026303027296718540e+01
1.139844573308759834e+02
1.653737912454364505e+02
1.191517296887867730e+02
1.531321722692403853e+02
1.011285324987665604e+02
1.309839124817900142e+02
1.714244536049588703e+02
1.770795484013622740e+02
6.785868910833914924e+01
4.558297614140733600e+01
1.965129529296205746e+01
2.506757671323757464e+01
5.794745992587796479e+01
4.121474356598510980e+01
9.850313737073000198e+01
1.331544791660240890e+02
7.944355851989710970e+01
1.139170595687053407e+02
1.666794697046042302e+02
1.208835591060643964e+02
1.559815873793413630e+02
1.041702635832199917e+02
1.369031796708350441e+02
1.825400308962033478e+02
1.922895625021572243e+02
7.520206143895455853e+01
5.536753369146962456e+01
5.905308144902785017e+01
5.973782933005625040e+01
7.470587935164364524e+01
4.628749197184330910e+01
1.014258566685885654e+02
1.288437187661266705e+02
7.584391614799045556e+01
1.105557267317747119e+02
1.632137871138345702e+02
1.191495910947682404e+02
1.540398296925320949e+02
1.033711845835152872e+02
1.363374997096470906e+02
1.822581181641225783e+02
1.923562194931687941e+02
7.531556901463666520e+01
5.546787552203864635e+01
5.912585696041819006e+01
6.175579181588082633e+01
4.019144444559699281e+01
8.814050152002057814e+01
1.100881767178260020e+02
6.601400072777150285e+01
9.978847688963297458e+01
1.511851474880590445e+02
1.126849776614369887e+02
1.477528709467085264e+02
1.005227669350678212e+02
1.339575864481029157e+02
1.804256677061189578e+02
1.914285509887707235e+02
7.520585845879699605e+01
5.548234947418309559e+01
5.916168304818230439e+01
4.201522130064820004e+01
8.443543656819075238e+01
9.523971540444046013e+01
5.689276128126338961e+01
8.938101039892275423e+01
1.390357838518447977e+02
1.059449380549411615e+02
1.409227788208655738e+02
9.736288367921179088e+01
1.312805540493009460e+02
1.783565589956222652e+02
1.904018067069728772e+02
7.509897442963125513e+01
5.551180195628389669e+01
5.921067009744532328e+01
9.140263917133133020e+01
8.831915528832067253e+01
5.088545316631363136e+01
8.303690027408696039e+01
1.317962717428885355e+02
1.021040702443636832e+02
1.366251056118654503e+02
9.544984862720158958e+01
1.297721932367975342e+02
1.773872624291999500e+02
1.902215464611907407e+02
7.524091818366588313e+01
5.566826287174833254e+01
5.932888017101440425e+01
5.537624022162425774e+01
6.339107259786894844e+01
1.080468224360355549e+02
8.840820240597041391e+01
1.228230934794525808e+02
8.877272506551830134e+01
1.238668777101770786e+02
1.725767316283513821e+02
1.875577515065008072e+02
7.482408857008725533e+01
5.561001879208340171e+01
5.935512748759509805e+01
3.138660579605489431e+01
5.796604710523615012e+01
9.960825283324733448e+01
8.336283507701054418e+01
1.163060610799156649e+02
8.551297785480286962e+01
1.209459382397061376e+02
1.703430580317852616e+02
1.867324585275295021e+02
7.492511077651111862e+01
5.580750855605214866e+01
5.951665417569613226e+01
6.959832071849720592e+01
6.578798413387838195e+01
9.417490653532924227e+01
7.377536509976502543e+01
1.095119375176478513e+02
1.604365199501472716e+02
1.817443701243066698e+02
7.462374483211098664e+01
5.615159303500308852e+01
5.988027360302297097e+01
5.170216626640075219e+01
7.725992187856928695e+01
6.435964052200735352e+01
9.962424906378885225e+01
1.509831304004992489e+02
1.762203959010912229e+02
7.396421888267680345e+01
5.624284059769478716e+01
6.007799392702234798e+01
7.390800387591228571e+01
6.203030415692552424e+01
9.571539482031592172e+01
1.455083836630959127e+02
1.729112845542710488e+02
7.408399620713807110e+01
5.680731121906819681e+01
6.054693531169412779e+01
5.097688799580014773e+01
8.254383297608498538e+01
1.296435879146853836e+02
1.614222289714528813e+02
7.244235379638405448e+01
5.686664507808836788e+01
6.088174184070178541e+01
8.300309829645432558e+01
1.235557389288190393e+02
1.539011573382717302e+02
7.207842705976381126e+01
5.781348638520056937e+01
6.174818913141562149e+01
8.923150560876787551e+01
1.246267145308290338e+02
6.627522269183498338e+01
5.714657004108637040e+01
6.223446357271318874e+01
9.886723698888238232e+01
6.092050215117048850e+01
5.765723010074056987e+01
6.380026676186795243e+01
5.866584637700932348e+01
6.238693319150607408e+01
6.868248760463153246e+01
7.136840968830320264e+01
8.024600902169025574e+01
7.636649627916099803e+01
3.621033539876712837e+01
5.619451110471146649e+01
7.512943865263474663e+01
3.858038322946869414e+01
5.786415945176158004e+01
6.257539053804878648e+01
9.033204759969471809e+01
4.285186313009802461e+01
8.286809616766849729e+01
9.518262193448495623e+01
7.191584507362024681e+01
8.663620798192457073e+01
1.107545576792030460e+02
5.230914052863084862e+01
7.224928530186316777e+01
7.864142463792444460e+01
5.894049247339209785e+01
7.412113293812404891e+01
5.315612806026922499e+01
1.005768254227270404e+02
1.029869974963176418e+02
8.469404949569054963e+01
8.243732627000169089e+01
8.295974548401433424e+01
1.060847179819567998e+02
8.335486744146352578e+01
8.911633096953261202e+01
1.134046813838644425e+02
8.875221499984628792e+01
5.938302265432221816e+01
9.232964256081214671e+01
1.102346080217136262e+02
1.008745110325011751e+02
8.399093885771144130e+01
7.642937346652752240e+01
8.002154848809014709e+01
1.079141879899389949e+02
1.048346685788549308e+02
1.010548699499056937e+02
1.015622650917172507e+02
1.069577333793767338e+02
6.902048365931131002e+01
8.032974995835809295e+01
1.073084903455141159e+02
1.142119667210168217e+02
1.432232979543064175e+02
9.799222845928076708e+01
1.024492153034942561e+02
8.910195731220264292e+01
7.198858631379785322e+01
9.919387520952948023e+01
9.964002304316409209e+01
1.129299981813063880e+02
1.290469654334599454e+02
1.057616173363391567e+02
1.023863775440974564e+02
1.031489717185007748e+02
1.069585660273856718e+02
1.031896224611234487e+02
1.421225812068839218e+02
6.211569255362288544e+01
1.178282925729307067e+02
1.354658586431636991e+02
1.400416091143667643e+02
1.190412947715030469e+02
1.107354515348217916e+02
1.367447340843873462e+02
1.361297912325993309e+02
1.455930766516964638e+02
9.629661660990140604e+01
6.108978451492931327e+01
1.237836824325958389e+02
1.279572163606862887e+02
1.302193641319247490e+02
1.203448778055558677e+02
1.122333996114086574e+02
8.877272506551830134e+01
1.310566565422568317e+02
1.349735569527280461e+02
1.191595046911018585e+02
1.614222289714528813e+02
5.928990164384870099e+01
7.636649627916099803e+01
