21
# x y z
32	0	0
32.25	0	0
32.5	0	0
32.75	0	0
33	0	0
33.25	0	0
33.5	0	0
33.75	0	0
34	0	0
34.25	0	0
34.5	0	0
34.75	0	0
35	0	0
35.25	0	0
35.5	0	0
35.75	0	0
36	0	0
36.25	0	0
36.5	0	0
36.75	0	0
37	0	0
560
# a b m n rhoa k err ip iperr
1	2	3	4	8.67970093244298e+01	-4.71394949841577e+00	3.00000000000000e-02	0.00000000000000e+00	0.00000000000000e+00
1	2	4	5	8.18133339803349e+01	-1.88142371542090e+01	3.00000000000000e-02	0.00000000000000e+00	0.00000000000000e+00
1	2	5	6	7.86089057837617e+01	-4.70889651687533e+01	3.00000000000000e-02	0.00000000000000e+00	0.00000000000000e+00
1	2	6	7	1.01750290877890e+02	-9.44046639740682e+01	3.00000000000000e-02	0.00000000000000e+00	0.00000000000000e+00
1	2	7	8	1.04858220780155e+02	-1.65368040467686e+02	3.00000000000000e-02	0.00000000000000e+00	0.00000000000000e+00
1	2	8	9	5.07780849583519e+01	-2.64438892201685e+02	3.00000000000000e-02	0.00000000000000e+00	0.00000000000000e+00
1	2	9	11	7.80225128049972e+01	-2.33090887595964e+02	3.00000000000000e-02	0.00000000000000e+00	0.00000000000000e+00
1	2	11	14	6.04869769359062e+01	-3.34196964152594e+02	3.00000000000000e-02	0.00000000000000e+00	0.00000000000000e+00
2	3	4	5	7.33007741666545e+01	-4.72040275407506e+00	3.00000000000000e-02	0.00000000000000e+00	0.00000000000000e+00
2	3	5	6	5.48059859134317e+01	-1.88271376303866e+01	3.00000000000000e-02	0.00000000000000e+00	0.00000000000000e+00
2	3	6	7	7.63961449384860e+01	-4.71049030653558e+01	3.00000000000000e-02	0.00000000000000e+00	0.00000000000000e+00
2	3	7	8	7.80820104669598e+01	-9.44567491250271e+01	3.00000000000000e-02	0.00000000000000e+00	0.00000000000000e+00
2	3	8	9	3.96024139224441e+01	-1.65409798356211e+02	3.00000000000000e-02	0.00000000000000e+00	0.00000000000000e+00
2	3	9	10	5.53544616727924e+01	-2.64531130308917e+02	3.00000000000000e-02	0.00000000000000e+00	0.00000000000000e+00
2	3	10	12	5.42845181850847e+01	-2.33141862768199e+02	3.00000000000000e-02	0.00000000000000e+00	0.00000000000000e+00
2	3	12	15	5.58204185942512e+01	-3.34245997666231e+02	3.00000000000000e-02	0.00000000000000e+00	0.00000000000000e+00
2	4	8	9	3.41618574690939e+01	-6.01196651873867e+01	3.00000000000000e-02	0.00000000000000e+00	0.00000000000000e+00
2	4	9	11	5.32985097651583e+01	-6.20050044732781e+01	3.00000000000000e-02	0.00000000000000e+00	0.00000000000000e+00
2	4	11	14	4.39536623404488e+01	-1.04259610512973e+02	3.00000000000000e-02	0.00000000000000e+00	0.00000000000000e+00
2	4	14	18	5.75021867782316e+01	-2.03014336779968e+02	3.00000000000000e-02	0.00000000000000e+00	0.00000000000000e+00
3	4	5	6	4.73378367758500e+01	-4.71887204193249e+00	3.00000000000000e-02	0.00000000000000e+00	0.00000000000000e+00
3	4	6	7	6.58057621346848e+01	-1.88200361881281e+01	3.00000000000000e-02	0.00000000000000e+00	0.00000000000000e+00
3	4	7	8	6.53770380656702e+01	-4.71179068162406e+01	3.00000000000000e-02	0.00000000000000e+00	0.00000000000000e+00
3	4	8	9	3.29085987752315e+01	-9.44474225323993e+01	3.00000000000000e-02	0.00000000000000e+00	0.00000000000000e+00
3	4	9	10	4.94820800681286e+01	-1.65429939514726e+02	3.00000000000000e-02	0.00000000000000e+00	0.00000000000000e+00
3	4	10	11	5.99890429511516e+01	-2.64534611641435e+02	3.00000000000000e-02	0.00000000000000e+00	0.00000000000000e+00
3	4	11	13	3.85726374855430e+01	-2.33144776122234e+02	3.00000000000000e-02	0.00000000000000e+00	0.00000000000000e+00
3	4	13	16	6.25264427280941e+01	-3.34249820800760e+02	3.00000000000000e-02	0.00000000000000e+00	0.00000000000000e+00
2	5	10	11	6.01857442370772e+01	-8.09872344073777e+01	3.00000000000000e-02	0.00000000000000e+00	0.00000000000000e+00
2	5	11	13	3.88820347184217e+01	-7.32912509724940e+01	3.00000000000000e-02	0.00000000000000e+00	0.00000000000000e+00
2	5	13	16	6.27030958631471e+01	-1.07553033485845e+02	3.00000000000000e-02	0.00000000000000e+00	0.00000000000000e+00
2	5	16	20	5.28356666599445e+01	-1.87691309364179e+02	3.00000000000000e-02	0.00000000000000e+00	0.00000000000000e+00
3	5	9	10	4.86059178372107e+01	-6.01267429216935e+01	3.00000000000000e-02	0.00000000000000e+00	0.00000000000000e+00
3	5	10	12	5.33706173086340e+01	-6.20047113609325e+01	3.00000000000000e-02	0.00000000000000e+00	0.00000000000000e+00
3	5	12	15	4.99595122112169e+01	-1.04258905628110e+02	3.00000000000000e-02	0.00000000000000e+00	0.00000000000000e+00
3	5	15	19	4.97603073802559e+01	-2.03015460169298e+02	3.00000000000000e-02	0.00000000000000e+00	0.00000000000000e+00
4	5	6	7	7.17435339652017e+01	-4.70446318156614e+00	3.00000000000000e-02	0.00000000000000e+00	0.00000000000000e+00
4	5	7	8	6.22926796532565e+01	-1.88268780440886e+01	3.00000000000000e-02	0.00000000000000e+00	0.00000000000000e+00
4	5	8	9	3.05784817991073e+01	-4.71044742215857e+01	3.00000000000000e-02	0.00000000000000e+00	0.00000000000000e+00
4	5	9	10	4.83911882178432e+01	-9.44583238360249e+01	3.00000000000000e-02	0.00000000000000e+00	0.00000000000000e+00
4	5	10	11	6.05334342549349e+01	-1.65425343525562e+02	3.00000000000000e-02	0.00000000000000e+00	0.00000000000000e+00
4	5	11	12	4.34642222978247e+01	-2.64533777412889e+02	3.00000000000000e-02	0.00000000000000e+00	0.00000000000000e+00
4	5	12	14	4.32581820820971e+01	-2.33142446439104e+02	3.00000000000000e-02	0.00000000000000e+00	0.00000000000000e+00
4	5	14	17	5.71078514469065e+01	-3.34245513455228e+02	3.00000000000000e-02	0.00000000000000e+00	0.00000000000000e+00
3	6	11	12	3.75397246616121e+01	-8.09901073582277e+01	3.00000000000000e-02	0.00000000000000e+00	0.00000000000000e+00
3	6	12	14	3.92071280544146e+01	-7.32921602010207e+01	3.00000000000000e-02	0.00000000000000e+00	0.00000000000000e+00
3	6	14	17	5.15382865685164e+01	-1.07552925913555e+02	3.00000000000000e-02	0.00000000000000e+00	0.00000000000000e+00
4	6	10	11	5.19406436165896e+01	-6.01286645056460e+01	3.00000000000000e-02	0.00000000000000e+00	0.00000000000000e+00
4	6	11	13	3.43273150599198e+01	-6.20062012133426e+01	3.00000000000000e-02	0.00000000000000e+00	0.00000000000000e+00
4	6	13	16	5.48894193433215e+01	-1.04260536985096e+02	3.00000000000000e-02	0.00000000000000e+00	0.00000000000000e+00
4	6	16	20	4.69725411473497e+01	-2.03015641979435e+02	3.00000000000000e-02	0.00000000000000e+00	0.00000000000000e+00
5	6	7	8	4.86114598415528e+01	-4.72612071531863e+00	3.00000000000000e-02	0.00000000000000e+00	0.00000000000000e+00
5	6	8	9	2.65447532705592e+01	-1.88245975637072e+01	3.00000000000000e-02	0.00000000000000e+00	0.00000000000000e+00
5	6	9	10	4.15754037254372e+01	-4.71235409417558e+01	3.00000000000000e-02	0.00000000000000e+00	0.00000000000000e+00
5	6	10	11	4.73211736652691e+01	-9.44645650191721e+01	3.00000000000000e-02	0.00000000000000e+00	0.00000000000000e+00
5	6	11	12	3.44793819544700e+01	-1.65436182397956e+02	3.00000000000000e-02	0.00000000000000e+00	0.00000000000000e+00
5	6	12	13	2.78889391072485e+01	-2.64538194045516e+02	3.00000000000000e-02	0.00000000000000e+00	0.00000000000000e+00
5	6	13	15	5.29332408506765e+01	-2.33148080932520e+02	3.00000000000000e-02	0.00000000000000e+00	0.00000000000000e+00
5	6	15	18	4.18481147637889e+01	-3.34252787672337e+02	3.00000000000000e-02	0.00000000000000e+00	0.00000000000000e+00
2	7	13	14	5.83780872254335e+01	-9.69066014605083e+01	3.00000000000000e-02	0.00000000000000e+00	0.00000000000000e+00
2	7	14	16	5.90653491848619e+01	-7.92224790995018e+01	3.00000000000000e-02	0.00000000000000e+00	0.00000000000000e+00
2	7	16	19	4.97608683009424e+01	-1.03542498919944e+02	3.00000000000000e-02	0.00000000000000e+00	0.00000000000000e+00
4	7	12	13	3.03363941910545e+01	-8.09864602282374e+01	3.00000000000000e-02	0.00000000000000e+00	0.00000000000000e+00
4	7	13	15	5.97259751514202e+01	-7.32912288200338e+01	3.00000000000000e-02	0.00000000000000e+00	0.00000000000000e+00
4	7	15	18	4.64364817792530e+01	-1.07553101486617e+02	3.00000000000000e-02	0.00000000000000e+00	0.00000000000000e+00
5	7	11	12	3.96442649783890e+01	-6.01271953444186e+01	3.00000000000000e-02	0.00000000000000e+00	0.00000000000000e+00
5	7	12	14	3.99949383636518e+01	-6.20044840553147e+01	3.00000000000000e-02	0.00000000000000e+00	0.00000000000000e+00
5	7	14	17	5.14569666949063e+01	-1.04258239125092e+02	3.00000000000000e-02	0.00000000000000e+00	0.00000000000000e+00
6	7	8	9	2.58215072994634e+01	-4.70443366069264e+00	3.00000000000000e-02	0.00000000000000e+00	0.00000000000000e+00
6	7	9	10	4.93038410413959e+01	-1.88286803923530e+01	3.00000000000000e-02	0.00000000000000e+00	0.00000000000000e+00
6	7	10	11	5.96320930274014e+01	-4.71142957812745e+01	3.00000000000000e-02	0.00000000000000e+00	0.00000000000000e+00
6	7	11	12	4.27688961909488e+01	-9.44574051502343e+01	3.00000000000000e-02	0.00000000000000e+00	0.00000000000000e+00
6	7	12	13	3.17288813758399e+01	-1.65420872939152e+02	3.00000000000000e-02	0.00000000000000e+00	0.00000000000000e+00
6	7	13	14	5.88980611638551e+01	-2.64533239151557e+02	3.00000000000000e-02	0.00000000000000e+00	0.00000000000000e+00
6	7	14	16	5.83307517201422e+01	-2.33138361298420e+02	3.00000000000000e-02	0.00000000000000e+00	0.00000000000000e+00
6	7	16	19	4.74400100035411e+01	-3.34244638302434e+02	3.00000000000000e-02	0.00000000000000e+00	0.00000000000000e+00
3	8	14	15	6.50292301352139e+01	-9.69043732437851e+01	3.00000000000000e-02	0.00000000000000e+00	0.00000000000000e+00
3	8	15	17	4.43208657669411e+01	-7.92237683946615e+01	3.00000000000000e-02	0.00000000000000e+00	0.00000000000000e+00
3	8	17	20	5.25785809186918e+01	-1.03543539320611e+02	3.00000000000000e-02	0.00000000000000e+00	0.00000000000000e+00
5	8	13	14	5.99717177653907e+01	-8.09913119695312e+01	3.00000000000000e-02	0.00000000000000e+00	0.00000000000000e+00
5	8	14	16	5.68473350756087e+01	-7.32916319538244e+01	3.00000000000000e-02	0.00000000000000e+00	0.00000000000000e+00
5	8	16	19	4.53977559745894e+01	-1.07553408532651e+02	3.00000000000000e-02	0.00000000000000e+00	0.00000000000000e+00
6	8	12	13	3.51347594030772e+01	-6.01279739516289e+01	3.00000000000000e-02	0.00000000000000e+00	0.00000000000000e+00
6	8	13	15	6.41522463039002e+01	-6.20062113297766e+01	3.00000000000000e-02	0.00000000000000e+00	0.00000000000000e+00
6	8	15	18	4.66394788971601e+01	-1.04260508649338e+02	3.00000000000000e-02	0.00000000000000e+00	0.00000000000000e+00
7	8	9	10	9.52964082498579e+01	-4.73313209312939e+00	3.00000000000000e-02	0.00000000000000e+00	0.00000000000000e+00
7	8	10	11	8.81979881922283e+01	-1.88370701904527e+01	3.00000000000000e-02	0.00000000000000e+00	0.00000000000000e+00
7	8	11	12	5.60639734649580e+01	-4.71260473286132e+01	3.00000000000000e-02	0.00000000000000e+00	0.00000000000000e+00
7	8	12	13	3.87908277230820e+01	-9.44643184372734e+01	3.00000000000000e-02	0.00000000000000e+00	0.00000000000000e+00
7	8	13	14	6.79247663106854e+01	-1.65439756608931e+02	3.00000000000000e-02	0.00000000000000e+00	0.00000000000000e+00
7	8	14	15	7.02706190608172e+01	-2.64534270422706e+02	3.00000000000000e-02	0.00000000000000e+00	0.00000000000000e+00
7	8	15	17	4.64934854075494e+01	-2.33149389000574e+02	3.00000000000000e-02	0.00000000000000e+00	0.00000000000000e+00
7	8	17	20	5.32219600946115e+01	-3.34254205309507e+02	3.00000000000000e-02	0.00000000000000e+00	0.00000000000000e+00
2	9	16	17	3.50564663259391e+01	-1.20040769783176e+02	3.00000000000000e-02	0.00000000000000e+00	0.00000000000000e+00
2	9	17	19	4.32783822980176e+01	-9.15837993419127e+01	3.00000000000000e-02	0.00000000000000e+00	0.00000000000000e+00
4	9	15	16	3.73413422197893e+01	-9.69061783118306e+01	3.00000000000000e-02	0.00000000000000e+00	0.00000000000000e+00
4	9	16	18	3.64720992916759e+01	-7.92220724962442e+01	3.00000000000000e-02	0.00000000000000e+00	0.00000000000000e+00
6	9	14	15	4.87136705527344e+01	-8.09830790414667e+01	3.00000000000000e-02	0.00000000000000e+00	0.00000000000000e+00
6	9	15	17	3.28940146033563e+01	-7.32906460628772e+01	3.00000000000000e-02	0.00000000000000e+00	0.00000000000000e+00
6	9	17	20	3.83036414306247e+01	-1.07552806582349e+02	3.00000000000000e-02	0.00000000000000e+00	0.00000000000000e+00
7	9	13	14	4.35155719001799e+01	-6.01260563548185e+01	3.00000000000000e-02	0.00000000000000e+00	0.00000000000000e+00
7	9	14	16	3.90800216752347e+01	-6.20025506629966e+01	3.00000000000000e-02	0.00000000000000e+00	0.00000000000000e+00
7	9	16	19	3.00206595530389e+01	-1.04257949591378e+02	3.00000000000000e-02	0.00000000000000e+00	0.00000000000000e+00
8	9	10	11	4.49506531150344e+01	-4.71956560836200e+00	3.00000000000000e-02	0.00000000000000e+00	0.00000000000000e+00
8	9	11	12	2.70229325287195e+01	-1.88268511493580e+01	3.00000000000000e-02	0.00000000000000e+00	0.00000000000000e+00
8	9	12	13	1.80846321235703e+01	-4.71081546136721e+01	3.00000000000000e-02	0.00000000000000e+00	0.00000000000000e+00
8	9	13	14	3.12981827482774e+01	-9.44534291853219e+01	3.00000000000000e-02	0.00000000000000e+00	0.00000000000000e+00
8	9	14	15	3.00875932043102e+01	-1.65410057363839e+02	3.00000000000000e-02	0.00000000000000e+00	0.00000000000000e+00
8	9	15	16	2.02520511374262e+01	-2.64528333502173e+02	3.00000000000000e-02	0.00000000000000e+00	0.00000000000000e+00
8	9	16	18	1.89436052818769e+01	-2.33134561982139e+02	3.00000000000000e-02	0.00000000000000e+00	0.00000000000000e+00
8	9	18	21	2.41233756308787e+01	-3.34242380920350e+02	3.00000000000000e-02	0.00000000000000e+00	0.00000000000000e+00
3	10	17	18	3.93226241950250e+01	-1.20044156312659e+02	3.00000000000000e-02	0.00000000000000e+00	0.00000000000000e+00
3	10	18	20	3.72925238950520e+01	-9.15834937267514e+01	3.00000000000000e-02	0.00000000000000e+00	0.00000000000000e+00
5	10	16	17	2.70264070700405e+01	-9.69025326727947e+01	3.00000000000000e-02	0.00000000000000e+00	0.00000000000000e+00
5	10	17	19	3.35066513850737e+01	-7.92235537716490e+01	3.00000000000000e-02	0.00000000000000e+00	0.00000000000000e+00
7	10	15	16	2.72184336962017e+01	-8.09886832368823e+01	3.00000000000000e-02	0.00000000000000e+00	0.00000000000000e+00
7	10	16	18	2.61506099451607e+01	-7.32900141396281e+01	3.00000000000000e-02	0.00000000000000e+00	0.00000000000000e+00
8	10	14	15	3.27905361545180e+01	-6.01202314463051e+01	3.00000000000000e-02	0.00000000000000e+00	0.00000000000000e+00
8	10	15	17	2.08389280243388e+01	-6.20038264170680e+01	3.00000000000000e-02	0.00000000000000e+00	0.00000000000000e+00
8	10	17	20	2.22481521425416e+01	-1.04259053214218e+02	3.00000000000000e-02	0.00000000000000e+00	0.00000000000000e+00
9	10	11	12	2.57136352744690e+01	-4.72230930232629e+00	3.00000000000000e-02	0.00000000000000e+00	0.00000000000000e+00
9	10	12	13	2.06479600151879e+01	-1.88242652023812e+01	3.00000000000000e-02	0.00000000000000e+00	0.00000000000000e+00
9	10	13	14	3.65305422270870e+01	-4.71156957904589e+01	3.00000000000000e-02	0.00000000000000e+00	0.00000000000000e+00
9	10	14	15	3.44059743115454e+01	-9.44487356266448e+01	3.00000000000000e-02	0.00000000000000e+00	0.00000000000000e+00
9	10	15	16	2.32801648395910e+01	-1.65430199606261e+02	3.00000000000000e-02	0.00000000000000e+00	0.00000000000000e+00
9	10	16	17	1.98921713102662e+01	-2.64523202898217e+02	3.00000000000000e-02	0.00000000000000e+00	0.00000000000000e+00
9	10	17	19	2.32908946382985e+01	-2.33146055921857e+02	3.00000000000000e-02	0.00000000000000e+00	0.00000000000000e+00
4	11	18	19	3.13947884027641e+01	-1.20044157592769e+02	3.00000000000000e-02	0.00000000000000e+00	0.00000000000000e+00
6	11	17	18	3.10815825630805e+01	-9.69058507298137e+01	3.00000000000000e-02	0.00000000000000e+00	0.00000000000000e+00
6	11	18	20	3.01029628275452e+01	-7.92229098198980e+01	3.00000000000000e-02	0.00000000000000e+00	0.00000000000000e+00
8	11	16	17	2.00950079247254e+01	-8.09828681695556e+01	3.00000000000000e-02	0.00000000000000e+00	0.00000000000000e+00
8	11	17	19	2.33884934557166e+01	-7.32915098450615e+01	3.00000000000000e-02	0.00000000000000e+00	0.00000000000000e+00
9	11	15	16	2.51746723324161e+01	-6.01265177095884e+01	3.00000000000000e-02	0.00000000000000e+00	0.00000000000000e+00
9	11	16	18	2.26267287757116e+01	-6.20025889089243e+01	3.00000000000000e-02	0.00000000000000e+00	0.00000000000000e+00
10	11	12	13	2.24569524993885e+01	-4.71234283051488e+00	3.00000000000000e-02	0.00000000000000e+00	0.00000000000000e+00
10	11	13	14	4.23394306853779e+01	-1.88254732822205e+01	3.00000000000000e-02	0.00000000000000e+00	0.00000000000000e+00
10	11	14	15	3.77365257458508e+01	-4.71047693861346e+01	3.00000000000000e-02	0.00000000000000e+00	0.00000000000000e+00
10	11	15	16	2.62090789049250e+01	-9.44576832183957e+01	3.00000000000000e-02	0.00000000000000e+00	0.00000000000000e+00
10	11	16	17	2.15369910648957e+01	-1.65414677917785e+02	3.00000000000000e-02	0.00000000000000e+00	0.00000000000000e+00
10	11	17	18	2.57239279214659e+01	-2.64533798714203e+02	3.00000000000000e-02	0.00000000000000e+00	0.00000000000000e+00
10	11	18	20	2.53489006327846e+01	-2.33142647482085e+02	3.00000000000000e-02	0.00000000000000e+00	0.00000000000000e+00
5	12	19	20	2.97247146284994e+01	-1.20042139853967e+02	3.00000000000000e-02	0.00000000000000e+00	0.00000000000000e+00
7	12	18	19	2.20928724996895e+01	-9.69066391483919e+01	3.00000000000000e-02	0.00000000000000e+00	0.00000000000000e+00
9	12	17	18	2.12517181832935e+01	-8.09888537223031e+01	3.00000000000000e-02	0.00000000000000e+00	0.00000000000000e+00
9	12	18	20	2.08850315719579e+01	-7.32916134025290e+01	3.00000000000000e-02	0.00000000000000e+00	0.00000000000000e+00
10	12	16	17	1.72810870499879e+01	-6.01215124409883e+01	3.00000000000000e-02	0.00000000000000e+00	0.00000000000000e+00
10	12	17	19	1.99203229185208e+01	-6.20056990734184e+01	3.00000000000000e-02	0.00000000000000e+00	0.00000000000000e+00
11	12	13	14	3.35519939550306e+01	-4.71905950092485e+00	3.00000000000000e-02	0.00000000000000e+00	0.00000000000000e+00
11	12	14	15	2.68530819053563e+01	-1.88204947472360e+01	3.00000000000000e-02	0.00000000000000e+00	0.00000000000000e+00
11	12	15	16	1.90466458654247e+01	-4.71184548001868e+01	3.00000000000000e-02	0.00000000000000e+00	0.00000000000000e+00
11	12	16	17	1.55129099686224e+01	-9.44503906908160e+01	3.00000000000000e-02	0.00000000000000e+00	0.00000000000000e+00
11	12	17	18	1.76157473361041e+01	-1.65430931746591e+02	3.00000000000000e-02	0.00000000000000e+00	0.00000000000000e+00
11	12	18	19	1.66394628844748e+01	-2.64539201785615e+02	3.00000000000000e-02	0.00000000000000e+00	0.00000000000000e+00
11	12	19	21	2.00457862115199e+01	-2.33140960853393e+02	3.00000000000000e-02	0.00000000000000e+00	0.00000000000000e+00
8	13	19	20	1.88312037546250e+01	-9.69037238632679e+01	3.00000000000000e-02	0.00000000000000e+00	0.00000000000000e+00
10	13	18	19	1.52274510573446e+01	-8.09888950443553e+01	3.00000000000000e-02	0.00000000000000e+00	0.00000000000000e+00
11	13	17	18	1.46772836418095e+01	-6.01269275181152e+01	3.00000000000000e-02	0.00000000000000e+00	0.00000000000000e+00
11	13	18	20	1.35011995584552e+01	-6.20049211847639e+01	3.00000000000000e-02	0.00000000000000e+00	0.00000000000000e+00
12	13	14	15	1.76266659175017e+01	-4.70452149663088e+00	3.00000000000000e-02	0.00000000000000e+00	0.00000000000000e+00
12	13	15	16	1.42080176562495e+01	-1.88271446278165e+01	3.00000000000000e-02	0.00000000000000e+00	0.00000000000000e+00
12	13	16	17	1.20563335941903e+01	-4.71060935929918e+01	3.00000000000000e-02	0.00000000000000e+00	0.00000000000000e+00
12	13	17	18	1.33717279379775e+01	-9.44584559272793e+01	3.00000000000000e-02	0.00000000000000e+00	0.00000000000000e+00
12	13	18	19	1.10727994039916e+01	-1.65429363743399e+02	3.00000000000000e-02	0.00000000000000e+00	0.00000000000000e+00
12	13	19	20	1.23772257753391e+01	-2.64526593773877e+02	3.00000000000000e-02	0.00000000000000e+00	0.00000000000000e+00
11	14	19	20	2.02335205881322e+01	-8.09875341250515e+01	3.00000000000000e-02	0.00000000000000e+00	0.00000000000000e+00
12	14	18	19	1.91275985305751e+01	-6.01303938063109e+01	3.00000000000000e-02	0.00000000000000e+00	0.00000000000000e+00
13	14	15	16	2.36599816839006e+01	-4.72610760670217e+00	3.00000000000000e-02	0.00000000000000e+00	0.00000000000000e+00
13	14	16	17	2.34721624341976e+01	-1.88251693741811e+01	3.00000000000000e-02	0.00000000000000e+00	0.00000000000000e+00
13	14	17	18	2.69211672145693e+01	-4.71226452206709e+01	3.00000000000000e-02	0.00000000000000e+00	0.00000000000000e+00
13	14	18	19	2.37971246035272e+01	-9.44675222840371e+01	3.00000000000000e-02	0.00000000000000e+00	0.00000000000000e+00
13	14	19	20	2.63178908714909e+01	-1.65429767622265e+02	3.00000000000000e-02	0.00000000000000e+00	0.00000000000000e+00
13	14	20	21	3.43732305536373e+01	-2.64537664819392e+02	3.00000000000000e-02	0.00000000000000e+00	0.00000000000000e+00
13	15	19	20	3.02589715423344e+01	-6.01237716378114e+01	3.00000000000000e-02	0.00000000000000e+00	0.00000000000000e+00
14	15	16	17	3.42322007385620e+01	-4.70490096546141e+00	3.00000000000000e-02	0.00000000000000e+00	0.00000000000000e+00
14	15	17	18	3.36168977590734e+01	-1.88271948470070e+01	3.00000000000000e-02	0.00000000000000e+00	0.00000000000000e+00
14	15	18	19	2.98486401617425e+01	-4.71162888695404e+01	3.00000000000000e-02	0.00000000000000e+00	0.00000000000000e+00
14	15	19	20	3.25389523798145e+01	-9.44510469478455e+01	3.00000000000000e-02	0.00000000000000e+00	0.00000000000000e+00
14	15	20	21	3.91870045753784e+01	-1.65420694471253e+02	3.00000000000000e-02	0.00000000000000e+00	0.00000000000000e+00
15	16	19	20	2.79225041258035e+01	-4.71187162411741e+01	3.00000000000000e-02	0.00000000000000e+00	0.00000000000000e+00
15	16	20	21	3.14734489393908e+01	-9.44632331260116e+01	3.00000000000000e-02	0.00000000000000e+00	0.00000000000000e+00
16	17	19	20	2.34581386841318e+01	-1.88204126090176e+01	3.00000000000000e-02	0.00000000000000e+00	0.00000000000000e+00
16	17	20	21	2.64689617407872e+01	-4.71086937205887e+01	3.00000000000000e-02	0.00000000000000e+00	0.00000000000000e+00
17	18	19	20	3.73653691870097e+01	-4.71140715246825e+00	3.00000000000000e-02	0.00000000000000e+00	0.00000000000000e+00
17	18	20	21	3.82982095090345e+01	-1.88239215104247e+01	3.00000000000000e-02	0.00000000000000e+00	0.00000000000000e+00
1	4	2	3	7.52140080602006e+01	1.57925033301280e+00	3.00000000000000e-02	0.00000000000000e+00	0.00000000000000e+00
2	5	3	4	7.16367748722216e+01	1.57217482722025e+00	3.00000000000000e-02	0.00000000000000e+00	0.00000000000000e+00
3	6	4	5	7.76160198439288e+01	1.57077066915851e+00	3.00000000000000e-02	0.00000000000000e+00	0.00000000000000e+00
4	7	5	6	5.24672707016240e+01	1.57299567386071e+00	3.00000000000000e-02	0.00000000000000e+00	0.00000000000000e+00
2	8	4	6	7.88497799856220e+01	3.14253978445034e+00	3.00000000000000e-02	0.00000000000000e+00	0.00000000000000e+00
5	8	6	7	5.80542754650270e+01	1.56892846334780e+00	3.00000000000000e-02	0.00000000000000e+00	0.00000000000000e+00
3	9	5	7	7.44444293413390e+01	3.14252067765916e+00	3.00000000000000e-02	0.00000000000000e+00	0.00000000000000e+00
6	9	7	8	7.40120304028990e+01	1.57466039464147e+00	3.00000000000000e-02	0.00000000000000e+00	0.00000000000000e+00
4	10	6	8	8.41775564956147e+01	3.14254832659912e+00	3.00000000000000e-02	0.00000000000000e+00	0.00000000000000e+00
7	10	8	9	3.46173593944644e+01	1.57061070630535e+00	3.00000000000000e-02	0.00000000000000e+00	0.00000000000000e+00
2	11	5	8	9.94686404719400e+01	4.71902916150051e+00	3.00000000000000e-02	0.00000000000000e+00	0.00000000000000e+00
2	11	6	7	1.08285263482667e+02	1.57359807891247e+01	3.00000000000000e-02	0.00000000000000e+00	0.00000000000000e+00
5	11	7	9	5.61292844640132e+01	3.14240279388045e+00	3.00000000000000e-02	0.00000000000000e+00	0.00000000000000e+00
8	11	9	10	5.44804931423694e+01	1.57414851824988e+00	3.00000000000000e-02	0.00000000000000e+00	0.00000000000000e+00
3	12	6	9	8.37485088163105e+01	4.71859801991765e+00	3.00000000000000e-02	0.00000000000000e+00	0.00000000000000e+00
3	12	7	8	1.04650442797906e+02	1.57367430414876e+01	3.00000000000000e-02	0.00000000000000e+00	0.00000000000000e+00
6	12	8	10	3.69870807425511e+01	3.14222077500221e+00	3.00000000000000e-02	0.00000000000000e+00	0.00000000000000e+00
9	12	10	11	4.27471124334463e+01	1.57158501593553e+00	3.00000000000000e-02	0.00000000000000e+00	0.00000000000000e+00
4	13	7	10	6.99619115388162e+01	4.71877080180600e+00	3.00000000000000e-02	0.00000000000000e+00	0.00000000000000e+00
4	13	8	9	4.78762689859293e+01	1.57354182916897e+01	3.00000000000000e-02	0.00000000000000e+00	0.00000000000000e+00
7	13	9	11	5.01604743112267e+01	3.14243400457495e+00	3.00000000000000e-02	0.00000000000000e+00	0.00000000000000e+00
10	13	11	12	3.04530344904676e+01	1.57255681504896e+00	3.00000000000000e-02	0.00000000000000e+00	0.00000000000000e+00
2	14	6	10	9.72968743286053e+01	6.29203442484595e+00	3.00000000000000e-02	0.00000000000000e+00	0.00000000000000e+00
2	14	7	9	9.61297366210415e+01	1.37630392191199e+01	3.00000000000000e-02	0.00000000000000e+00	0.00000000000000e+00
5	14	8	11	5.03454809189945e+01	4.71850277596530e+00	3.00000000000000e-02	0.00000000000000e+00	0.00000000000000e+00
5	14	9	10	5.55423122265106e+01	1.57361046196352e+01	3.00000000000000e-02	0.00000000000000e+00	0.00000000000000e+00
8	14	10	12	4.92668081211711e+01	3.14255695312146e+00	3.00000000000000e-02	0.00000000000000e+00	0.00000000000000e+00
11	14	12	13	2.05090605842614e+01	1.56983126673515e+00	3.00000000000000e-02	0.00000000000000e+00	0.00000000000000e+00
3	15	7	11	7.96911821953724e+01	6.29208800386666e+00	3.00000000000000e-02	0.00000000000000e+00	0.00000000000000e+00
3	15	8	10	6.21234560532453e+01	1.37629144325872e+01	3.00000000000000e-02	0.00000000000000e+00	0.00000000000000e+00
6	15	9	12	4.74271664001205e+01	4.71893321660039e+00	3.00000000000000e-02	0.00000000000000e+00	0.00000000000000e+00
6	15	10	11	5.68442631835885e+01	1.57363509528827e+01	3.00000000000000e-02	0.00000000000000e+00	0.00000000000000e+00
9	15	11	13	2.73582630570221e+01	3.14243906623916e+00	3.00000000000000e-02	0.00000000000000e+00	0.00000000000000e+00
12	15	13	14	3.17316248636371e+01	1.57299840198075e+00	3.00000000000000e-02	0.00000000000000e+00	0.00000000000000e+00
4	16	8	12	5.58948430968035e+01	6.29199852949560e+00	3.00000000000000e-02	0.00000000000000e+00	0.00000000000000e+00
4	16	9	11	6.83666540679986e+01	1.37630660039454e+01	3.00000000000000e-02	0.00000000000000e+00	0.00000000000000e+00
7	16	10	13	4.16360624057745e+01	4.71870529394675e+00	3.00000000000000e-02	0.00000000000000e+00	0.00000000000000e+00
7	16	11	12	3.85221150161420e+01	1.57362223767834e+01	3.00000000000000e-02	0.00000000000000e+00	0.00000000000000e+00
10	16	12	14	2.98933505219445e+01	3.14230232959935e+00	3.00000000000000e-02	0.00000000000000e+00	0.00000000000000e+00
13	16	14	15	3.04654699712406e+01	1.56897782253240e+00	3.00000000000000e-02	0.00000000000000e+00	0.00000000000000e+00
2	17	7	12	8.94511548249993e+01	7.86134979918437e+00	3.00000000000000e-02	0.00000000000000e+00	0.00000000000000e+00
2	17	8	11	7.96924533051821e+01	1.41469744096908e+01	3.00000000000000e-02	0.00000000000000e+00	0.00000000000000e+00
2	17	9	10	8.58632796239817e+01	4.40076262743999e+01	3.00000000000000e-02	0.00000000000000e+00	0.00000000000000e+00
5	17	9	13	5.12434872862225e+01	6.29214582519517e+00	3.00000000000000e-02	0.00000000000000e+00	0.00000000000000e+00
5	17	10	12	5.71338208336225e+01	1.37631728661336e+01	3.00000000000000e-02	0.00000000000000e+00	0.00000000000000e+00
8	17	11	14	4.16748006345539e+01	4.71906302621105e+00	3.00000000000000e-02	0.00000000000000e+00	0.00000000000000e+00
8	17	12	13	2.98724468719266e+01	1.57364204140160e+01	3.00000000000000e-02	0.00000000000000e+00	0.00000000000000e+00
11	17	13	15	4.44085558212582e+01	3.14238901658340e+00	3.00000000000000e-02	0.00000000000000e+00	0.00000000000000e+00
14	17	15	16	2.76955301599148e+01	1.57428052635582e+00	3.00000000000000e-02	0.00000000000000e+00	0.00000000000000e+00
3	18	8	13	6.38769294279933e+01	7.86125345860007e+00	3.00000000000000e-02	0.00000000000000e+00	0.00000000000000e+00
3	18	9	12	7.52910534974709e+01	1.41470554464125e+01	3.00000000000000e-02	0.00000000000000e+00	0.00000000000000e+00
3	18	10	11	8.84449713274290e+01	4.40072900155385e+01	3.00000000000000e-02	0.00000000000000e+00	0.00000000000000e+00
6	18	10	14	5.25677026767806e+01	6.29223265841159e+00	3.00000000000000e-02	0.00000000000000e+00	0.00000000000000e+00
6	18	11	13	4.00060680494667e+01	1.37632082846993e+01	3.00000000000000e-02	0.00000000000000e+00	0.00000000000000e+00
9	18	12	15	4.34282428543125e+01	4.71875319632269e+00	3.00000000000000e-02	0.00000000000000e+00	0.00000000000000e+00
9	18	13	14	5.15589876237023e+01	1.57366674064213e+01	3.00000000000000e-02	0.00000000000000e+00	0.00000000000000e+00
12	18	14	16	3.66817546599109e+01	3.14252526492679e+00	3.00000000000000e-02	0.00000000000000e+00	0.00000000000000e+00
15	18	16	17	2.60402610400490e+01	1.57063005760421e+00	3.00000000000000e-02	0.00000000000000e+00	0.00000000000000e+00
4	19	9	14	6.56968604852181e+01	7.86133480179612e+00	3.00000000000000e-02	0.00000000000000e+00	0.00000000000000e+00
4	19	10	13	6.06796907374509e+01	1.41469892585501e+01	3.00000000000000e-02	0.00000000000000e+00	0.00000000000000e+00
4	19	11	12	5.56323666174737e+01	4.40073777191762e+01	3.00000000000000e-02	0.00000000000000e+00	0.00000000000000e+00
7	19	11	15	5.30860214457587e+01	6.29209422441770e+00	3.00000000000000e-02	0.00000000000000e+00	0.00000000000000e+00
7	19	12	14	4.95125176564346e+01	1.37631495624521e+01	3.00000000000000e-02	0.00000000000000e+00	0.00000000000000e+00
10	19	13	16	4.80305930749439e+01	4.71882822370132e+00	3.00000000000000e-02	0.00000000000000e+00	0.00000000000000e+00
10	19	14	15	5.53766366580372e+01	1.57355753176964e+01	3.00000000000000e-02	0.00000000000000e+00	0.00000000000000e+00
13	19	15	17	2.63060228151132e+01	3.14221075167804e+00	3.00000000000000e-02	0.00000000000000e+00	0.00000000000000e+00
16	19	17	18	3.38702110471056e+01	1.57254270478936e+00	3.00000000000000e-02	0.00000000000000e+00	0.00000000000000e+00
2	20	8	14	7.81388639046046e+01	9.42945352114533e+00	3.00000000000000e-02	0.00000000000000e+00	0.00000000000000e+00
2	20	9	13	7.91444092912552e+01	1.51237231429862e+01	3.00000000000000e-02	0.00000000000000e+00	0.00000000000000e+00
2	20	10	12	8.61615806748486e+01	3.14230105415587e+01	3.00000000000000e-02	0.00000000000000e+00	0.00000000000000e+00
5	20	10	15	6.88023041818531e+01	7.86129665710162e+00	3.00000000000000e-02	0.00000000000000e+00	0.00000000000000e+00
5	20	11	14	5.88070848738348e+01	1.41470648073620e+01	3.00000000000000e-02	0.00000000000000e+00	0.00000000000000e+00
5	20	12	13	4.18428713481494e+01	4.40070963390054e+01	3.00000000000000e-02	0.00000000000000e+00	0.00000000000000e+00
8	20	12	16	5.56464524652431e+01	6.29221394498265e+00	3.00000000000000e-02	0.00000000000000e+00	0.00000000000000e+00
8	20	13	15	7.09887655143899e+01	1.37631940150469e+01	3.00000000000000e-02	0.00000000000000e+00	0.00000000000000e+00
11	20	14	17	4.33543636934294e+01	4.71857524182897e+00	3.00000000000000e-02	0.00000000000000e+00	0.00000000000000e+00
11	20	15	16	4.09771158782882e+01	1.57366426433461e+01	3.00000000000000e-02	0.00000000000000e+00	0.00000000000000e+00
14	20	16	18	3.13954429359706e+01	3.14221203161190e+00	3.00000000000000e-02	0.00000000000000e+00	0.00000000000000e+00
17	20	18	19	2.76816275355355e+01	1.57214979614003e+00	3.00000000000000e-02	0.00000000000000e+00	0.00000000000000e+00
3	21	9	15	8.20168541037164e+01	9.42946817273954e+00	3.00000000000000e-02	0.00000000000000e+00	0.00000000000000e+00
3	21	10	14	7.71556032475299e+01	1.51237456430565e+01	3.00000000000000e-02	0.00000000000000e+00	0.00000000000000e+00
3	21	11	13	5.77183353630771e+01	3.14229676087353e+01	3.00000000000000e-02	0.00000000000000e+00	0.00000000000000e+00
6	21	11	16	6.17676919916558e+01	7.86138549740436e+00	3.00000000000000e-02	0.00000000000000e+00	0.00000000000000e+00
6	21	12	15	6.74352804181627e+01	1.41470439793575e+01	3.00000000000000e-02	0.00000000000000e+00	0.00000000000000e+00
6	21	13	14	7.87076704916532e+01	4.40078896117133e+01	3.00000000000000e-02	0.00000000000000e+00	0.00000000000000e+00
9	21	13	17	5.51354291246641e+01	6.29206660565011e+00	3.00000000000000e-02	0.00000000000000e+00	0.00000000000000e+00
9	21	14	16	6.00007813617355e+01	1.37630991714115e+01	3.00000000000000e-02	0.00000000000000e+00	0.00000000000000e+00
12	21	15	18	3.64296734503649e+01	4.71872292187353e+00	3.00000000000000e-02	0.00000000000000e+00	0.00000000000000e+00
12	21	16	17	3.18062298424601e+01	1.57355315106417e+01	3.00000000000000e-02	0.00000000000000e+00	0.00000000000000e+00
15	21	17	19	3.44713891461618e+01	3.14244723108972e+00	3.00000000000000e-02	0.00000000000000e+00	0.00000000000000e+00
18	21	19	20	3.56634210933673e+01	1.57129732355959e+00	3.00000000000000e-02	0.00000000000000e+00	0.00000000000000e+00
1	4	2	3	7.52539630936259e+01	1.57925033301280e+00	3.00000000000000e-02	0.00000000000000e+00	0.00000000000000e+00
1	5	2	3	7.65209768879873e+01	2.37323651388001e+00	3.00000000000000e-02	0.00000000000000e+00	0.00000000000000e+00
1	5	3	4	6.69007117600653e+01	2.35890651425256e+00	3.00000000000000e-02	0.00000000000000e+00	0.00000000000000e+00
1	6	2	3	7.96606799545994e+01	2.71554144879681e+00	3.00000000000000e-02	0.00000000000000e+00	0.00000000000000e+00
1	6	3	4	8.57638035462367e+01	4.71675449030054e+00	3.00000000000000e-02	0.00000000000000e+00	0.00000000000000e+00
1	6	4	5	7.96356395191665e+01	2.69082957774121e+00	3.00000000000000e-02	0.00000000000000e+00	0.00000000000000e+00
1	7	3	4	9.22635400041956e+01	6.29424357393683e+00	3.00000000000000e-02	0.00000000000000e+00	0.00000000000000e+00
1	7	4	5	9.11437530303478e+01	6.28659983241582e+00	3.00000000000000e-02	0.00000000000000e+00	0.00000000000000e+00
1	7	5	6	4.94563963662256e+01	2.86153006192288e+00	3.00000000000000e-02	0.00000000000000e+00	0.00000000000000e+00
1	7	2	3	7.94371592267184e+01	2.88166605819833e+00	3.00000000000000e-02	0.00000000000000e+00	0.00000000000000e+00
1	8	2	3	8.15180680556861e+01	2.97234573866242e+00	3.00000000000000e-02	0.00000000000000e+00	0.00000000000000e+00
1	8	3	4	9.77218107885692e+01	7.26469793842883e+00	3.00000000000000e-02	0.00000000000000e+00	0.00000000000000e+00
1	8	4	5	1.08659553107421e+02	9.43815171873227e+00	3.00000000000000e-02	0.00000000000000e+00	0.00000000000000e+00
1	8	5	6	6.06162757533848e+01	7.25303244362578e+00	3.00000000000000e-02	0.00000000000000e+00	0.00000000000000e+00
1	8	6	7	4.57257270120538e+01	2.94241560675241e+00	3.00000000000000e-02	0.00000000000000e+00	0.00000000000000e+00
1	9	3	4	9.76066633688991e+01	7.87004534392000e+00	3.00000000000000e-02	0.00000000000000e+00	0.00000000000000e+00
1	9	4	5	1.24471896570830e+02	1.18030947752003e+01	3.00000000000000e-02	0.00000000000000e+00	0.00000000000000e+00
1	9	5	6	7.93983523247688e+01	1.17992177765843e+01	3.00000000000000e-02	0.00000000000000e+00	0.00000000000000e+00
1	9	6	7	7.56689896147670e+01	7.85599159622623e+00	3.00000000000000e-02	0.00000000000000e+00	0.00000000000000e+00
1	9	7	8	6.27880752270445e+01	3.00756705930748e+00	3.00000000000000e-02	0.00000000000000e+00	0.00000000000000e+00
1	9	2	3	8.03428622672514e+01	3.02673491460539e+00	3.00000000000000e-02	0.00000000000000e+00	0.00000000000000e+00
1	10	3	4	8.69382595030493e+01	8.26315054395405e+00	3.00000000000000e-02	0.00000000000000e+00	0.00000000000000e+00
1	10	4	5	1.35150040271047e+02	1.34885664368884e+01	3.00000000000000e-02	0.00000000000000e+00	0.00000000000000e+00
1	10	5	6	9.18968692692086e+01	1.57404550789462e+01	3.00000000000000e-02	0.00000000000000e+00	0.00000000000000e+00
1	10	6	7	9.38982794001122e+01	1.34805568333049e+01	3.00000000000000e-02	0.00000000000000e+00	0.00000000000000e+00
1	10	7	8	8.84348303060643e+01	8.24959470760588e+00	3.00000000000000e-02	0.00000000000000e+00	0.00000000000000e+00
1	10	2	3	8.05737745926139e+01	3.06176730566512e+00	3.00000000000000e-02	0.00000000000000e+00	0.00000000000000e+00
1	11	3	4	9.26091208213176e+01	8.52958542757176e+00	3.00000000000000e-02	0.00000000000000e+00	0.00000000000000e+00
1	11	4	5	1.41841078395400e+02	1.46860475735073e+01	3.00000000000000e-02	0.00000000000000e+00	0.00000000000000e+00
1	11	5	6	1.00782356367940e+02	1.88876729551527e+01	3.00000000000000e-02	0.00000000000000e+00	0.00000000000000e+00
1	11	6	7	1.07531674336273e+02	1.88836258413949e+01	3.00000000000000e-02	0.00000000000000e+00	0.00000000000000e+00
1	11	7	8	9.12749829786709e+01	1.46775494122018e+01	3.00000000000000e-02	0.00000000000000e+00	0.00000000000000e+00
1	11	8	9	3.35270442518735e+01	8.51214585713503e+00	3.00000000000000e-02	0.00000000000000e+00	0.00000000000000e+00
1	11	2	3	8.06794178678136e+01	3.08559717398157e+00	3.00000000000000e-02	0.00000000000000e+00	0.00000000000000e+00
1	12	3	4	9.71323541375902e+01	8.71712907442453e+00	3.00000000000000e-02	0.00000000000000e+00	0.00000000000000e+00
1	12	4	5	1.47593114853256e+02	1.55492933331144e+01	3.00000000000000e-02	0.00000000000000e+00	0.00000000000000e+00
1	12	5	6	1.09273872402624e+02	2.13219808237022e+01	3.00000000000000e-02	0.00000000000000e+00	0.00000000000000e+00
1	12	6	7	1.23618720126978e+02	2.36020788310298e+01	3.00000000000000e-02	0.00000000000000e+00	0.00000000000000e+00
1	12	7	8	1.07809635451299e+02	2.13166997760362e+01	3.00000000000000e-02	0.00000000000000e+00	0.00000000000000e+00
1	12	8	9	3.85290975183494e+01	1.55367408446207e+01	3.00000000000000e-02	0.00000000000000e+00	0.00000000000000e+00
1	12	2	3	8.08803020172229e+01	3.10251146050039e+00	3.00000000000000e-02	0.00000000000000e+00	0.00000000000000e+00
1	13	3	4	9.93547471444731e+01	8.85348973404916e+00	3.00000000000000e-02	0.00000000000000e+00	0.00000000000000e+00
1	13	4	5	1.52093682173678e+02	1.61840527970715e+01	3.00000000000000e-02	0.00000000000000e+00	0.00000000000000e+00
1	13	5	6	1.16303686739849e+02	2.31912101000897e+01	3.00000000000000e-02	0.00000000000000e+00	0.00000000000000e+00
1	13	6	7	1.38820756282154e+02	2.75300358317179e+01	3.00000000000000e-02	0.00000000000000e+00	0.00000000000000e+00
1	13	7	8	1.28705760283357e+02	2.75288184705093e+01	3.00000000000000e-02	0.00000000000000e+00	0.00000000000000e+00
1	13	8	9	4.97737195245102e+01	2.31825915448364e+01	3.00000000000000e-02	0.00000000000000e+00	0.00000000000000e+00
1	13	2	3	8.11216305683001e+01	3.11493505184927e+00	3.00000000000000e-02	0.00000000000000e+00	0.00000000000000e+00
1	14	3	4	1.03061584374568e+02	8.95541342983482e+00	3.00000000000000e-02	0.00000000000000e+00	0.00000000000000e+00
1	14	4	5	1.54818416665017e+02	1.66604520240383e+01	3.00000000000000e-02	0.00000000000000e+00	0.00000000000000e+00
1	14	5	6	1.20519426177016e+02	2.46320455562197e+01	3.00000000000000e-02	0.00000000000000e+00	0.00000000000000e+00
1	14	6	7	1.48244271323066e+02	3.07278950263587e+01	3.00000000000000e-02	0.00000000000000e+00	0.00000000000000e+00
1	14	7	8	1.41483097998077e+02	3.30239289861206e+01	3.00000000000000e-02	0.00000000000000e+00	0.00000000000000e+00
1	14	8	9	5.51145264285671e+01	3.07232991964809e+01	3.00000000000000e-02	0.00000000000000e+00	0.00000000000000e+00
1	14	2	3	8.11104780774515e+01	3.12432025258856e+00	3.00000000000000e-02	0.00000000000000e+00	0.00000000000000e+00
1	14	11	12	3.88715792677527e+01	8.93513253151482e+00	3.00000000000000e-02	0.00000000000000e+00	0.00000000000000e+00
1	15	2	3	8.15895369625731e+01	3.13157915400337e+00	3.00000000000000e-02	0.00000000000000e+00	0.00000000000000e+00
1	15	3	4	1.09555623426210e+02	9.03342926385740e+00	3.00000000000000e-02	0.00000000000000e+00	0.00000000000000e+00
1	15	4	5	1.56739125892728e+02	1.70250919899643e+01	3.00000000000000e-02	0.00000000000000e+00	0.00000000000000e+00
1	15	5	6	1.23795199318732e+02	2.57528420379926e+01	3.00000000000000e-02	0.00000000000000e+00	0.00000000000000e+00
1	15	6	7	1.55532388043526e+02	3.33097154258314e+01	3.00000000000000e-02	0.00000000000000e+00	0.00000000000000e+00
1	15	7	8	1.52399672657416e+02	3.77346467834898e+01	3.00000000000000e-02	0.00000000000000e+00	0.00000000000000e+00
1	15	8	9	6.14594431586600e+01	3.77315688018982e+01	3.00000000000000e-02	0.00000000000000e+00	0.00000000000000e+00
1	15	9	10	6.65152213897281e+01	3.33049036580585e+01	3.00000000000000e-02	0.00000000000000e+00	0.00000000000000e+00
1	15	11	12	8.81665602287460e+01	1.70113761342799e+01	3.00000000000000e-02	0.00000000000000e+00	0.00000000000000e+00
1	15	12	13	1.42542334763153e+01	9.01390795031825e+00	3.00000000000000e-02	0.00000000000000e+00	0.00000000000000e+00
1	16	2	3	8.16967158012413e+01	3.13730648535511e+00	3.00000000000000e-02	0.00000000000000e+00	0.00000000000000e+00
1	16	3	4	1.10099272940232e+02	9.09437837656691e+00	3.00000000000000e-02	0.00000000000000e+00	0.00000000000000e+00
1	16	4	5	1.58452439824500e+02	1.73092802120668e+01	3.00000000000000e-02	0.00000000000000e+00	0.00000000000000e+00
1	16	5	6	1.26627202419557e+02	2.66345835337629e+01	3.00000000000000e-02	0.00000000000000e+00	0.00000000000000e+00
1	16	6	7	1.62350520845576e+02	3.53926910230331e+01	3.00000000000000e-02	0.00000000000000e+00	0.00000000000000e+00
1	16	7	8	1.63519560963570e+02	4.17038541390447e+01	3.00000000000000e-02	0.00000000000000e+00	0.00000000000000e+00
1	16	8	9	6.83554548799697e+01	4.40088685955433e+01	3.00000000000000e-02	0.00000000000000e+00	0.00000000000000e+00
1	16	9	10	7.74057938566238e+01	4.17000909665313e+01	3.00000000000000e-02	0.00000000000000e+00	0.00000000000000e+00
1	16	11	12	1.22742726565030e+02	2.66232990044204e+01	3.00000000000000e-02	0.00000000000000e+00	0.00000000000000e+00
1	16	12	13	1.98537397283244e+01	1.72935958053068e+01	3.00000000000000e-02	0.00000000000000e+00	0.00000000000000e+00
1	16	13	14	2.53190460016471e+01	9.07486182953783e+00	3.00000000000000e-02	0.00000000000000e+00	0.00000000000000e+00
1	17	2	3	8.16037200941961e+01	3.14190361780624e+00	3.00000000000000e-02	0.00000000000000e+00	0.00000000000000e+00
1	17	3	4	1.10005860553145e+02	9.14285030237495e+00	3.00000000000000e-02	0.00000000000000e+00	0.00000000000000e+00
1	17	4	5	1.59424678290175e+02	1.75344561739640e+01	3.00000000000000e-02	0.00000000000000e+00	0.00000000000000e+00
1	17	5	6	1.28766976528194e+02	2.73367392425685e+01	3.00000000000000e-02	0.00000000000000e+00	0.00000000000000e+00
1	17	6	7	1.67897682452180e+02	3.70797949766409e+01	3.00000000000000e-02	0.00000000000000e+00	0.00000000000000e+00
1	17	7	8	1.72944059206922e+02	4.50212186752508e+01	3.00000000000000e-02	0.00000000000000e+00	0.00000000000000e+00
1	17	8	9	7.49339060639065e+01	4.95044567305550e+01	3.00000000000000e-02	0.00000000000000e+00	0.00000000000000e+00
1	17	9	10	8.80023209059110e+01	4.95040282311276e+01	3.00000000000000e-02	0.00000000000000e+00	0.00000000000000e+00
1	17	11	12	1.64255929082181e+02	3.70734013493061e+01	3.00000000000000e-02	0.00000000000000e+00	0.00000000000000e+00
1	18	2	3	8.16075645315249e+01	3.14564871185001e+00	3.00000000000000e-02	0.00000000000000e+00	0.00000000000000e+00
1	18	3	4	1.10281351496387e+02	9.18200185639242e+00	3.00000000000000e-02	0.00000000000000e+00	0.00000000000000e+00
1	18	4	5	1.59882919262219e+02	1.77155392916151e+01	3.00000000000000e-02	0.00000000000000e+00	0.00000000000000e+00
1	18	5	6	1.30370565221954e+02	2.79026280668688e+01	3.00000000000000e-02	0.00000000000000e+00	0.00000000000000e+00
1	18	6	7	1.72035213879793e+02	3.84548803962261e+01	3.00000000000000e-02	0.00000000000000e+00	0.00000000000000e+00
1	18	7	8	1.80254903565009e+02	4.77868601148999e+01	3.00000000000000e-02	0.00000000000000e+00	0.00000000000000e+00
1	18	8	9	8.00051017886872e+01	5.42495740247140e+01	3.00000000000000e-02	0.00000000000000e+00	0.00000000000000e+00
1	18	9	10	9.69954141340049e+01	5.65673177857250e+01	3.00000000000000e-02	0.00000000000000e+00	0.00000000000000e+00
1	18	11	12	1.98207268696817e+02	4.77812817779233e+01	3.00000000000000e-02	0.00000000000000e+00	0.00000000000000e+00
1	18	13	14	4.58796614417350e+01	2.78917281337299e+01	3.00000000000000e-02	0.00000000000000e+00	0.00000000000000e+00
1	19	2	3	8.17491525050267e+01	3.14873962465197e+00	3.00000000000000e-02	0.00000000000000e+00	0.00000000000000e+00
1	19	3	4	1.11070892755395e+02	9.21406053800610e+00	3.00000000000000e-02	0.00000000000000e+00	0.00000000000000e+00
1	19	4	5	1.61323484443114e+02	1.78631244338296e+01	3.00000000000000e-02	0.00000000000000e+00	0.00000000000000e+00
1	19	5	6	1.31957779444105e+02	2.83639875855179e+01	3.00000000000000e-02	0.00000000000000e+00	0.00000000000000e+00
1	19	6	7	1.75900338654651e+02	3.95842065518939e+01	3.00000000000000e-02	0.00000000000000e+00	0.00000000000000e+00
1	19	7	8	1.86994120622441e+02	5.00954041037841e+01	3.00000000000000e-02	0.00000000000000e+00	0.00000000000000e+00
1	19	8	9	8.44184777204064e+01	5.83165659616372e+01	3.00000000000000e-02	0.00000000000000e+00	0.00000000000000e+00
1	19	9	10	1.05267229899771e+02	6.28487339171016e+01	3.00000000000000e-02	0.00000000000000e+00	0.00000000000000e+00
1	19	11	12	2.22293565112407e+02	5.83140036653647e+01	3.00000000000000e-02	0.00000000000000e+00	0.00000000000000e+00
1	19	12	13	3.66169069967193e+01	5.00885131356243e+01	3.00000000000000e-02	0.00000000000000e+00	0.00000000000000e+00
1	19	13	14	6.03167535294943e+01	3.95768835001013e+01	3.00000000000000e-02	0.00000000000000e+00	0.00000000000000e+00
1	19	14	15	5.72935733943487e+01	2.83506640115735e+01	3.00000000000000e-02	0.00000000000000e+00	0.00000000000000e+00
1	19	15	16	3.67256213941088e+01	1.78485927402090e+01	3.00000000000000e-02	0.00000000000000e+00	0.00000000000000e+00
1	19	16	17	2.00006607398311e+01	9.19211376695594e+00	3.00000000000000e-02	0.00000000000000e+00	0.00000000000000e+00
1	20	2	3	8.16009114202688e+01	3.15132004156409e+00	3.00000000000000e-02	0.00000000000000e+00	0.00000000000000e+00
1	20	3	4	1.10626981544735e+02	9.24063061066300e+00	3.00000000000000e-02	0.00000000000000e+00	0.00000000000000e+00
1	20	4	5	1.61590030427082e+02	1.79848622255728e+01	3.00000000000000e-02	0.00000000000000e+00	0.00000000000000e+00
1	20	5	6	1.32743105560003e+02	2.87442195804324e+01	3.00000000000000e-02	0.00000000000000e+00	0.00000000000000e+00
1	20	6	7	1.78302014020328e+02	4.05192251712510e+01	3.00000000000000e-02	0.00000000000000e+00	0.00000000000000e+00
1	20	7	8	1.91641381479484e+02	5.20290989125344e+01	3.00000000000000e-02	0.00000000000000e+00	0.00000000000000e+00
1	20	8	9	8.83225974661473e+01	6.17917092028232e+01	3.00000000000000e-02	0.00000000000000e+00	0.00000000000000e+00
1	20	9	10	1.12348251811519e+02	6.83728718340273e+01	3.00000000000000e-02	0.00000000000000e+00	0.00000000000000e+00
1	20	11	12	2.54590408146723e+02	6.83706462818296e+01	3.00000000000000e-02	0.00000000000000e+00	0.00000000000000e+00
1	20	12	13	4.20228368780070e+01	6.17882035109077e+01	3.00000000000000e-02	0.00000000000000e+00	0.00000000000000e+00
1	20	13	14	7.10743208176773e+01	5.20226031076088e+01	3.00000000000000e-02	0.00000000000000e+00	0.00000000000000e+00
1	20	14	15	6.84090242165573e+01	4.05103537772445e+01	3.00000000000000e-02	0.00000000000000e+00	0.00000000000000e+00
1	20	15	16	4.31343246073653e+01	2.87324642344764e+01	3.00000000000000e-02	0.00000000000000e+00	0.00000000000000e+00
1	20	16	17	2.74244369251407e+01	1.79678026908955e+01	3.00000000000000e-02	0.00000000000000e+00	0.00000000000000e+00
1	21	2	3	8.17395702508845e+01	3.15349630408925e+00	3.00000000000000e-02	0.00000000000000e+00	0.00000000000000e+00
1	21	3	4	1.11220442670980e+02	9.26288967952127e+00	3.00000000000000e-02	0.00000000000000e+00	0.00000000000000e+00
1	21	4	5	1.62060567823617e+02	1.80863700744074e+01	3.00000000000000e-02	0.00000000000000e+00	0.00000000000000e+00
1	21	5	6	1.33609414776606e+02	2.90607502575493e+01	3.00000000000000e-02	0.00000000000000e+00	0.00000000000000e+00
1	21	6	7	1.80298683453024e+02	4.12996741477782e+01	3.00000000000000e-02	0.00000000000000e+00	0.00000000000000e+00
1	21	7	8	1.95261991038669e+02	5.36565234463013e+01	3.00000000000000e-02	0.00000000000000e+00	0.00000000000000e+00
1	21	8	9	9.05573604556758e+01	6.47606164850293e+01	3.00000000000000e-02	0.00000000000000e+00	0.00000000000000e+00
1	21	9	10	1.17316700170466e+02	7.31994135960980e+01	3.00000000000000e-02	0.00000000000000e+00	0.00000000000000e+00
1	21	11	12	2.91874612792569e+02	7.77647970566085e+01	3.00000000000000e-02	0.00000000000000e+00	0.00000000000000e+00
1	21	12	13	4.71677481961286e+01	7.31961542579455e+01	3.00000000000000e-02	0.00000000000000e+00	0.00000000000000e+00
1	21	13	14	8.22821377903545e+01	6.47574709908191e+01	3.00000000000000e-02	0.00000000000000e+00	0.00000000000000e+00
1	21	14	15	7.96406432536161e+01	5.36484875301391e+01	3.00000000000000e-02	0.00000000000000e+00	0.00000000000000e+00
1	21	15	16	4.99799575659915e+01	4.12920997736216e+01	3.00000000000000e-02	0.00000000000000e+00	0.00000000000000e+00
1	21	16	17	3.53268850861719e+01	2.90464595929781e+01	3.00000000000000e-02	0.00000000000000e+00	0.00000000000000e+00
1	21	17	18	3.77521387931233e+01	1.80694491849457e+01	3.00000000000000e-02	0.00000000000000e+00	0.00000000000000e+00
2	21	3	4	9.24431536417329e+01	3.12408217643274e+00	3.00000000000000e-02	0.00000000000000e+00	0.00000000000000e+00
2	21	4	5	1.21343774465916e+02	9.22156249978460e+00	3.00000000000000e-02	0.00000000000000e+00	0.00000000000000e+00
2	21	5	6	1.11466601985026e+02	1.79703975122527e+01	3.00000000000000e-02	0.00000000000000e+00	0.00000000000000e+00
2	21	6	7	1.55142094067148e+02	2.87307090850609e+01	3.00000000000000e-02	0.00000000000000e+00	0.00000000000000e+00
2	21	7	8	1.72145070621356e+02	4.05117763143125e+01	3.00000000000000e-02	0.00000000000000e+00	0.00000000000000e+00
2	21	8	9	8.26527465988602e+01	5.20208117864984e+01	3.00000000000000e-02	0.00000000000000e+00	0.00000000000000e+00
2	21	9	10	1.09578007095188e+02	6.17883926691560e+01	3.00000000000000e-02	0.00000000000000e+00	0.00000000000000e+00
2	21	10	11	1.17977365954399e+02	6.83696878466367e+01	3.00000000000000e-02	0.00000000000000e+00	0.00000000000000e+00
2	21	13	14	8.27410534886121e+01	6.17885546177374e+01	3.00000000000000e-02	0.00000000000000e+00	0.00000000000000e+00
2	21	14	15	8.07584528745714e+01	5.20213428634004e+01	3.00000000000000e-02	0.00000000000000e+00	0.00000000000000e+00
2	21	15	16	5.07042467626672e+01	4.05118663161796e+01	3.00000000000000e-02	0.00000000000000e+00	0.00000000000000e+00
2	21	16	17	3.67611611793392e+01	2.87302065440742e+01	3.00000000000000e-02	0.00000000000000e+00	0.00000000000000e+00
2	21	17	18	3.57549471590787e+01	1.79681227588578e+01	3.00000000000000e-02	0.00000000000000e+00	0.00000000000000e+00
2	21	18	19	1.74165857067845e+01	9.22029588382083e+00	3.00000000000000e-02	0.00000000000000e+00	0.00000000000000e+00
3	21	4	5	9.06587698889763e+01	3.12219175907126e+00	3.00000000000000e-02	0.00000000000000e+00	0.00000000000000e+00
3	21	5	6	8.45133343046699e+01	9.19439701394281e+00	3.00000000000000e-02	0.00000000000000e+00	0.00000000000000e+00
3	21	6	7	1.27014146323684e+02	1.78459331714288e+01	3.00000000000000e-02	0.00000000000000e+00	0.00000000000000e+00
3	21	7	8	1.45901864777352e+02	2.83518744794324e+01	3.00000000000000e-02	0.00000000000000e+00	0.00000000000000e+00
3	21	8	9	7.31585888918253e+01	3.95747037746131e+01	3.00000000000000e-02	0.00000000000000e+00	0.00000000000000e+00
3	21	9	10	1.00892367362409e+02	5.00888000925440e+01	3.00000000000000e-02	0.00000000000000e+00	0.00000000000000e+00
3	21	10	11	1.11050703509051e+02	5.83133111611393e+01	3.00000000000000e-02	0.00000000000000e+00	0.00000000000000e+00
3	21	11	12	7.13912790242525e+01	6.28460954287987e+01	3.00000000000000e-02	0.00000000000000e+00	0.00000000000000e+00
3	21	14	15	8.57394414772576e+01	5.00881785971583e+01	3.00000000000000e-02	0.00000000000000e+00	0.00000000000000e+00
3	21	15	16	5.39963535488971e+01	3.95771943363388e+01	3.00000000000000e-02	0.00000000000000e+00	0.00000000000000e+00
3	21	16	17	3.92981034835138e+01	2.83503372507603e+01	3.00000000000000e-02	0.00000000000000e+00	0.00000000000000e+00
3	21	17	18	4.58822092919122e+01	1.78466110543744e+01	3.00000000000000e-02	0.00000000000000e+00	0.00000000000000e+00
3	21	18	19	2.52149404243431e+01	9.19384247165747e+00	3.00000000000000e-02	0.00000000000000e+00	0.00000000000000e+00
4	21	5	6	6.10321404422009e+01	3.11840321906236e+00	3.00000000000000e-02	0.00000000000000e+00	0.00000000000000e+00
4	21	6	7	9.78565214686528e+01	9.16002260307524e+00	3.00000000000000e-02	0.00000000000000e+00	0.00000000000000e+00
4	21	7	8	1.16387131181774e+02	1.77008725459794e+01	3.00000000000000e-02	0.00000000000000e+00	0.00000000000000e+00
4	21	8	9	6.15226195428955e+01	2.78888932147904e+01	3.00000000000000e-02	0.00000000000000e+00	0.00000000000000e+00
4	21	9	10	8.93050275218674e+01	3.84476411878350e+01	3.00000000000000e-02	0.00000000000000e+00	0.00000000000000e+00
4	21	10	11	1.02178478774636e+02	4.77806670943684e+01	3.00000000000000e-02	0.00000000000000e+00	0.00000000000000e+00
4	21	11	12	6.76351124119899e+01	5.42469621527028e+01	3.00000000000000e-02	0.00000000000000e+00	0.00000000000000e+00
4	21	12	13	4.81404744613889e+01	5.65648467880777e+01	3.00000000000000e-02	0.00000000000000e+00	0.00000000000000e+00
4	21	14	15	1.93668524654807e+02	4.77802208201689e+01	3.00000000000000e-02	0.00000000000000e+00	0.00000000000000e+00
4	21	15	16	5.42101429453186e+01	3.84482733042439e+01	3.00000000000000e-02	0.00000000000000e+00	0.00000000000000e+00
4	21	16	17	3.94930767155723e+01	2.78894091462030e+01	3.00000000000000e-02	0.00000000000000e+00	0.00000000000000e+00
4	21	17	18	4.61918043991830e+01	1.76992978029753e+01	3.00000000000000e-02	0.00000000000000e+00	0.00000000000000e+00
4	21	18	19	3.62856170895599e+01	9.16192408232332e+00	3.00000000000000e-02	0.00000000000000e+00	0.00000000000000e+00
4	21	19	20	1.92487908589884e+01	3.11830386969181e+00	3.00000000000000e-02	0.00000000000000e+00	0.00000000000000e+00
4	21	13	14	5.17427611749117e+01	5.42473049994304e+01	3.00000000000000e-02	0.00000000000000e+00	0.00000000000000e+00
5	21	6	7	8.07937261290877e+01	3.10815631736000e+00	3.00000000000000e-02	0.00000000000000e+00	0.00000000000000e+00
5	21	7	8	8.89527893190023e+01	9.12326007798910e+00	3.00000000000000e-02	0.00000000000000e+00	0.00000000000000e+00
5	21	8	9	4.95484232424474e+01	1.75174378270076e+01	3.00000000000000e-02	0.00000000000000e+00	0.00000000000000e+00
5	21	9	10	7.66292508827559e+01	2.73253329254246e+01	3.00000000000000e-02	0.00000000000000e+00	0.00000000000000e+00
5	21	10	11	9.15633917283033e+01	3.70727506461187e+01	3.00000000000000e-02	0.00000000000000e+00	0.00000000000000e+00
5	21	11	12	6.26277108705431e+01	4.50157491666018e+01	3.00000000000000e-02	0.00000000000000e+00	0.00000000000000e+00
5	21	12	13	4.52225414738302e+01	4.95019883682669e+01	3.00000000000000e-02	0.00000000000000e+00	0.00000000000000e+00
5	21	13	14	8.28441872366407e+01	4.95026603865128e+01	3.00000000000000e-02	0.00000000000000e+00	0.00000000000000e+00
5	21	14	15	5.57225381143255e+01	4.50152182915075e+01	3.00000000000000e-02	0.00000000000000e+00	0.00000000000000e+00
5	21	15	16	7.49811105656802e+01	3.70736619541655e+01	3.00000000000000e-02	0.00000000000000e+00	0.00000000000000e+00
5	21	16	17	3.95244918626505e+01	2.73240363790437e+01	3.00000000000000e-02	0.00000000000000e+00	0.00000000000000e+00
5	21	17	18	4.63197333803155e+01	1.75185448708474e+01	3.00000000000000e-02	0.00000000000000e+00	0.00000000000000e+00
5	21	18	19	3.64424173803457e+01	9.12294312566388e+00	3.00000000000000e-02	0.00000000000000e+00	0.00000000000000e+00
5	21	19	20	3.74854288793473e+01	3.11462355565273e+00	3.00000000000000e-02	0.00000000000000e+00	0.00000000000000e+00
6	21	8	9	3.83582094934215e+01	9.07375478273104e+00	3.00000000000000e-02	0.00000000000000e+00	0.00000000000000e+00
6	21	9	10	6.39167857054507e+01	1.72959828399231e+01	3.00000000000000e-02	0.00000000000000e+00	0.00000000000000e+00
6	21	10	11	7.92657717182703e+01	2.66240894923016e+01	3.00000000000000e-02	0.00000000000000e+00	0.00000000000000e+00
6	21	11	12	5.66494136508635e+01	3.53868630928772e+01	3.00000000000000e-02	0.00000000000000e+00	0.00000000000000e+00
6	21	12	13	4.25546798521519e+01	4.16990160429506e+01	3.00000000000000e-02	0.00000000000000e+00	0.00000000000000e+00
6	21	13	14	7.92168417744607e+01	4.40078896117133e+01	3.00000000000000e-02	0.00000000000000e+00	0.00000000000000e+00
6	21	14	15	8.27239576432421e+01	4.16986957901263e+01	3.00000000000000e-02	0.00000000000000e+00	0.00000000000000e+00
6	21	7	8	6.26052370016681e+01	3.11332536012433e+00	3.00000000000000e-02	0.00000000000000e+00	0.00000000000000e+00
6	21	16	17	7.25634182302701e+01	2.66225247025543e+01	3.00000000000000e-02	0.00000000000000e+00	0.00000000000000e+00
6	21	17	18	4.37897548003193e+01	1.72937806020747e+01	3.00000000000000e-02	0.00000000000000e+00	0.00000000000000e+00
6	21	18	19	3.44385106048106e+01	9.07468243952206e+00	3.00000000000000e-02	0.00000000000000e+00	0.00000000000000e+00
6	21	19	20	3.37182132876216e+01	3.11010591593614e+00	3.00000000000000e-02	0.00000000000000e+00	0.00000000000000e+00
7	21	8	9	3.19100027741858e+01	3.09814875910811e+00	3.00000000000000e-02	0.00000000000000e+00	0.00000000000000e+00
7	21	9	10	5.19201033121006e+01	9.01490848151542e+00	3.00000000000000e-02	0.00000000000000e+00	0.00000000000000e+00
7	21	10	11	7.17336662736232e+01	1.70111567075083e+01	3.00000000000000e-02	0.00000000000000e+00	0.00000000000000e+00
7	21	11	12	5.26105011102463e+01	2.57427710085856e+01	3.00000000000000e-02	0.00000000000000e+00	0.00000000000000e+00
7	21	12	13	4.02133876326283e+01	3.33038399567926e+01	3.00000000000000e-02	0.00000000000000e+00	0.00000000000000e+00
7	21	13	14	7.59014635130881e+01	3.77309489787429e+01	3.00000000000000e-02	0.00000000000000e+00	0.00000000000000e+00
7	21	14	15	8.06213735993100e+01	3.77301342664979e+01	3.00000000000000e-02	0.00000000000000e+00	0.00000000000000e+00
7	21	15	16	5.30769150002078e+01	3.33048341251374e+01	3.00000000000000e-02	0.00000000000000e+00	0.00000000000000e+00
7	21	16	17	4.06772767165695e+01	2.57415275825958e+01	3.00000000000000e-02	0.00000000000000e+00	0.00000000000000e+00
7	21	17	18	4.82535565862392e+01	1.70100948216413e+01	3.00000000000000e-02	0.00000000000000e+00	0.00000000000000e+00
7	21	18	19	3.79567635148635e+01	9.01399556739188e+00	3.00000000000000e-02	0.00000000000000e+00	0.00000000000000e+00
7	21	19	20	3.89934768032022e+01	3.10447730989476e+00	3.00000000000000e-02	0.00000000000000e+00	0.00000000000000e+00
8	21	9	10	8.13109216542403e+01	3.10362428877159e+00	3.00000000000000e-02	0.00000000000000e+00	0.00000000000000e+00
8	21	10	11	7.85840845144013e+01	8.93880620183059e+00	3.00000000000000e-02	0.00000000000000e+00	0.00000000000000e+00
8	21	11	12	5.35083803319163e+01	1.66484797284129e+01	3.00000000000000e-02	0.00000000000000e+00	0.00000000000000e+00
8	21	12	13	3.97977717789450e+01	2.46229153053877e+01	3.00000000000000e-02	0.00000000000000e+00	0.00000000000000e+00
8	21	13	14	7.46099495288947e+01	3.07239126704392e+01	3.00000000000000e-02	0.00000000000000e+00	0.00000000000000e+00
8	21	14	15	7.97041567368862e+01	3.30204727592764e+01	3.00000000000000e-02	0.00000000000000e+00	0.00000000000000e+00
8	21	15	16	5.31038600594838e+01	3.07239328748127e+01	3.00000000000000e-02	0.00000000000000e+00	0.00000000000000e+00
8	21	16	17	4.00952035551278e+01	2.46216976604303e+01	3.00000000000000e-02	0.00000000000000e+00	0.00000000000000e+00
8	21	17	18	4.76158498289887e+01	1.66461047897516e+01	3.00000000000000e-02	0.00000000000000e+00	0.00000000000000e+00
8	21	18	19	3.78550382180333e+01	8.93631585212620e+00	3.00000000000000e-02	0.00000000000000e+00	0.00000000000000e+00
8	21	19	20	3.87905105103868e+01	3.09734349880921e+00	3.00000000000000e-02	0.00000000000000e+00	0.00000000000000e+00
9	21	10	11	5.70664911050369e+01	3.08874900436451e+00	3.00000000000000e-02	0.00000000000000e+00	0.00000000000000e+00
9	21	11	12	4.12246131154616e+01	8.83539186117462e+00	3.00000000000000e-02	0.00000000000000e+00	0.00000000000000e+00
9	21	12	13	3.23982786576280e+01	1.61706789338903e+01	3.00000000000000e-02	0.00000000000000e+00	0.00000000000000e+00
9	21	13	14	6.40414830711600e+01	2.31829408317140e+01	3.00000000000000e-02	0.00000000000000e+00	0.00000000000000e+00
9	21	14	15	7.15131458463999e+01	2.75255944229155e+01	3.00000000000000e-02	0.00000000000000e+00	0.00000000000000e+00
9	21	15	16	4.97406564686187e+01	2.75268022892316e+01	3.00000000000000e-02	0.00000000000000e+00	0.00000000000000e+00
9	21	16	17	3.87671162509857e+01	2.31819148783027e+01	3.00000000000000e-02	0.00000000000000e+00	0.00000000000000e+00
9	21	17	18	4.64748372223023e+01	1.61705040699718e+01	3.00000000000000e-02	0.00000000000000e+00	0.00000000000000e+00
9	21	18	19	3.71861176202410e+01	8.83482162684152e+00	3.00000000000000e-02	0.00000000000000e+00	0.00000000000000e+00
9	21	19	20	3.86286652835665e+01	3.08811918677783e+00	3.00000000000000e-02	0.00000000000000e+00	0.00000000000000e+00
10	21	11	12	3.10575452302821e+01	3.07747255029104e+00	3.00000000000000e-02	0.00000000000000e+00	0.00000000000000e+00
10	21	12	13	2.66847893363402e+01	8.69843219548407e+00	3.00000000000000e-02	0.00000000000000e+00	0.00000000000000e+00
10	21	13	14	5.46357437416356e+01	1.55377179450267e+01	3.00000000000000e-02	0.00000000000000e+00	0.00000000000000e+00
10	21	14	15	6.27338433300134e+01	2.13139731086030e+01	3.00000000000000e-02	0.00000000000000e+00	0.00000000000000e+00
10	21	15	16	4.56287391079195e+01	2.35998919577743e+01	3.00000000000000e-02	0.00000000000000e+00	0.00000000000000e+00
10	21	16	17	3.69915578985024e+01	2.13140260427544e+01	3.00000000000000e-02	0.00000000000000e+00	0.00000000000000e+00
10	21	17	18	4.52737710535925e+01	1.55368006717957e+01	3.00000000000000e-02	0.00000000000000e+00	0.00000000000000e+00
10	21	18	19	3.64024073959902e+01	8.69903274968999e+00	3.00000000000000e-02	0.00000000000000e+00	0.00000000000000e+00
10	21	19	20	2.99522402963558e+01	3.07590817702718e+00	3.00000000000000e-02	0.00000000000000e+00	0.00000000000000e+00
11	21	12	13	2.50473210713411e+01	3.05649707147003e+00	3.00000000000000e-02	0.00000000000000e+00	0.00000000000000e+00
11	21	13	14	5.06551679829123e+01	8.51215744505258e+00	3.00000000000000e-02	0.00000000000000e+00	0.00000000000000e+00
11	21	14	15	5.69779812653743e+01	1.46741923539480e+01	3.00000000000000e-02	0.00000000000000e+00	0.00000000000000e+00
11	21	15	16	4.32471204209542e+01	1.88822370373889e+01	3.00000000000000e-02	0.00000000000000e+00	0.00000000000000e+00
11	21	16	17	3.64595015208223e+01	1.88811504509696e+01	3.00000000000000e-02	0.00000000000000e+00	0.00000000000000e+00
11	21	17	18	4.57661799888205e+01	1.46749030801016e+01	3.00000000000000e-02	0.00000000000000e+00	0.00000000000000e+00
11	21	18	19	3.74485709794275e+01	8.51225765948931e+00	3.00000000000000e-02	0.00000000000000e+00	0.00000000000000e+00
11	21	19	20	3.90541782718229e+01	3.05928169576704e+00	3.00000000000000e-02	0.00000000000000e+00	0.00000000000000e+00
12	21	13	14	3.92967925888585e+01	3.03595486556177e+00	3.00000000000000e-02	0.00000000000000e+00	0.00000000000000e+00
12	21	14	15	4.29453503547275e+01	8.24535423433310e+00	3.00000000000000e-02	0.00000000000000e+00	0.00000000000000e+00
12	21	15	16	3.57974519992884e+01	1.34801894889547e+01	3.00000000000000e-02	0.00000000000000e+00	0.00000000000000e+00
12	21	16	17	3.24438335792713e+01	1.57355315106417e+01	3.00000000000000e-02	0.00000000000000e+00	0.00000000000000e+00
12	21	17	18	4.27886477223600e+01	1.34792017824862e+01	3.00000000000000e-02	0.00000000000000e+00	0.00000000000000e+00
12	21	18	19	3.62889630020678e+01	8.24689181742868e+00	3.00000000000000e-02	0.00000000000000e+00	0.00000000000000e+00
12	21	19	20	3.82960965320845e+01	3.03585500389109e+00	3.00000000000000e-02	0.00000000000000e+00	0.00000000000000e+00
13	21	14	15	2.76913424850183e+01	2.99542999860656e+00	3.00000000000000e-02	0.00000000000000e+00	0.00000000000000e+00
13	21	15	16	2.72638006706107e+01	7.85559948096039e+00	3.00000000000000e-02	0.00000000000000e+00	0.00000000000000e+00
13	21	16	17	2.77798356950907e+01	1.17953572787681e+01	3.00000000000000e-02	0.00000000000000e+00	0.00000000000000e+00
13	21	17	18	3.96793706924821e+01	1.17959256715526e+01	3.00000000000000e-02	0.00000000000000e+00	0.00000000000000e+00
13	21	18	19	3.55394714534581e+01	7.85529410345936e+00	3.00000000000000e-02	0.00000000000000e+00	0.00000000000000e+00
13	21	19	20	3.85401945402020e+01	3.00140915527985e+00	3.00000000000000e-02	0.00000000000000e+00	0.00000000000000e+00
14	21	15	16	2.53241816910038e+01	2.95082441543867e+00	3.00000000000000e-02	0.00000000000000e+00	0.00000000000000e+00
14	21	16	17	2.61165575773458e+01	7.25165837669884e+00	3.00000000000000e-02	0.00000000000000e+00	0.00000000000000e+00
14	21	17	18	3.68239430061393e+01	9.43429570766020e+00	3.00000000000000e-02	0.00000000000000e+00	0.00000000000000e+00
14	21	18	19	3.42954331911058e+01	7.25224536388827e+00	3.00000000000000e-02	0.00000000000000e+00	0.00000000000000e+00
14	21	19	20	3.78091972784047e+01	2.94792465739918e+00	3.00000000000000e-02	0.00000000000000e+00	0.00000000000000e+00
15	21	16	17	3.14218699045312e+01	2.85352445643969e+00	3.00000000000000e-02	0.00000000000000e+00	0.00000000000000e+00
15	21	17	18	3.56421817555305e+01	6.28492411569097e+00	3.00000000000000e-02	0.00000000000000e+00	0.00000000000000e+00
15	21	18	19	3.36503603114198e+01	6.28486480894771e+00	3.00000000000000e-02	0.00000000000000e+00	0.00000000000000e+00
15	21	19	20	3.75224561207849e+01	2.85870133560762e+00	3.00000000000000e-02	0.00000000000000e+00	0.00000000000000e+00
16	21	17	18	3.18539467707183e+01	2.69877801346411e+00	3.00000000000000e-02	0.00000000000000e+00	0.00000000000000e+00
16	21	18	19	3.16294744425753e+01	4.71256657263854e+00	3.00000000000000e-02	0.00000000000000e+00	0.00000000000000e+00
16	21	19	20	3.70903138831373e+01	2.69518401673756e+00	3.00000000000000e-02	0.00000000000000e+00	0.00000000000000e+00
17	21	18	19	2.47929260995212e+01	2.35804208589538e+00	3.00000000000000e-02	0.00000000000000e+00	0.00000000000000e+00
17	21	19	20	3.49403318230918e+01	2.35756768146093e+00	3.00000000000000e-02	0.00000000000000e+00	0.00000000000000e+00
18	21	19	20	3.57641412518075e+01	1.57129732355959e+00	3.00000000000000e-02	0.00000000000000e+00	0.00000000000000e+00
0
