7.266104018403360953e+01
9.191159031724626516e+01
7.349864323684998624e+01
9.917459327683822323e+01
1.009291315756983636e+02
4.914466237832273521e+01
7.319812257339916073e+01
6.618307088017243700e+01
7.128279339988260688e+01
5.662999514019810476e+01
7.618093479232159382e+01
7.468610943499990640e+01
3.665545987844323861e+01
5.224452733649305713e+01
5.772467125088991224e+01
5.054866155951948770e+01
3.425161538899775593e+01
5.240990918019736711e+01
4.833743494363118742e+01
5.092232328925663154e+01
4.867195730263748032e+01
6.757508827226816095e+01
6.501953789499970071e+01
3.287902938481370541e+01
4.808858595345147080e+01
5.503432808373588614e+01
4.376707923266651079e+01
5.736312569806084838e+01
5.741544632666988690e+01
4.576902284967006551e+01
6.035093540762493802e+01
4.299543076396510344e+01
4.952440701245572541e+01
5.582666984535150334e+01
5.061847429526378761e+01
4.486442671666387128e+01
7.043669117899653997e+01
6.418942335068994964e+01
3.344749944777537110e+01
5.034370601673094114e+01
5.820877553381416192e+01
5.522632219322856173e+01
4.670584121248901965e+01
5.728653391238489689e+01
4.781876000327313392e+01
4.069337732497808702e+01
5.015022647232071051e+01
4.993769837406031087e+01
3.996912182343543662e+01
5.456668401490474452e+01
4.008926409946158032e+01
5.245202153962413405e+01
2.676763027870446265e+01
4.007175546700266722e+01
4.521456310542493640e+01
4.135652330257675402e+01
2.623660935389372284e+01
5.123040556666430234e+01
3.686082192975078442e+01
5.713325381502849609e+01
5.541975996098575052e+01
4.051888887788281579e+01
2.996893032477459684e+01
5.877598978482356529e+01
4.264085975256517003e+01
4.466396717953919904e+01
3.873447730977354553e+01
4.880584076498883661e+01
3.092765601811990095e+01
4.792049205789533062e+01
5.338935393326332246e+01
4.655236871824726563e+01
3.047161745468402572e+01
5.747497404195659243e+01
5.621299172936345911e+01
4.201486998357243152e+01
6.578033729097265336e+01
4.397626431814786230e+01
4.523252526764606785e+01
6.021598505532449508e+01
5.760245336726510601e+01
4.244576916008603718e+01
3.421070950425107071e+01
6.504854639845612496e+01
4.702855239978855195e+01
7.656293883609141915e+01
7.774837587000011752e+01
5.581923040531656710e+01
3.634593172851852927e+01
6.653497563171148954e+01
7.132799736310339256e+01
4.821946969811685335e+01
5.026216401101022768e+01
3.326632313155693055e+01
3.808668617354775421e+01
3.802606408475830335e+01
3.556073558155848247e+01
4.973981441230980494e+01
3.432656362984921827e+01
3.659153931161046813e+01
4.288356781552280239e+01
4.134525461788796008e+01
3.145128301791669045e+01
4.270309456946323223e+01
2.520059390618366280e+01
1.655101228078543940e+01
2.937988297266749171e+01
3.053044369133958469e+01
2.195125521439285521e+01
2.036242701377828368e+01
2.341245480485729047e+01
3.591582121578025522e+01
3.362566169285125994e+01
2.794534439106775636e+01
3.242406827505262612e+01
2.950645358972325383e+01
2.794165241758164342e+01
3.313672198172189098e+01
2.259695933795485345e+01
2.392773982161416058e+01
2.712787181222156008e+01
1.922409638925923403e+01
3.395285428598958077e+01
3.462468914538806786e+01
2.509941911850120277e+01
2.178921456117175026e+01
2.515807630256485794e+01
2.913177378957908914e+01
3.139602362756573228e+01
2.969590797705500407e+01
2.167819962518563059e+01
2.488138568641242543e+01
2.577995192098289579e+01
2.426036811191527320e+01
2.240583132889400986e+01
3.799991927102348654e+01
3.654131182557578228e+01
2.616852303181916994e+01
2.281895362131137261e+01
2.758694295047203937e+01
2.609565047820242611e+01
3.043865345761175689e+01
2.472787737499850280e+01
2.573324233475531386e+01
2.447811831945568173e+01
2.113430721107380350e+01
2.452616845319536409e+01
3.563537236569678157e+01
3.248805569043250330e+01
2.299218552184826692e+01
2.017236677228645902e+01
2.428254953247068570e+01
2.183712046523984540e+01
2.906300367412131536e+01
2.110211813496856692e+01
1.705485411550987607e+01
1.657863658654304828e+01
1.613315522537611457e+01
1.894359450630069475e+01
1.239422979003076364e+01
1.048996866651401483e+01
1.217959067050477806e+01
1.093602733306179076e+01
1.263100540504362712e+01
2.134484269674873502e+01
1.810439554842098175e+01
2.691430282572033761e+01
2.284641778304039406e+01
2.508247939220646217e+01
2.219767865398976170e+01
2.514960710595357796e+01
3.295150048197749726e+01
3.041282115994946977e+01
3.437180018872186338e+01
3.516897600150171144e+01
3.042737478276838203e+01
3.341736504908804761e+01
4.177709156269101243e+01
2.573620688226924003e+01
3.061088707090399552e+01
2.143509481472284151e+01
2.455420101212664008e+01
3.184253834890728996e+01
3.369628407969506156e+01
7.548800499229905370e+01
6.887443601459730758e+01
7.742861341080917725e+01
5.363172874037545768e+01
8.008124237910028853e+01
5.846762839160218306e+01
7.349843527908844010e+01
6.922531775855826197e+01
8.312853459938753531e+01
3.511033295154924616e+01
9.785416007046808318e+01
1.075258714637624422e+02
5.615728293001730265e+01
4.821727321400526023e+01
8.237579874413280834e+01
1.036492282042142392e+02
3.632061210337109003e+01
3.994096568625471377e+01
6.725462570424807041e+01
4.579614442473382496e+01
4.767956100269827857e+01
3.334081735743761499e+01
9.770831837804313125e+01
9.687040362023755335e+01
5.065710095964243465e+01
5.622210586931354470e+01
5.078343165662683845e+01
2.025552401343552944e+01
7.863202822164782901e+01
6.123392925578784940e+01
5.085379869970495292e+01
5.596544967707385609e+01
2.916073456498562422e+01
3.283608411595383103e+01
5.989363613345565085e+01
6.840777047281676460e+01
4.382152137020705851e+01
4.985867683047234777e+01
2.850850441044100236e+01
3.117303214943519052e+01
9.374517790563393760e+01
7.949880829012374761e+01
8.585582262300030720e+01
5.692253075074606983e+01
6.709267610707676965e+01
4.422281683027523513e+01
2.939275741095259775e+01
4.154786623988221805e+01
2.708645938507130424e+01
6.783867988005923166e+01
8.212549352482727727e+01
8.795291338720662111e+01
5.495969201797331039e+01
4.796648765576949813e+01
4.261133556477034290e+01
4.945627538294704806e+01
3.621824615135651726e+01
2.626818421095087785e+01
7.002369368631543978e+01
6.842311314743135142e+01
7.806418186716710750e+01
5.603209386511213097e+01
4.793083560695232848e+01
4.700235308538879764e+01
5.535581401005307356e+01
2.578360993035999016e+01
3.175389742897897349e+01
8.371455163822129464e+01
8.767923512667410080e+01
1.011036110362925768e+02
7.162558336628760003e+01
6.475042001968861882e+01
4.210921958038645130e+01
5.484313723332292057e+01
6.960865598195766779e+01
4.189063832198434056e+01
4.005144782091546318e+01
3.021815691122510117e+01
2.580551925498200916e+01
8.642232447749502455e+01
8.337746224688704899e+01
7.191897490614439903e+01
6.486476696678336396e+01
6.570606970071445119e+01
7.484283080397099752e+01
5.423558384153666623e+01
5.969416412026393459e+01
3.735788440619114681e+01
3.281040061393269980e+01
3.349367023232746021e+01
3.270232434482425532e+01
7.548800499229905370e+01
7.760146844695870527e+01
6.697953407627528577e+01
8.062554065092342626e+01
8.527766676942530921e+01
7.885758726764360915e+01
9.119808853323463893e+01
9.010886377515311096e+01
5.497356757290690865e+01
8.089687044590972675e+01
8.109201089791470451e+01
9.523431176380577767e+01
1.031024507780806516e+02
5.884305257512752263e+01
4.718213990129206081e+01
1.004301411830153228e+02
1.205559142794802057e+02
7.894728943147013922e+01
7.432446388670356896e+01
8.022161641113780206e+01
8.190492515294714337e+01
1.030445733458524131e+02
1.305821286010749134e+02
9.193266975751994607e+01
9.322860114112262409e+01
8.659843600003702591e+01
8.224815274969482459e+01
1.045926025570455664e+02
1.370072478230298998e+02
1.012736931214246283e+02
1.091963529027299984e+02
9.349426392321514356e+01
3.272664026866344500e+01
8.242840770753345225e+01
1.057445333596306227e+02
1.418143263214633691e+02
1.089960198363762487e+02
1.248492070522607946e+02
1.105358861760104503e+02
3.893746262847804473e+01
8.257440070892199913e+01
1.069024032485495752e+02
1.462009439976239662e+02
1.162512279772052040e+02
1.405558271702174125e+02
1.321561213218270723e+02
4.995401973190674738e+01
8.277187264744397055e+01
1.074560113349981378e+02
1.486108070419010119e+02
1.204182100742827117e+02
1.502064051291482372e+02
1.452549457836937847e+02
5.664626300209722842e+01
8.283697385639180766e+01
3.667846318459889687e+01
8.287439045428646978e+01
1.078300959081389578e+02
1.503090878582092671e+02
1.234332105442680927e+02
1.574979334451787167e+02
1.558002121265472510e+02
6.260341605614391369e+01
6.693709242439736329e+01
4.046548186945555159e+01
1.670181788685270874e+01
8.294043272149328061e+01
1.082502835667243630e+02
1.519733556836384309e+02
1.263311437297899289e+02
1.644755273428364433e+02
1.667825236343036863e+02
6.936651633792509131e+01
7.748301115396419902e+01
5.033797688231825163e+01
2.065813282080443614e+01
3.199816150923938807e+01
8.300577067504103468e+01
1.086266661066644588e+02
1.534016608344396104e+02
1.288036116440649437e+02
1.704591938925547083e+02
1.765737437842816178e+02
7.568371480929570794e+01
8.790568137224374823e+01
6.217821924128743660e+01
8.305034388701159287e+01
1.088994101195504953e+02
1.544631636379509416e+02
1.306600275670043914e+02
1.750350895121458450e+02
1.841871802110053409e+02
8.076955476428321390e+01
9.667685867863211513e+01
7.312359333373377979e+01
4.964914980011997159e+01
8.309397601338224604e+01
1.091460994889929736e+02
1.553889853163748000e+02
1.322644143290299041e+02
1.789782945481141212e+02
1.908771351344282152e+02
8.534406562834503518e+01
1.048204127045648022e+02
8.442878061811636314e+01
3.890927102960105088e+01
6.114948283936280404e+01
6.200295259843570506e+01
3.891665230640203532e+01
2.771581751398596793e+01
8.312635104665172037e+01
1.093361220248844461e+02
1.561128843266854744e+02
1.335253250294521195e+02
1.821077500438498475e+02
1.962350107248211657e+02
8.908612599788212094e+01
1.116758620298664511e+02
9.462839301965931327e+01
4.504732048407236533e+01
7.247032555436312862e+01
7.426340177978669033e+01
4.695393230293972664e+01
3.371200790157526939e+01
8.314221967081506648e+01
1.094556889757824649e+02
1.566105160651939343e+02
1.344153583116541597e+02
1.843793119777164975e+02
2.001360654231291960e+02
9.188267419963003135e+01
1.169618518778183756e+02
1.028961813540062309e+02
5.021806881270865119e+01
8.214433232459133194e+01
8.479919002543670103e+01
5.409782314112020174e+01
3.935856199665553135e+01
4.583333518853694954e+01
8.507108965778867571e+01
1.248991591742802569e+02
1.111679509088832987e+02
1.584484808736915511e+02
1.758324040385986962e+02
8.347522047256775579e+01
1.095542190725329306e+02
1.154014299946753681e+02
8.207788462740535351e+01
8.489980338070886035e+01
5.423879057430089290e+01
3.947786647146421757e+01
4.591199850560422391e+01
3.418550622070811329e+01
8.943718469449616748e+01
8.453432197402398174e+01
1.272814751886122480e+02
1.454730645638480553e+02
7.227359990819327606e+01
9.870290746902701073e+01
1.071175157245757248e+02
9.537248935649078874e+01
8.422461309064033230e+01
5.406606033249641996e+01
3.946280991181910736e+01
4.590993435785391341e+01
3.419826694476069662e+01
6.083661412080556374e+01
9.822223429720440890e+01
1.152495185429645375e+02
6.064114838583935807e+01
8.693989672475322550e+01
9.771040792090704485e+01
8.946570657699984963e+01
4.679185713359899523e+01
8.331643683770677455e+01
5.382320352387881712e+01
3.943303621910040135e+01
4.590188308669512196e+01
3.421230933907757077e+01
3.599367033329704668e+01
7.936127998443735976e+01
7.986489450989584782e+01
9.050647258388475791e+01
5.052827484023614346e+01
7.635319163383671537e+01
8.885788081573183206e+01
8.363920598167911180e+01
4.523929022460590943e+01
7.804695241512371240e+01
8.260456744081730562e+01
5.370819119549866372e+01
3.948869565381675528e+01
4.595002493103348939e+01
3.425109892938652223e+01
3.600921922298618227e+01
3.907530064556496541e+01
6.303663949457536830e+01
7.655735739974703336e+01
7.459492673726363421e+01
4.224390960751735236e+01
7.484283080397099752e+01
8.050858052831961231e+01
6.543815683544855233e+01
3.931037718728880748e+01
4.586245614302822560e+01
3.424779497809247175e+01
3.601240384493800661e+01
3.370960469813905291e+01
5.579924641779581407e+01
6.819229551326587568e+01
6.695242537912682224e+01
3.987381921910512972e+01
7.236561817205786440e+01
7.888267084310309940e+01
5.261108280248544133e+01
3.929833922467138052e+01
4.588223892593001807e+01
3.429135861651894857e+01
3.603136988635442606e+01
6.941448670030321466e+01
7.272698547168828043e+01
6.301944848444220071e+01
3.895425030102835251e+01
7.128281123724907786e+01
7.793967871701048011e+01
5.251661060228739331e+01
3.948946917941872670e+01
4.602677596489332501e+01
3.438969593446196171e+01
3.606823201370958287e+01
5.307834901979036601e+01
4.527133713322101016e+01
3.126406593813909751e+01
6.099819540615947489e+01
7.005048795910674642e+01
4.933599240733529001e+01
3.827832460786569868e+01
4.535815195744029893e+01
3.422342249515586587e+01
3.602797002223161371e+01
3.344746057720876564e+01
2.570056371381379279e+01
5.207924409951635170e+01
6.205605040596248045e+01
4.587848390148869271e+01
3.694971663402547080e+01
4.461644680783889072e+01
3.405613463379201988e+01
3.599158031593984219e+01
2.356358179031838418e+01
4.571311610497926381e+01
5.410763749507370335e+01
4.193846998876006182e+01
3.533677642615443659e+01
4.367174450008447906e+01
3.385205228319561854e+01
3.595000321032261326e+01
3.922971085588374507e+01
4.463600628381477264e+01
3.651822636720000759e+01
3.281040061393269980e+01
4.209193800296947074e+01
3.347749311314604626e+01
3.586834061397821927e+01
2.827747941870646287e+01
2.645252298994483198e+01
2.722138945294812729e+01
3.835651740040510305e+01
3.240714502474936154e+01
3.560468968265062273e+01
2.674161261198912598e+01
2.553625219163412652e+01
3.569897311466324652e+01
3.162336725324585984e+01
3.541838327318018287e+01
3.089897031995717569e+01
3.552280381231668827e+01
3.146403312374939176e+01
3.535784624211488847e+01
3.142400964776764738e+01
2.962491249717169595e+01
3.480748983474796887e+01
2.480498666793231521e+01
3.313239691523343566e+01
3.270232434482425532e+01
