8.735984352593115432e+01
1.094270032869381311e+02
1.390644413946786528e+02
1.488821946830748857e+02
1.849216993822437587e+02
2.032438085117196067e+02
2.150543378945070003e+02
2.609082575718893509e+02
9.216891673244398930e+01
1.172782680547578167e+02
1.294380314874709939e+02
1.624067029153116550e+02
1.813969684619559928e+02
1.907378898613263232e+02
2.021582710952470165e+02
2.614196620527123400e+02
1.602057556677425794e+02
1.757403846970728978e+02
2.190063638003101119e+02
2.258464966918256209e+02
2.327689794560933478e+02
8.903557124126425038e+01
1.015960288134559306e+02
1.296909458803563950e+02
1.480897842827223201e+02
1.588131547293982351e+02
1.702962086420618562e+02
1.972798527967644304e+02
2.155005483367398540e+02
1.649191204803432811e+02
1.931733592120417313e+02
2.140656311007374768e+02
2.219902814881441202e+02
2.217029863626886481e+02
1.427584435182954223e+02
1.562740817485719163e+02
2.110826286238578291e+02
2.040295571536057935e+02
2.181827279636848118e+02
7.679149285131910574e+01
1.013448929238700771e+02
1.206674135436846882e+02
1.335812539756720412e+02
1.460955348763260133e+02
1.484409607898716104e+02
2.044183868240561424e+02
1.931257516832251042e+02
1.540487823781274130e+02
2.130285978309155155e+02
2.021985666896742941e+02
2.161101342384650650e+02
2.417056155841722784e+02
1.476450083755050002e+02
1.727096605552788162e+02
1.988484846800641890e+02
2.125017093843142675e+02
2.174568192257843577e+02
9.947083873534548104e+01
1.191533523588715155e+02
1.347363077541437235e+02
1.485303415870735932e+02
1.503154080635843002e+02
2.106775302565199866e+02
2.039858917192787828e+02
2.092461551962952626e+02
1.997288279070441490e+02
1.881575500198088662e+02
2.055684082062922755e+02
2.198602344489918323e+02
1.875615523105129228e+02
1.837023320564816231e+02
1.905626171290493858e+02
2.054206022677391275e+02
2.307123604306319464e+02
1.286551244683881237e+02
1.832365378736548394e+02
1.814329364750440448e+02
2.008782361394346196e+02
2.309649837867445115e+02
8.638570178499382735e+01
1.019228578113774688e+02
1.151476634034262077e+02
1.162711793012981474e+02
1.654659165392918112e+02
1.668950122957414806e+02
1.601839633428115235e+02
1.791903625879641311e+02
1.748108646896370146e+02
1.877750048798505418e+02
1.976769598824980960e+02
2.097661718213801407e+02
1.756452423080111203e+02
1.699456604987238677e+02
1.914290301728385657e+02
2.097268737300382497e+02
1.642420193924618843e+02
1.646801632254961305e+02
1.760787085401946683e+02
1.947471025347789464e+02
2.242743767592740767e+02
9.975768931441650977e+01
1.137916640764720171e+02
1.635422889091051104e+02
1.671216534811858594e+02
1.621339614549575856e+02
1.764643847201218136e+02
1.898476955372523776e+02
1.146798734730700318e+02
1.951779661417578495e+02
1.863182426765220043e+02
2.114887782465504529e+02
2.419852705891022993e+02
1.628895718214902786e+02
1.857726421475556151e+02
1.963402581514778831e+02
1.963906330111947511e+02
1.501077305451316590e+02
1.647161015571512905e+02
1.787742639277106775e+02
1.955050825783376354e+02
1.498795422550337548e+02
1.496807251429490009e+02
1.746429245341551848e+02
1.963794500567759655e+02
9.630694798003327151e+01
9.221459587811189351e+01
1.346722012985414381e+02
1.400227136763992348e+02
1.387529728606616288e+02
1.438880669966362404e+02
1.667005968329679320e+02
1.790060331321947160e+02
1.719904187514388525e+02
1.807546407199757255e+02
1.949018900482260506e+02
2.309290904701711895e+02
1.703145826838132848e+02
1.661163303425907998e+02
1.919215384478163458e+02
2.252282580079935315e+02
1.374566498569984390e+02
1.607426365344406065e+02
1.740741203696337038e+02
1.799972515309083008e+02
1.243068366270486536e+02
1.392158074414191731e+02
1.561159365819017921e+02
1.759079179703226998e+02
7.523169131684400668e+01
1.089313762902323788e+02
1.148394381610771831e+02
1.160473728741350357e+02
1.215771747939426319e+02
1.435046600677289916e+02
1.419202651413495744e+02
1.652797942064583196e+02
1.563713719351080726e+02
1.859325711732404613e+02
1.788518842578928343e+02
1.510807682855379710e+02
1.600967444092726737e+02
1.767254179428107648e+02
2.143392364815917404e+02
1.427366193534930972e+02
1.423075567415955049e+02
1.666138126155991017e+02
2.007345174111550818e+02
1.146731890215497458e+02
1.362506901136469821e+02
1.497882188554764866e+02
1.588863414898041810e+02
9.482444857315761055e+01
1.013168425778743824e+02
1.049461141933433197e+02
1.107261720752116076e+02
1.316873864681867587e+02
1.322354167649181420e+02
1.400056024501630816e+02
1.570733113664322218e+02
1.853819367318726279e+02
1.718619781810078280e+02
2.319195638761219698e+02
1.654134177669567975e+02
1.721414482192323874e+02
1.713926409715078307e+02
1.373085729345760626e+02
1.637263033187118140e+02
1.616736173227176607e+02
1.272697582859126442e+02
1.356437973043528018e+02
1.534863524656439893e+02
1.907586061210569710e+02
1.213237712704139710e+02
1.237965415985677140e+02
1.463959975777432021e+02
1.806197732768759181e+02
8.247819821344366176e+01
8.932867610474929165e+01
9.595439001313748406e+01
1.153999220588084853e+02
1.178854234972159674e+02
1.191840272523075868e+02
1.408238036526377641e+02
1.418014489369133173e+02
1.644763956344731071e+02
1.714834546691680828e+02
2.304467615964886420e+02
1.708854922273807802e+02
1.602604413483415442e+02
2.190954553942722498e+02
1.500816756458440011e+02
1.598746455375888331e+02
1.616811719877219389e+02
1.266974239444969044e+02
1.499266518612614902e+02
1.522632145776942991e+02
1.227514165218154716e+02
1.316713735487813324e+02
1.529200602328753291e+02
1.948952717305866997e+02
9.095744027747713290e+01
9.845949479976052032e+01
1.199179269107100652e+02
1.255328748401868779e+02
1.290825797850326921e+02
1.458750440309332816e+02
1.596356256323569482e+02
1.649718900358882365e+02
1.576418901844834579e+02
1.661323536441192914e+02
1.471020229297943729e+02
1.554269512871217671e+02
2.139167677869254192e+02
1.504566722640322780e+02
1.432951416757258585e+02
1.992260241407901447e+02
1.288047479841099801e+02
1.421419432035268642e+02
1.475268428850508542e+02
1.136822464283976331e+02
1.340123990393631175e+02
1.419117160004005314e+02
8.293685266808991230e+01
9.623437309279711371e+01
1.015491957125018132e+02
1.048787235437019660e+02
1.154250702612435191e+02
1.320719985822752278e+02
1.271914944552868576e+02
1.793334348139894132e+02
1.492523963852790132e+02
2.273361549186890045e+02
1.341422600657704152e+02
1.436388232971661125e+02
1.229491801370005533e+02
1.321236356876557920e+02
1.870030061494475433e+02
1.225979256576636658e+02
1.196688773134625308e+02
1.710274502209379932e+02
9.604277107102376476e+01
1.100673007129328340e+02
1.172377674662341320e+02
7.077705084504607669e+01
7.612816447160550126e+01
8.003656298099032540e+01
8.496220588035480148e+01
9.953328794532905022e+01
9.497880791164013203e+01
1.024096470127960998e+02
1.474015282860470393e+02
1.366572971883359457e+02
2.159924667627668100e+02
1.250426521436625364e+02
1.930978863281908104e+02
1.116170466132250425e+02
1.214097702585901999e+02
9.483339944816918887e+01
1.032419058317684062e+02
1.501799030618567770e+02
9.067864014429152064e+01
8.902370215676549492e+01
1.278298325406893525e+02
6.486368692086544741e+01
7.026313189422059224e+01
7.104233636411136388e+01
8.561659780127214958e+01
8.218361197010993635e+01
8.682686888670771452e+01
9.426070911355292026e+01
1.445362813843231606e+02
2.662206647597046754e+02
1.168875843399753904e+02
1.890341993080060661e+02
1.062164463321933709e+02
1.660727536388807266e+02
8.742003209770673777e+01
9.566252951182563891e+01
7.905037909431553089e+01
8.664742593624471567e+01
1.284325526980215955e+02
6.475757552176587240e+01
6.224574223879849910e+01
7.926865326157920322e+01
7.725919902146657137e+01
8.263172770663531708e+01
8.888501021580147210e+01
1.387814119430285871e+02
1.011528531092842229e+02
2.219067259663580103e+02
9.402981627215442018e+01
1.559013328794028155e+02
8.090408400505609166e+01
1.272422584023628076e+02
7.191425073948259694e+01
7.982906342840996672e+01
4.576314093985764231e+01
6.214817552301093428e+01
6.102066871242524826e+01
6.578779570870146642e+01
7.101767989956283600e+01
7.564224862198815913e+01
1.275936279555141795e+02
8.472948227801867915e+01
1.748622201147079238e+02
7.369623864185639661e+01
1.257726374186978262e+02
6.382270588854002114e+01
1.008262609663819234e+02
5.149075927377841566e+01
5.070537594719510111e+01
5.539723903921805714e+01
5.970931784949634391e+01
6.415816405743603923e+01
1.414793870572743231e+02
7.039893311141473475e+01
7.407373411114573969e+01
1.539034249888185855e+02
6.868339267107934631e+01
1.189733886763540909e+02
5.639343909193491555e+01
6.217015801085946691e+01
6.628017241938813697e+01
7.127025773471545733e+01
1.568015651937265034e+02
7.260738798955411255e+01
6.219270746841284137e+01
1.293319081479392025e+02
4.127848839715668561e+01
4.516372091107754017e+01
5.052547596507614003e+01
1.136281340070737258e+02
5.494540623705407256e+01
7.052301087413970038e+01
4.766034948521889447e+01
3.930594053380699648e+01
4.140649544955576289e+01
8.805485685318457456e+01
4.349562175286265386e+01
5.577002610639085134e+01
4.031446444690966757e+01
7.741855349452950463e+01
3.915104917963935094e+01
4.955359010940475883e+01
6.666365086210177537e+01
3.489432630433505977e+01
4.338107817366913110e+01
2.777974804550756360e+01
3.346972954112565191e+01
5.005912279985984270e+01
1.095850825204507402e+02
1.022181759125135017e+02
9.990738094629686827e+01
1.116644900634756397e+02
1.484126750900486513e+02
9.752891735758093716e+01
1.471447863413539210e+02
1.127838973759649832e+02
1.451758157610319415e+02
1.059808541813430764e+02
1.845567946463038140e+02
1.801171778486851736e+02
1.439825074911669276e+02
1.014630047005377662e+02
1.848891141865509837e+02
2.026299626777312426e+02
1.440926239319923070e+02
1.060927106721664614e+02
1.789771520234685340e+02
1.895204940269653662e+02
1.337838438295181618e+02
9.052784210600182746e+01
2.061179646813560566e+02
2.245248200259176485e+02
1.678507820557470325e+02
1.723927635432561090e+02
1.284518534050844778e+02
1.069787350752743862e+02
2.061405141836115149e+02
2.134416527429867472e+02
1.618330172938076430e+02
1.704184662537424515e+02
1.329908448516763428e+02
9.578849544435000496e+01
1.971076622160512386e+02
2.034254969355195897e+02
1.662656896685876120e+02
1.584133878903971606e+02
1.381461455643668330e+02
8.806442177189036613e+01
2.287906999231146017e+02
2.362816702518183831e+02
2.356979877848609419e+02
1.960798037953571793e+02
1.926190946143915710e+02
1.650742433615313871e+02
1.926962568890172633e+02
1.187560432838181868e+02
8.210934862913354948e+01
2.306163415788684006e+02
2.261080990562414570e+02
2.316603618210883155e+02
1.958216849148332415e+02
2.076519098865456101e+02
1.608074505626752568e+02
1.698798063918755474e+02
1.049447505181398270e+02
7.868649754141989661e+01
2.260274250869599371e+02
2.355200681444127895e+02
2.192970335750324864e+02
1.864384288377904397e+02
2.146840319215067723e+02
1.410661121722779114e+02
1.420907713797372480e+02
1.049838703227023871e+02
6.630404005036696446e+01
2.561710890409108856e+02
2.619441711572015947e+02
2.516032729835736745e+02
2.161017043068230237e+02
2.348324133041958532e+02
2.666465826708757163e+02
1.831195841884968161e+02
1.867496846195791989e+02
1.316841976974594104e+02
1.321754117379721265e+02
1.028634235641806072e+02
6.491764174705014057e+01
2.456724074992833380e+02
2.617050223690998791e+02
2.721489100289567773e+02
2.078713819318224125e+02
2.299826277320765655e+02
2.361747894316012548e+02
1.667282977353307558e+02
1.635965488069080038e+02
1.232949221259238470e+02
1.366297332515366634e+02
8.917098026873074446e+01
6.163746567879650939e+01
2.731933583462648585e+02
2.854908376535865955e+02
2.923843114969858448e+02
2.702700510850181672e+02
2.365379830625821569e+02
2.529409758942109647e+02
2.835159607856344337e+02
2.044979856877773727e+02
2.023154530599501300e+02
1.976288883617947931e+02
1.525463803657658559e+02
1.606400747841960026e+02
1.216312601857568154e+02
1.250027430480556063e+02
8.872130320830102335e+01
5.606216378173883896e+01
2.646164615110033651e+02
2.795278555750101077e+02
2.983908764347718261e+02
3.356980133640174131e+02
2.303847451157025432e+02
2.452504063637962588e+02
2.446122570105691807e+02
1.884367715841608799e+02
1.903184975785495681e+02
1.856527754614345440e+02
1.449039963793742061e+02
1.562109537860577291e+02
1.194134938746586982e+02
1.156917261481131618e+02
8.478285540355857108e+01
5.379532904075294653e+01
2.605421124254374945e+02
2.715992247962907413e+02
2.941966918849740296e+02
2.996066790368693091e+02
2.269634039082942252e+02
2.275713765083137048e+02
2.178215858403094956e+02
1.746469828728787093e+02
1.827540494901968486e+02
1.967488921008067564e+02
1.462236382481212900e+02
1.420201449118044650e+02
1.140723947787809465e+02
1.265009145462624645e+02
7.811379165665171342e+01
5.071682908120813948e+01
2.859838555986028155e+02
2.962841638130526576e+02
3.124697709903874170e+02
3.469609324345566392e+02
2.526784884193053529e+02
2.687253977550046784e+02
2.607527472738103143e+02
2.523370941228940580e+02
2.078900472349390611e+02
2.099707557087959628e+02
2.158418518830084452e+02
1.733235894723720207e+02
1.758114088608292320e+02
1.756880822947044010e+02
1.445848140168920679e+02
1.501532458084546988e+02
1.097983743431665289e+02
1.187011315579480453e+02
7.358860760851504779e+01
5.383406293090364869e+01
2.677269499774240558e+02
2.803441488234449821e+02
2.936212696234829309e+02
2.904301173027752156e+02
2.333553692340651651e+02
2.336901547497984382e+02
2.315182839924524671e+02
2.238754334753255648e+02
1.893189698701229702e+02
1.904016390518795276e+02
2.003709953265114336e+02
1.591817665588569639e+02
1.609679065030001084e+02
1.521342586068296612e+02
1.275456867531630394e+02
1.413381475545656656e+02
9.246057565084238661e+01
9.248654883601625443e+01
6.364587229541336910e+01
3.936120697943601243e+01
2.604586227975407269e+02
2.751226910630783777e+02
2.717727335213112951e+02
2.579507877103530404e+02
2.219096766515957029e+02
2.176045157992974168e+02
2.235962074727822539e+02
2.386873076981425186e+02
1.849367671043965515e+02
1.914460658667842949e+02
1.822230567016811733e+02
1.498535272550109312e+02
1.591442094773635745e+02
1.722573704266413586e+02
1.214203842341191688e+02
1.266848646759550974e+02
8.378845004715782352e+01
8.740925600822396291e+01
5.762857667459827837e+01
6.831467064712832382e+01
2.567444847131068286e+02
2.507669247940075934e+02
2.496058460859281638e+02
2.545292279876595387e+02
2.086575455519086120e+02
2.127704452989942183e+02
2.127999739453819927e+02
2.108774272284073277e+02
1.770353619490149697e+02
1.826606245895062273e+02
1.853638676531636804e+02
1.452233749321507332e+02
1.565219445850781312e+02
1.644046491080266321e+02
1.109793239989853646e+02
1.114339439936397298e+02
7.646700167269256099e+01
8.177233317096212772e+01
7.369519350224885557e+01
2.544537921172792849e+01
1.095850825204507402e+02
1.183196966451934173e+02
1.096693523449232686e+02
1.184681807937317046e+02
1.302777690776944723e+02
1.029811149393664920e+02
1.178036146492877094e+02
1.398217130577805278e+02
1.378987565094854233e+02
1.228177132682985473e+02
1.164082590055480182e+02
1.413800479377644308e+02
1.561512310000067032e+02
1.588737455430112959e+02
1.062654364582610782e+02
1.152249314381006400e+02
1.408202944784567023e+02
1.650124803476839190e+02
1.836481135423198907e+02
1.393638944675814457e+02
1.191355784974445271e+02
1.143556029082681533e+02
1.399192023104034774e+02
1.695031720129070436e+02
1.999266099547397744e+02
1.660390294724277567e+02
1.530528861967399052e+02
1.116354618253041338e+02
1.136775293802422908e+02
1.389375372565606597e+02
1.715851540940453219e+02
2.102026442411455776e+02
1.863616085001915792e+02
1.828497258877875709e+02
1.394268226596248894e+02
9.635070122481498345e+01
1.131948445170546336e+02
1.382223132498484688e+02
1.729476508376750985e+02
2.179311827508878707e+02
2.038761156899957143e+02
2.139946649749215624e+02
1.782544241103785794e+02
1.353709840447120598e+02
1.062559550644036221e+02
1.125571229461877323e+02
1.367194385202628837e+02
1.716013773256083823e+02
2.185674308694099182e+02
2.102765999206498861e+02
2.287015739445761824e+02
1.996277583747331050e+02
1.579793659586267722e+02
1.276475591452768583e+02
9.433526236713655067e+01
1.121081248076403085e+02
1.356793577621071165e+02
1.706978492706856230e+02
2.191479408421887172e+02
2.153210898581338029e+02
2.410167112556934796e+02
2.190254685883572563e+02
1.804518088503519380e+02
1.508351418493996619e+02
1.169105972303655818e+02
1.059253475319513171e+02
1.118166999523255072e+02
1.350485530383338073e+02
1.703234112412710317e+02
2.201774909195380587e+02
2.200274741910009482e+02
2.522853393466708383e+02
2.373709980234772274e+02
2.031690769757891815e+02
1.758220203578161147e+02
1.417366961387407400e+02
1.346065518690225247e+02
9.585053468794994558e+01
1.115956539657447593e+02
1.345755529309936662e+02
1.700473305141901506e+02
2.209713306573905527e+02
2.236903357020424323e+02
2.613771461838399546e+02
2.529505688071774330e+02
2.237772622393623578e+02
2.002169290778057871e+02
1.675212741827658931e+02
1.676745543798187157e+02
1.207560181246390698e+02
7.953056454411654386e+01
1.113806822789602364e+02
1.340713046689639327e+02
1.695220848567121266e+02
2.209101864141009059e+02
2.255453852766062823e+02
2.669323200059470764e+02
2.635570340737660899e+02
2.388272064105163111e+02
2.189032726706291498e+02
1.879875058817336253e+02
1.952797264307361047e+02
1.434867386876937587e+02
9.653597292797979890e+01
7.286407698116994425e+01
1.112264521255587795e+02
1.337256413804691420e+02
1.692206176990233075e+02
2.210886525116959831e+02
2.273352546123546745e+02
2.719371327687310327e+02
2.730360253271969100e+02
2.526104184174411387e+02
2.367109162466961436e+02
2.082787492746921600e+02
2.236819259845423744e+02
1.682329204961141045e+02
1.156541002818337063e+02
8.844753019759068025e+01
7.206305063054378479e+01
1.111106204672162363e+02
1.334761230483791792e+02
1.690398873756295757e+02
2.213564365600230417e+02
2.289540560853424154e+02
2.763185727377077114e+02
2.813414991453095126e+02
2.649759705486404755e+02
2.532922283362706537e+02
2.279574592956122672e+02
2.523831159113093179e+02
1.947869085386394090e+02
1.370149834963484636e+02
1.056144335723278544e+02
8.631918907492580217e+01
5.645869317559987621e+01
1.109860687141337365e+02
1.331806495400006725e+02
1.686930108294318416e+02
2.211602089891405853e+02
2.296718236248152607e+02
2.789232350188970031e+02
2.869636218984465472e+02
2.739902857864270800e+02
2.660664712005705610e+02
2.439562839018465752e+02
2.773085689054680643e+02
2.197940713265480781e+02
1.593467866512784497e+02
1.266249328171678741e+02
1.092020432083671011e+02
7.745243087839531881e+01
5.710401859692653659e+01
1.108791862088629898e+02
1.329241520294452528e+02
1.683757059658763637e+02
2.209205957534589686e+02
2.301267014945947267e+02
2.808113543265934595e+02
2.912505640195176966e+02
2.810706285464875123e+02
2.763197581428194098e+02
2.570532339728791271e+02
2.983046036742977662e+02
2.413095169271301188e+02
1.787832621343051471e+02
1.445563571649298069e+02
1.275932303035627911e+02
9.208520623576045239e+01
6.812522010961173180e+01
6.529419414442284619e+01
1.108057867694786864e+02
1.327607156466158358e+02
1.682210424382600706e+02
2.209468988356581747e+02
2.308299887749220716e+02
2.829344146199750867e+02
2.956038239034029402e+02
2.880633197866836781e+02
2.864968690981170312e+02
2.702700510850181672e+02
3.197872256031755001e+02
2.640520797774952371e+02
2.001440930020768576e+02
1.653441415186148049e+02
1.499519960100224978e+02
1.113473180198601966e+02
8.281506188986439554e+01
5.004050494893994028e+01
1.107441021844269216e+02
1.326242408813890563e+02
1.680930801826289098e+02
2.209710048352214073e+02
2.314183951615013086e+02
2.847115442112134929e+02
2.992697857121174820e+02
2.940203427234207538e+02
2.953084591102423815e+02
2.819449191234294858e+02
3.392266449211641657e+02
2.852460760108067461e+02
2.206866233954907841e+02
1.860057246039504548e+02
1.728666575200731472e+02
1.318547446099741194e+02
1.027250538880700930e+02
6.732292915657933463e+01
4.711376064058570989e+01
1.106897061332235523e+02
1.325026912969553337e+02
1.679720181567716395e+02
2.209636128782672984e+02
2.318715889562646453e+02
2.861363135797114978e+02
3.022720609979812139e+02
2.989789095992694570e+02
3.027621441861558083e+02
2.920048222126594055e+02
3.563755223498966416e+02
3.044523727572051826e+02
2.398481567249635589e+02
2.058665178299942795e+02
1.955636990964422353e+02
1.529326982671550752e+02
1.256442224219505448e+02
8.876541892596850403e+01
6.253327175148436368e+01
5.025120545009461637e+01
1.106447963525665301e+02
1.324041227484528918e+02
1.678799121147163760e+02
2.209786636158624447e+02
2.322850072224101723e+02
2.873912771223062919e+02
3.048873542767319691e+02
3.033002335691727467e+02
3.093033198905147287e+02
3.009325641059361374e+02
3.718220380558886973e+02
3.220995046800307477e+02
2.578566484935133190e+02
2.249960417349522004e+02
2.179571925491125910e+02
1.742959021863631506e+02
1.506238535021768996e+02
1.129434353103281126e+02
8.303102321040462641e+01
6.988785662500737317e+01
6.044736959745785043e+01
1.105287527816525284e+02
1.320796108957889601e+02
1.672808913000676228e+02
2.199117283162497642e+02
2.310474007879720659e+02
2.857362541995946685e+02
3.033210113277366986e+02
3.020711455438518556e+02
3.083111947619949547e+02
3.002843126690558506e+02
3.726269475569133078e+02
3.240807857787881403e+02
2.605420239161471727e+02
2.275323883956198756e+02
2.206355481482632399e+02
1.762623462308066848e+02
1.484212157177195195e+02
1.126241312458047190e+02
7.983667280607069472e+01
6.255887916496205037e+01
4.813851902611374811e+01
3.272951111175461847e+01
1.444621656823682656e+02
1.105085013680725012e+02
1.320472408341855441e+02
1.672999425692252373e+02
2.200983120878005082e+02
2.315998634377900203e+02
2.870635492025081703e+02
3.057818646839025405e+02
3.059265577400971097e+02
3.140238953364770964e+02
3.080117208357583536e+02
3.859131481111260769e+02
3.393718677214974946e+02
2.763522227491519629e+02
2.445779374610724233e+02
2.407979010218982410e+02
1.956000438485820609e+02
1.701348366348128707e+02
1.333955617209619788e+02
9.678570866469635803e+01
7.749180976136737797e+01
6.105005394871321300e+01
4.252834891218725488e+01
5.655023791615311524e+01
1.104831824798845759e+02
1.319955876693225605e+02
1.672659514649736536e+02
2.201555726810725560e+02
2.319245245063189031e+02
2.879490430830606442e+02
3.075463104896255686e+02
3.087981957519735374e+02
3.183664215552398673e+02
3.139830936168943936e+02
3.964480101255503541e+02
3.517485268256040740e+02
2.894039833419678871e+02
2.588486856642076077e+02
2.579263881481075487e+02
2.122404181284188383e+02
1.888272614460887837e+02
1.516599005558805686e+02
1.116978560032027303e+02
9.060182046554275814e+01
7.236348314538409454e+01
5.137620723530152844e+01
6.943381924189884558e+01
1.735308335203611918e+01
1.023138262877959335e+02
1.386790123471484151e+02
1.884999814740558861e+02
2.054013563451700293e+02
2.604757308678567256e+02
2.840653701845238857e+02
2.900586377544858010e+02
3.026545730552409168e+02
3.012971887162993880e+02
3.850691140213615995e+02
3.452634068465637824e+02
2.867742824687344978e+02
2.582319192676528132e+02
2.587578728518863045e+02
2.138338525317723793e+02
1.809485782685443667e+02
1.534638798522151433e+02
1.129862045164966560e+02
9.153368639022656339e+01
7.299165659092074065e+01
5.173884992082016510e+01
6.978762482808603806e+01
1.739624455641963507e+01
1.077541139432640165e+02
1.533420100626541966e+02
1.758155518384874370e+02
2.292818453515885437e+02
2.568801939600862170e+02
2.679445024205997470e+02
2.837516988424394526e+02
2.856489888395355479e+02
3.703348974680668562e+02
3.362362083707969305e+02
2.824724609563980380e+02
2.564754785189564359e+02
2.587981005329808681e+02
2.150357990090072349e+02
1.825241700130705453e+02
1.923356566833137151e+02
1.143410320311101884e+02
9.252831588813505448e+01
7.366843028316122854e+01
5.213215198830339148e+01
7.017276948363064548e+01
1.744332432505981956e+01
1.106605680263038067e+02
1.392272081259781942e+02
1.905903225327939481e+02
2.224436173026359995e+02
2.392818436189792806e+02
2.588113833165229494e+02
2.645980533887359911e+02
3.493949091951370747e+02
3.223373644846431603e+02
2.747447199491097081e+02
2.521987698578349182e+02
2.568595598961891255e+02
2.150239150897548370e+02
1.833744351624526416e+02
1.935198276304284946e+02
1.569130899035474158e+02
9.348880022542098800e+01
7.433891568140234085e+01
5.252913062487613871e+01
7.056617093590148215e+01
1.749174033713149612e+01
1.155987617281731161e+02
9.777202606911275495e+01
1.466272451399015040e+02
1.830154070647037656e+02
2.060050552588736537e+02
2.294830064763033874e+02
2.394417652085777775e+02
3.235400031371584646e+02
3.044580279909363867e+02
2.641687059343497594e+02
2.458136578320786896e+02
2.532901570920824383e+02
2.140619340389329466e+02
1.837080068603312384e+02
1.943645906576647064e+02
1.584278563523667174e+02
1.168700776165449895e+02
7.505349388501264229e+01
5.295774440280774087e+01
7.099403591634816735e+01
1.754460925199359878e+01
1.152980201640344688e+02
1.516108239453790247e+02
1.784908631539512669e+02
2.041625247463186668e+02
2.165078692023973304e+02
2.995273163039715882e+02
2.877499584568475939e+02
2.544716768985366855e+02
2.505632374614481250e+02
2.139369851931261053e+02
1.848138086884248423e+02
1.959390810808818060e+02
1.606524664181059734e+02
1.186428829632265547e+02
9.585367956964492464e+01
5.351844673814099451e+01
7.154682801819193116e+01
1.761238390592334113e+01
1.083705645717517143e+02
1.409131973884750835e+02
1.699358045486947617e+02
1.853961596562640750e+02
2.654855838225456068e+02
2.625729744484157777e+02
2.383020410146507686e+02
2.294041912079341046e+02
2.108774272284073277e+02
1.840231661604023827e+02
1.960556246412554628e+02
1.620757806017550422e+02
1.200425101297368826e+02
9.703745637880182073e+01
7.687723353240249935e+01
5.405416921113524609e+01
7.208710987719172181e+01
1.767950571132495341e+01
1.136273411263439499e+02
1.428582203177361123e+02
1.579871011237298148e+02
2.341291435154471401e+02
2.387113424318754085e+02
2.228304892359401492e+02
2.190216904783482903e+02
2.367294690165551856e+02
2.083322188839343312e+02
1.838097607467667558e+02
1.967467208731657138e+02
1.642052078883576200e+02
1.219918517288488431e+02
9.863711816670684129e+01
7.803532318373792975e+01
5.475366091580480798e+01
7.278424531269868680e+01
1.776550805803680078e+01
1.119858169667166834e+02
1.258333481074776756e+02
1.962775764092666293e+02
2.086853996911474098e+02
2.022098375085147381e+02
2.042232806311364186e+02
2.260210012943536810e+02
2.030586283835023664e+02
1.818493808336879169e+02
1.961020737575628630e+02
1.657403665866498272e+02
1.237571326199595774e+02
1.002179935987815895e+02
7.923283470042888155e+01
5.549718541004972394e+01
7.353608942047561925e+01
1.785900945035048792e+01
9.234190384851221722e+01
1.537204590349274440e+02
1.732125959564575908e+02
1.763441691050171016e+02
1.844221575004850138e+02
2.103724822283952278e+02
1.941181620551732578e+02
1.773458743154162960e+02
1.933816419459154190e+02
1.661870653614035405e+02
1.250764150787299513e+02
1.016410392381003902e+02
8.040205357998296165e+01
5.625714668678253361e+01
7.432280340475622893e+01
1.795811702499977258e+01
1.148043903148415694e+02
1.382999430068763331e+02
1.495807460697028830e+02
1.626583514305266362e+02
1.920569977891056794e+02
1.829228362871876357e+02
1.711676859425367638e+02
1.891530331214161720e+02
1.660019012080819891e+02
1.262611859336256259e+02
1.031336973934056829e+02
8.169689176111629081e+01
5.712185550106963206e+01
7.522832466464068091e+01
1.807278453801304252e+01
1.013850800014631517e+02
1.204397726872409464e+02
1.379059223741224400e+02
1.698738086944073586e+02
1.683233310367333502e+02
1.623069923705666042e+02
1.824223079904752183e+02
1.644883650215334114e+02
1.269462414854742178e+02
1.045164515959249627e+02
8.304235564714885243e+01
5.806826305094098473e+01
7.624226813019242854e+01
1.820252662072757843e+01
1.009885488910754106e+02
1.189329001430502331e+02
1.515752187661663015e+02
1.562587809921926976e+02
1.551885983310575625e+02
1.766522809165078627e+02
1.644046491080266321e+02
1.289236644099696889e+02
1.070117891269217836e+02
8.521442568902661208e+01
5.951720700997934443e+01
7.774738324736073025e+01
1.839177740486333335e+01
9.522641036102154999e+01
1.251312524854136683e+02
1.365457567727733021e+02
1.414728675906207229e+02
1.643053203558862378e+02
1.597859112392917211e+02
1.285470970708146012e+02
1.083856090434901915e+02
8.695554046936801740e+01
6.086285650902971867e+01
7.923799921584223682e+01
1.858495161912402338e+01
8.939347912292139142e+01
1.079225296363744775e+02
1.198114619903453928e+02
1.436150344461262023e+02
1.485774909921623248e+02
1.243512483168168927e+02
1.077200705706664792e+02
8.778965807276422595e+01
6.191081736372699140e+01
8.057978006682047578e+01
1.876956339062923362e+01
7.971603340478569066e+01
9.661138554463413186e+01
1.187594881517896113e+02
1.331198666652614122e+02
1.173242022793551911e+02
1.055437584002084321e+02
8.807440404271652312e+01
6.290103658936099151e+01
8.202496862748577655e+01
1.897760701319362298e+01
7.583653044220855577e+01
9.270448833869338046e+01
1.154000314651765819e+02
1.082810609136536470e+02
1.022709572809007881e+02
8.813978469661111603e+01
6.410819029993216134e+01
8.389182133547993203e+01
1.925144999143764224e+01
6.222205701093676566e+01
9.137367963946823579e+01
9.359326393274541545e+01
9.497698873266169528e+01
8.618295649632683819e+01
6.474934174868067771e+01
8.565083784295725877e+01
1.954344442782787183e+01
6.569526532769269522e+01
7.485131452582648137e+01
8.368150798543312874e+01
8.177233317096212772e+01
6.470106349136837309e+01
8.739755805947837075e+01
1.988356691595232206e+01
6.309967030075552685e+01
7.472884875180457698e+01
7.790386950891029016e+01
6.552221447369088025e+01
9.070589862893605471e+01
2.048222489466241569e+01
5.381091435189478034e+01
6.532756742178901277e+01
6.252597223083579792e+01
9.247015075941784801e+01
2.109712050932673577e+01
4.955014937479039361e+01
5.549566910392374552e+01
9.188182353693640891e+01
2.177502511758799741e+01
4.681814074028537931e+01
8.827000556642076390e+01
2.276563087390057660e+01
7.745997179986402159e+01
2.427753842085204639e+01
2.544537921172792849e+01
