7.683619037089773940e+01
8.931094514562532538e+01
5.261931635614843117e+01
1.034251591105557537e+02
1.143847016406936632e+02
5.739416508968255215e+01
1.047816141067100659e+02
1.023209971159143947e+02
5.002581668110970980e+01
3.108515436506910490e+01
6.098289068105078314e+01
6.381813344752199413e+01
3.232998638167475747e+01
5.349688140410026449e+01
6.588545979907021888e+01
6.371494387699834760e+01
3.395000516581327332e+01
6.299401662671165525e+01
6.273305908586657864e+01
8.860707528040438774e+01
4.359329690883608066e+01
7.955640337779242088e+01
7.128581273578093658e+01
3.487428319195881699e+01
5.783228126882170983e+01
7.560333123233844788e+01
6.792538586881663321e+01
7.263282533007026132e+01
8.393583124231206227e+01
7.605046997602777026e+01
8.202729043027861167e+01
1.012243042198961831e+02
6.607503156684474277e+01
8.194846680093459668e+01
7.998907546515235367e+01
1.113533703624543705e+02
9.559556536530052995e+01
8.103807037487510456e+01
4.078841076683936251e+01
7.078135240158420061e+01
9.466963993104910458e+01
8.063092077257586254e+01
8.597919156537618335e+01
1.299910122378522033e+02
5.637357166732398639e+01
6.088039132979545087e+01
9.303436466146723660e+01
6.282034272455581458e+01
5.955595329304181718e+01
6.741689431854655368e+01
8.770200219264482655e+01
3.867420567031116008e+01
3.330297626812575373e+01
4.463077306734891891e+01
3.845883854156274850e+01
4.680587112850913201e+01
3.964822762417450974e+01
6.648381839832553908e+01
5.476543397888089260e+01
9.251104736861012157e+01
9.297768578496859959e+01
7.736625651508497015e+01
6.557878821514020729e+01
1.099490459962811855e+02
5.974848628827751895e+01
6.427282245616996192e+01
9.651595551175964260e+01
3.285572716463111220e+01
6.115904287991742905e+01
8.207388010675043688e+01
7.190273560972752875e+01
8.802068652920634406e+01
6.417584245745082683e+01
1.091164359550421210e+02
1.129956103583932219e+02
1.361403958538346899e+02
6.782270186966803749e+01
1.162949831340129379e+02
1.087623327992577202e+02
8.322007869419262249e+01
1.301949091518295063e+02
8.751058254030394323e+01
5.579214350568073399e+01
9.503337731202336158e+01
1.018436357768448914e+02
5.141200495483761301e+01
4.405964480047254028e+01
5.204946332401060261e+01
3.875138070790855238e+01
5.510923603695072615e+01
7.828931739054718264e+01
7.349441204127327865e+01
6.988624154884625739e+01
6.496803879917781899e+01
8.994284702444959123e+01
1.278599381824616046e+02
6.518259480009203344e+01
1.069210619876108694e+02
1.024437239614485833e+02
6.269006472195996338e+01
9.603779889982844509e+01
6.504599180883590748e+01
4.632801583608983975e+01
5.773301615823044841e+01
4.583290008104432189e+01
6.701752089270715373e+01
9.637975966698404306e+01
1.155080614318190300e+02
6.000937944385459843e+01
7.088482049888222036e+01
6.898027034703795835e+01
9.623721953277988916e+01
1.109951174250534223e+02
1.064772229580301115e+02
7.031417478613730054e+01
5.815836507273448319e+01
8.466230566163538640e+01
1.193403417116506517e+02
1.417716568712569654e+02
7.287536608877429956e+01
1.022512649433877385e+02
1.195533430825153687e+02
6.800133878829367973e+01
6.241138722986698184e+01
8.781798571451057001e+01
1.217182930518803090e+02
6.518119501844708452e+01
4.703922728028384626e+01
6.863984811842165357e+01
9.423769968075420422e+01
1.102685122318143129e+02
5.742728277453062447e+01
6.166823519732297143e+01
1.109618904930295002e+02
1.201859610511275491e+02
7.118141366261171754e+01
6.434209783455031584e+01
9.037315052066600174e+01
8.293436180257457124e+01
1.113754948209433735e+02
1.284659595497945759e+02
6.829000427041964372e+01
7.449568651054461554e+01
1.318514639256238752e+02
1.045680325152719519e+02
5.762668768269075770e+01
6.716502274273446460e+01
7.673401234972585883e+01
4.263181668000702018e+01
4.799170438859822951e+01
8.554634622029094260e+01
8.759012289407911567e+01
1.037106642178121803e+02
8.489947164162570914e+01
5.231379093031000593e+01
6.279112543945426239e+01
1.140806397235411964e+02
1.168290484269138716e+02
5.853787987589248587e+01
7.806635933380431425e+01
1.457908788723410964e+02
1.494769961430056355e+02
8.092136380665321838e+01
1.512493855950344539e+02
1.513748036762336255e+02
6.965001852284609640e+01
6.455331944603425143e+01
5.003157893923628308e+01
4.239490290591643884e+01
3.857434272239742512e+01
4.793477256950048826e+01
3.964650958831635563e+01
5.226669150626783278e+01
8.517086952285426094e+01
3.835009091769523337e+01
7.124895099846554558e+01
3.643744893716094424e+01
3.764873915467574506e+01
7.273963184790873981e+01
4.190773175028561326e+01
7.796687995271220473e+01
9.716221860790595599e+01
3.746643934243877538e+01
7.301889854207223607e+01
4.478095080984606113e+01
9.000146525464246849e+01
1.161119062109704174e+02
3.720963469234782650e+01
7.109843976089638318e+01
4.481088834948552346e+01
9.317836208283310384e+01
1.205650565526544682e+02
5.253544640224089335e+01
5.413014158467921533e+01
3.645235637251385441e+01
7.053862536404562888e+01
4.562920850682721152e+01
9.849370124512493874e+01
1.314020725657921957e+02
5.953106886851603008e+01
6.853560356521460051e+01
3.709089002503393573e+01
7.633376572540193195e+01
3.695701930842752603e+01
3.585020177840438294e+01
6.943387988582541936e+01
4.552595028775335351e+01
1.002360042151695154e+02
1.356980149369550759e+02
6.321196796433073217e+01
7.781358673929649683e+01
8.759322124848901581e+01
6.020284011550143788e+01
3.691967914608453327e+01
6.943635722409986499e+01
4.626264567196027855e+01
1.044231262262884457e+02
1.456890064186382290e+02
7.116703287015666035e+01
9.452684038127803490e+01
1.136233407337417276e+02
8.520333213398251360e+01
9.412688671151798303e+01
3.684320644191549121e+01
3.532642869970788269e+01
6.879343351233355008e+01
4.617484146316856908e+01
1.054522917814476557e+02
1.490395439703318914e+02
7.482940143286448631e+01
1.042262107986413042e+02
1.294475473314268186e+02
1.001737219942236408e+02
1.155106227873319540e+02
6.894912440618776373e+01
3.672735623012881234e+01
6.756438422470570515e+01
4.537169017754569467e+01
1.037107677323006101e+02
1.462997731300987141e+02
7.425369436540356105e+01
1.062038433605734298e+02
1.332338366048756200e+02
1.035281641038775149e+02
1.193084157910101482e+02
7.238064389153474565e+01
8.313463199440285223e+01
6.626283361104233904e+01
4.439455582885434382e+01
1.011090489282369447e+02
1.414549582006181652e+02
7.195892878033500040e+01
1.044618745689443102e+02
1.309095240902940986e+02
1.008817523251679660e+02
1.139971322998976149e+02
6.832937460605631941e+01
7.971909744224046790e+01
8.055086068883014150e+01
4.448022908719935486e+01
1.019699742485683629e+02
1.438505855449785145e+02
7.443032367030100716e+01
1.109932172421547705e+02
1.325957452603635716e+02
8.353743371210188684e+01
1.054816109898570886e+02
1.233855711020985808e+02
1.092436900243451845e+02
6.597230486074006706e+01
4.453526217191859615e+01
1.026115149846538515e+02
1.456876611939963198e+02
7.641118929393142878e+01
1.164422423300755867e+02
1.501851097394186070e+02
9.842941322544074012e+01
1.311699625723473162e+02
1.663505877670679070e+02
1.643510921501864743e+02
3.651589544186951741e+01
6.543946872770115419e+01
4.416338163288470042e+01
1.017035038638375255e+02
1.441224059153547898e+02
7.591897844675573026e+01
1.170010224997486148e+02
1.551055308759695492e+02
1.275282468288623789e+02
1.544660214377308023e+02
1.024793025683397758e+02
1.384963345817808715e+02
1.788832744774478272e+02
1.768443514676583845e+02
7.048640287803350191e+01
3.647002243794007370e+01
3.380551970746923729e+01
6.495667297600130041e+01
4.381408730617903302e+01
1.008094686095164718e+02
1.425322890754594312e+02
7.531059426231541920e+01
1.170954044055649490e+02
1.562298593376327460e+02
1.579556041522917553e+02
1.061254071102128620e+02
1.455268373902185601e+02
1.917478319621969547e+02
1.925636191544358837e+02
7.619306369838508886e+01
5.818891218996962778e+01
7.589120518989227548e+01
6.231048537519038177e+01
7.688621359655493848e+01
4.717355831453756565e+01
1.016073112278855035e+02
1.356425879287760949e+02
7.178886768693466536e+01
1.133407025636257544e+02
1.520491475993516701e+02
1.268351398451254397e+02
1.554336573233348702e+02
1.050625300004414981e+02
1.446620209445011085e+02
1.912895237293132595e+02
1.925884027868996213e+02
7.628658689759427602e+01
5.827248020246829441e+01
5.911375816210872358e+01
3.931789001568165531e+01
8.621914254861293614e+01
1.140861132776647082e+02
6.234959863656681733e+01
1.020105539617867976e+02
1.400837825408899562e+02
1.193054495097825622e+02
1.485922755220721285e+02
1.019347130217609845e+02
1.418899510865205968e+02
1.891978980889537070e+02
1.915971370245360959e+02
7.615190219461686638e+01
5.826812631084668936e+01
4.214341157218623124e+01
8.297616050843053870e+01
9.800599502234641136e+01
5.423692434446688537e+01
9.174306803393918130e+01
1.284372700924294861e+02
1.115935922984968727e+02
1.412406941748905354e+02
9.848347051188002865e+01
1.387613556736917815e+02
1.868193204356513775e+02
1.904901373239432587e+02
7.601265333666304969e+01
5.827326479671179982e+01
7.599642359012773341e+01
9.131340975129421622e+01
8.978241849696325971e+01
4.923591720501718072e+01
8.567912098986813874e+01
1.208698405661183131e+02
1.063246845442394033e+02
1.357948296246963480e+02
9.593499373241085948e+01
1.852343751732480257e+02
1.900281349325078395e+02
7.606587504849311188e+01
5.837641152938721945e+01
5.610587916524088570e+01
6.645563947989292330e+01
9.938317667221200225e+01
9.180851156180837336e+01
1.217680588281247935e+02
8.902258794350719029e+01
1.299484795879379249e+02
1.872650724146022014e+02
7.560596407359834359e+01
5.828512396376961391e+01
3.343700974778526103e+01
9.313338485424417001e+01
8.638347959592634595e+01
1.149739357756827047e+02
8.547862518399328735e+01
1.263529419342013114e+02
1.772289479531060294e+02
1.863061944345615188e+02
7.564325597153570868e+01
5.843138067771979394e+01
7.619090792292813319e+01
7.863202261679587934e+01
1.013287448572625067e+02
8.999696892005037796e+01
1.154132320237112026e+02
8.550788460336615060e+01
1.258341254301404035e+02
1.770631281087886748e+02
1.872160604518478237e+02
6.865408471390999523e+01
6.843926126089998263e+01
9.366481264764551895e+01
7.403202165709775784e+01
1.140656233897826297e+02
1.667841198608144282e+02
1.816832622703512925e+02
7.535780559110398258e+01
5.871716262461534797e+01
7.647091985042649753e+01
5.401841117562673844e+01
7.706160642333833266e+01
6.473172436837570842e+01
1.034483663309362527e+02
1.567392326666138729e+02
1.763495326412458724e+02
7.470362041571574707e+01
5.876640308844979899e+01
7.660506412498558859e+01
7.268835851993253527e+01
6.175925955801443479e+01
9.759645815677681924e+01
1.492625934643435244e+02
1.724018411472663672e+02
7.460231729741180118e+01
5.916931594333770761e+01
7.693774587419473221e+01
5.227808367672798795e+01
8.490949767564387685e+01
1.335175103352179917e+02
1.620479439421025347e+02
7.320197437321535006e+01
5.924741690634328961e+01
7.718748713800815153e+01
1.242812723985690013e+02
1.536411663674600447e+02
7.258918447366440319e+01
5.997272475110754186e+01
7.781346988312064639e+01
8.365405619014806859e+01
8.859808987455294016e+01
1.240179346325969476e+02
6.658726698838812297e+01
5.905193792692582377e+01
7.795257033613536635e+01
1.003251204847798306e+02
6.182067577156075089e+01
5.955175301759162210e+01
7.905557028646505557e+01
5.994683306392533240e+01
6.419100607195049690e+01
8.290459782750882312e+01
7.254774219185539152e+01
9.152114199941424033e+01
8.420564507574337654e+01
4.239490290591643884e+01
5.758018381895143989e+01
7.381209051482464645e+01
3.891502955449779222e+01
5.856236581658770746e+01
7.508672134888992389e+01
9.506142641003820870e+01
4.193255735665822925e+01
8.695398412681191758e+01
9.488658866968201266e+01
7.296486012847999802e+01
6.521224108220603455e+01
8.653816545192205467e+01
1.185259327874925930e+02
5.215810238201917315e+01
7.080724150903711234e+01
7.982664827509324823e+01
5.520802813009951393e+01
7.442371029745631006e+01
5.564647761618703470e+01
1.019610536052439898e+02
1.051099437633312164e+02
8.218011369676288780e+01
8.457944510371035562e+01
8.174064465691596126e+01
1.050866585417358721e+02
8.205800681518375939e+01
8.938904279326827407e+01
1.062580499513802010e+02
8.930210105895773154e+01
5.940520631665045670e+01
9.140822806812526835e+01
1.070426381203792374e+02
9.910950279842876398e+01
8.779866782972854367e+01
7.574204719085604154e+01
8.157810153864323865e+01
1.086654523805707413e+02
1.009892847896076233e+02
1.031900256703090406e+02
1.005534824481716640e+02
1.042917876788202847e+02
6.974159839969946972e+01
8.061143443199264880e+01
1.059083717116450885e+02
1.136332500140194384e+02
1.331564286671907951e+02
9.595782440293037041e+01
1.034232537999883448e+02
8.976911689010292150e+01
7.159679038020834696e+01
1.014095761929447690e+02
9.982595966076334548e+01
1.123365128471025400e+02
1.271331469187715442e+02
1.114747927499674205e+02
1.038275743702661202e+02
1.019392225585232836e+02
1.090075824806913545e+02
1.064943993753325060e+02
1.406841740795054818e+02
6.355922105863816540e+01
1.173210090257717866e+02
1.355781171273578991e+02
1.383654993217429023e+02
1.187014092052523893e+02
1.119986182805319572e+02
1.357699090622807319e+02
1.258827597687077144e+02
1.050319447125287837e+02
1.377287562412943203e+02
1.492984684674684104e+02
9.678925381863206212e+01
6.502867197348305695e+01
1.252476793156972548e+02
1.272392661002027694e+02
1.339491048073801664e+02
1.237359374936169019e+02
1.140188747301804995e+02
8.902258794350719029e+01
1.336010113815875968e+02
1.404240312473219205e+02
1.209691629973489881e+02
1.620479439421025347e+02
6.068695688055871784e+01
8.420564507574337654e+01
