7.573588747191259074e+01
8.798787625504391485e+01
5.439138512423413374e+01
1.066338917036373601e+02
1.196329142654307844e+02
5.583712938409354365e+01
1.158499353886415832e+02
1.007902066855054102e+02
5.021670805070045418e+01
3.255688368945318700e+01
6.349783646823159700e+01
6.680867504788268718e+01
3.106924895485681759e+01
5.550875924177177012e+01
7.138578410713279254e+01
6.609970322805307319e+01
3.170088527181279048e+01
6.818951077144579642e+01
6.216596660206398184e+01
9.035046702891092707e+01
4.560357943521984936e+01
8.236263142826224737e+01
7.371043428322045088e+01
3.206077306594780651e+01
5.802820526654350886e+01
8.717359985782279352e+01
6.624363937934670332e+01
7.422972043621665250e+01
9.725215175013725855e+01
7.513822373690051393e+01
8.540698069322679942e+01
1.055008693155414932e+02
6.553680845889296336e+01
8.838795070778920149e+01
8.432731588720685068e+01
1.168164864993973708e+02
9.468391648393935611e+01
8.248436028070047144e+01
3.618858127532659807e+01
6.982396051659200964e+01
1.094622870482962611e+02
7.608087519350765149e+01
9.197522192298190191e+01
1.373389985266526310e+02
5.152166082335189401e+01
6.325401787487638217e+01
9.576470424578617724e+01
6.907910116191413863e+01
5.742808517351689801e+01
6.972276276033969111e+01
9.168755160563654272e+01
3.682725514966217872e+01
1.411197584246319892e+01
2.843710087606842052e+01
4.601640246197230510e+01
3.339688314716789819e+01
4.618951133637506956e+01
3.967677619340049944e+01
6.697609129131038230e+01
5.727120775722919888e+01
9.396789810905201534e+01
9.688676512052261103e+01
7.936566772538304804e+01
6.770370209347474599e+01
1.132572667892436016e+02
5.420753265177975777e+01
6.546253291694308984e+01
9.752862274487112870e+01
2.992049650704100117e+01
5.616589301988125982e+01
8.788309913151654484e+01
6.608847595232526828e+01
8.987437731673681185e+01
6.666927743057999578e+01
1.100901081962015127e+02
1.167198070007681281e+02
1.399571241046356249e+02
7.034933891071406720e+01
1.173296009786012348e+02
1.120531551994932329e+02
8.463265486215944122e+01
1.318679576509288722e+02
8.831555058834464944e+01
5.854786492594030278e+01
9.618210933545259422e+01
1.041007252883665615e+02
4.914541414063317148e+01
4.206671418610261526e+01
5.328258323234483385e+01
4.023336180517166127e+01
5.541491969583140076e+01
7.751288474637159709e+01
7.360891312226310390e+01
6.682113677358771042e+01
6.686146369576955806e+01
8.971656937012191690e+01
1.298160860750407437e+02
6.666680961705444020e+01
1.069253457552281503e+02
1.039016647002512315e+02
6.305698477419432635e+01
9.569041716155963684e+01
6.422911496390766217e+01
4.472168686379777114e+01
5.861567158228973540e+01
4.742743641694424639e+01
6.741994888492958182e+01
9.573491700674273375e+01
1.158212256962056728e+02
6.041792174915691049e+01
7.304458354053859637e+01
7.096557594716452400e+01
9.607842830011426827e+01
1.126799412753708935e+02
1.090430097813844554e+02
7.255700254020312912e+01
6.149336689881238271e+01
8.747371407430200918e+01
1.223553203825150604e+02
1.464619521058047269e+02
7.568670119883279312e+01
1.033490313476761742e+02
1.106964706433675047e+02
6.523489643793585913e+01
5.889665076515958475e+01
8.064205891154516337e+01
1.127887527420016625e+02
6.035471240410999627e+01
4.468170538618695531e+01
6.121459484098532045e+01
8.143012948469502987e+01
9.356230541268293166e+01
4.829138605364585857e+01
5.107585583270414986e+01
8.638275430928729293e+01
1.154485944420202088e+02
7.130597076930131095e+01
6.505764577805572912e+01
8.777717380850542384e+01
8.753446803354992767e+01
1.213705513981379767e+02
1.405287130582399868e+02
7.463104306956094547e+01
8.024912007930269908e+01
1.372521432623362045e+02
1.029937419446381739e+02
6.124566066749153492e+01
6.809962890580395367e+01
7.987268582372129799e+01
4.506337361466368918e+01
5.039246096577178946e+01
8.839145341660565691e+01
8.680272070479909985e+01
1.054865857370286335e+02
8.546020639257169194e+01
5.346689430834953072e+01
6.353658951047092529e+01
1.152462233663504918e+02
1.133424850865873310e+02
5.963590910918831867e+01
7.809616220701420275e+01
1.481929526660759677e+02
1.458706378710461706e+02
8.050638677035263413e+01
1.572691021548933747e+02
1.510018395981933566e+02
6.662141827278598782e+01
5.960636715315207823e+01
4.136572996056371210e+01
3.962849333451821110e+01
3.432112758894069771e+01
4.753804088117266957e+01
3.457110796503413042e+01
4.946848906029821791e+01
8.398948123424223411e+01
3.281059617022116015e+01
3.848600319222739330e+01
6.970720256861646646e+01
3.408371896578548643e+01
3.175746894804324683e+01
3.314822584811470563e+01
7.009068509192357510e+01
3.973081733164778484e+01
7.623706479467280417e+01
9.437256789468519003e+01
3.148361600575718811e+01
3.190816028283684247e+01
7.012861021205722523e+01
4.350196775638985258e+01
9.060850451278521689e+01
1.191092699276505726e+02
4.997580929613290124e+01
3.108398986996774838e+01
3.013022768209716773e+01
6.663959926096745789e+01
4.299918434137837409e+01
9.170047098610702108e+01
1.210441094377154343e+02
5.147477486802234381e+01
5.322624733333370983e+01
2.951571524247239964e+01
6.608515246896233464e+01
4.423623560237732733e+01
9.809917324619567580e+01
1.339953623600601702e+02
5.923983079580527544e+01
6.892875730818492741e+01
3.095520084139924322e+01
7.895292699218562404e+01
3.078472550736032431e+01
2.876207503720703329e+01
6.454310927454899627e+01
4.406490174194034637e+01
9.946746411680945243e+01
1.375870462387368605e+02
6.217086413138009959e+01
7.778656421461826653e+01
9.091654678750988694e+01
5.430829411614229940e+01
3.072128676509226253e+01
2.846140068591138217e+01
6.423690989649053051e+01
4.468880076430796322e+01
1.032759677460662431e+02
1.469600305262360678e+02
6.930550066445327673e+01
9.365286659663752289e+01
1.169378167669711388e+02
7.259252348544534073e+01
9.958812369239922191e+01
3.062749257013681259e+01
2.805561147256726073e+01
6.336677970488633349e+01
4.454934461237252208e+01
1.041132529575882160e+02
1.500114764828203988e+02
7.247358400590337624e+01
1.029021824003254295e+02
1.330368438339084491e+02
8.287609323169600373e+01
1.226171772329960561e+02
7.012640981236927473e+01
3.049873792306934206e+01
2.752799293803514402e+01
6.193793277219175053e+01
4.371455681648981084e+01
1.022417024362720781e+02
1.470865058445384648e+02
7.163515821367425929e+01
1.047085931649688888e+02
1.370382332780411332e+02
8.369314551949051406e+01
1.237619814706999364e+02
7.402437033056985172e+01
8.318720502123878191e+01
3.036626118155754384e+01
2.699843026571473814e+01
6.040575765967338384e+01
4.265442511748166510e+01
9.935563524523318790e+01
1.417759665882479112e+02
6.901064916394447835e+01
1.026281102019541578e+02
1.344725822814701246e+02
7.981888335362525311e+01
1.140380323360789703e+02
6.858170912637970673e+01
7.878869122638026568e+01
8.062566325750839269e+01
6.012121963179306761e+01
4.267797891650265996e+01
1.000382958564612466e+02
1.439389608438054893e+02
7.117590774867345260e+01
1.088297377273126756e+02
1.465249148957070418e+02
8.892281516783238260e+01
1.300711669979041574e+02
8.249915814198104158e+01
1.025906920596825813e+02
1.214621336797270743e+02
1.098898421454466074e+02
3.030480839702246598e+01
2.672875319308830910e+01
5.987723016949446020e+01
4.267953105952411619e+01
1.005276147704527574e+02
1.455791655610815383e+02
7.290526218611938702e+01
1.140038256636980663e+02
1.570385214803717417e+02
1.451533691420893035e+02
9.594972071786321521e+01
1.260898463749771707e+02
1.625737895113698528e+02
6.688254788634287706e+01
1.670592294122702981e+02
3.025122726649352600e+01
2.651511328739605844e+01
5.928414984235503482e+01
4.230585111790758646e+01
9.962787564696492382e+01
1.441269146282894269e+02
7.245503154946004543e+01
1.147646222887150316e+02
1.596167035156299789e+02
9.909714453104763265e+01
1.469973345296657783e+02
9.832471994079672584e+01
1.307370670694101591e+02
1.713381234542032132e+02
1.763929196355041142e+02
6.739068899425545567e+01
4.611282678445290628e+01
3.020482134692570853e+01
2.633240529699893173e+01
5.877261812164446297e+01
4.197523712783945626e+01
9.881596584578309717e+01
1.428071965368500003e+02
7.201950255368831222e+01
1.153021808288507231e+02
1.617874459652215648e+02
1.008937052770895946e+02
1.493123012193083525e+02
1.011460352307379935e+02
1.363808450079183103e+02
1.824791755461310174e+02
1.920634416126769111e+02
7.487798470727804556e+01
5.545526413074536976e+01
5.618135309660777921e+01
5.905903891600008393e+01
7.308305687693386687e+01
4.671181262021841007e+01
1.011965387373505507e+02
1.371358997419344234e+02
6.883915533019100508e+01
1.124639345731750950e+02
1.594770714313763733e+02
1.000960331119385955e+02
1.476162951698481436e+02
1.004623497989973799e+02
1.358152822340488797e+02
1.821846298340764747e+02
1.921378363016242474e+02
7.499400427940561542e+01
5.555168179367881720e+01
5.624948998972847392e+01
5.795353420558337376e+01
3.980044632285780182e+01
8.691684644683893168e+01
1.160290440066153224e+02
5.980393150432845317e+01
1.016808072073872609e+02
1.482423553738546786e+02
9.505345331570032386e+01
1.416467300758313854e+02
9.773405473853956948e+01
1.334171367531760382e+02
1.803201663215177746e+02
1.912013707310796917e+02
7.488326077938828007e+01
5.556151753549209360e+01
5.628203416916482382e+01
4.363543011393741011e+01
8.470014830665270722e+01
1.001298808242525098e+02
5.161218008855885842e+01
9.153549234903182708e+01
1.372120606530764348e+02
9.000318754829994816e+01
1.352661505461335878e+02
9.474999598713374382e+01
1.307321980867679656e+02
1.782123028235303082e+02
1.901588311083559120e+02
7.477284013657440198e+01
5.558374722979930027e+01
5.632594626059920984e+01
9.129602319797139387e+01
9.157777130139673716e+01
4.587670698754173060e+01
8.525462110635299950e+01
1.309932443355192788e+02
8.763404763027202193e+01
1.313491053483850237e+02
9.301853807876476310e+01
1.291870596501793216e+02
1.771694857992422953e+02
1.899492999240408153e+02
7.490786348467351274e+01
5.572806388868281147e+01
5.643397035904859393e+01
5.550474514676889726e+01
3.056733690180765706e+01
6.440080808929521083e+01
1.070439077355897837e+02
7.603304325236548777e+01
1.179258975153357198e+02
8.646940408880276152e+01
1.231873010920506317e+02
1.722454927451253184e+02
1.872265022668450456e+02
7.447903308102961262e+01
5.565839958846490987e+01
5.645465385196540353e+01
3.014152888914555461e+01
6.045766405425616341e+01
1.001255954114618021e+02
7.332279248068979882e+01
1.122784814670489908e+02
8.364524203767113875e+01
1.203434862988215173e+02
1.699974821996482888e+02
1.864177696844786567e+02
7.458498480769596028e+01
5.584404494068473213e+01
5.660477745304917363e+01
7.343949564086483406e+01
1.079581633607092215e+02
8.006889373975116087e+01
1.147265298195093237e+02
8.494125474679492527e+01
1.209952824945439431e+02
1.706039469132728925e+02
1.876118369951706484e+02
6.945921362953941980e+01
6.223482268243675719e+01
9.363677864541422480e+01
7.396812038407975365e+01
1.100826624625225634e+02
1.609161611886933372e+02
1.820570992129347587e+02
7.444430156966092227e+01
5.621798840005774878e+01
5.696928201569597405e+01
5.081284456372263492e+01
7.745434203052631972e+01
6.521473838029505998e+01
1.004550455370214763e+02
1.516164718780128169e+02
1.767184765067705712e+02
7.384464049483621295e+01
5.631050653482793678e+01
5.716235503059164103e+01
7.428018536541240735e+01
6.353192651825166593e+01
9.641132706972061328e+01
1.457667639885677886e+02
1.732642512166924007e+02
7.394717713627642297e+01
5.682424212654123608e+01
5.759464012734497373e+01
5.139018805230629994e+01
8.099044014031206018e+01
1.273571735604703861e+02
1.599826248482719393e+02
7.185524041250918970e+01
5.664473179184257390e+01
5.781909011104755081e+01
1.248604061479123430e+02
1.551130504019599528e+02
7.220316553742472365e+01
5.776751372366278048e+01
5.872870246769478797e+01
8.515285405085845127e+01
8.939944671090707118e+01
1.261317635888999718e+02
6.676574570126720687e+01
5.720073582189282746e+01
5.926209908198140397e+01
1.014982888841486641e+02
6.232486343832169240e+01
5.804725876055628930e+01
6.097132644574139704e+01
6.079154575455464027e+01
6.307077089233451517e+01
6.600201090961537886e+01
7.178003565325528257e+01
7.750851776646040037e+01
7.386701412080006435e+01
3.962849333451821110e+01
5.694894433898461017e+01
7.307596101272851286e+01
3.847336166473469632e+01
5.792859357085811922e+01
7.331409187438941899e+01
9.744898973122865016e+01
3.939195386777397800e+01
8.677323440522694398e+01
9.418972940534543170e+01
7.283518218510820930e+01
6.215110370735425960e+01
8.759244334924737529e+01
1.214383041483832102e+02
5.072262640820388668e+01
7.244290652872140868e+01
8.035832583118120453e+01
5.382020769495375134e+01
7.553778546936273131e+01
5.158291218756284735e+01
1.018048467132816057e+02
1.051612552880576743e+02
8.299461175191375162e+01
8.416193910328129846e+01
8.551662929167308391e+01
1.063402051032988567e+02
8.071179482903731639e+01
8.526674727920791952e+01
1.118554962528183978e+02
8.789693222530462435e+01
5.966101190275234956e+01
8.715816191839110161e+01
1.098355939678112208e+02
9.843368112497226718e+01
7.387331756352271839e+01
7.797211662958987688e+01
8.265808887118500081e+01
1.046096547105676677e+02
1.013307526841438317e+02
1.020135112968845306e+02
9.845533002453331051e+01
9.967917478035961665e+01
7.064380992443375362e+01
8.142879562019733442e+01
1.016133065679798619e+02
1.077661436907789465e+02
1.391836724107772341e+02
9.366365993005908308e+01
9.473888892813920393e+01
8.953278290205979317e+01
7.217753215971261227e+01
9.854817250648386562e+01
1.008241178483857823e+02
1.084698110600431136e+02
1.212263860506687791e+02
8.932032481103163946e+01
9.829987511225121466e+01
1.005941273141807670e+02
1.075535927110206984e+02
1.041473841169766388e+02
1.423276948669454214e+02
6.263256778994150409e+01
1.116201790393059810e+02
1.285432895328383438e+02
1.281337775777644197e+02
1.144945376816768317e+02
1.032539195687782438e+02
1.316947131337465464e+02
1.229368972079499400e+02
1.024299787047129087e+02
1.363725961414965582e+02
1.457843033787322611e+02
9.691303631864724366e+01
6.161294197187911692e+01
1.195493700434980866e+02
1.207576647422073677e+02
1.183504012826664535e+02
1.160586510107737013e+02
1.096001230469881875e+02
8.646940408880276152e+01
1.314330880216976425e+02
1.354986151329915458e+02
1.177216384234450715e+02
1.599826248482719393e+02
6.018749661888409008e+01
7.386701412080006435e+01
