7.445352754228889580e+01
6.422611749675553483e+01
4.415464965714939183e+01
7.552279695663048642e+01
9.178017219468551957e+01
5.032784361352210567e+01
8.484878652313973646e+01
8.858087878376277047e+01
4.876242252264253807e+01
3.367456678165864759e+01
5.502510393890189988e+01
6.253031948077234148e+01
3.379192242680385050e+01
5.319343625440071577e+01
6.229669907696964515e+01
6.218884847852720554e+01
3.492597486562363684e+01
5.996658126907430386e+01
6.320313401064010606e+01
9.274649009572121372e+01
3.790254022194793038e+01
6.167701420259014355e+01
6.611897137054765494e+01
3.557322328786244725e+01
5.720751408770746593e+01
6.874594243536198235e+01
6.823332478124684997e+01
7.830211264778516522e+01
6.775687777640069953e+01
6.701443957365698623e+01
7.654340336652266785e+01
8.932073944222972273e+01
5.739703160289104744e+01
6.767203459852187564e+01
6.829739759717546121e+01
1.010663012222408099e+02
7.120402238239775272e+01
6.769042353247546373e+01
3.518442318851204931e+01
5.750517369219039665e+01
6.888465159138928584e+01
6.591883998162307989e+01
6.565335702761694847e+01
1.032357344549111389e+02
5.273530973406841582e+01
5.352149180661177752e+01
8.579501987430192855e+01
5.064086412539904103e+01
5.139271273556200015e+01
6.010438514767248819e+01
7.288136734638069925e+01
3.731596559868976470e+01
1.933796932739936736e+01
3.303943992769807636e+01
4.022127750605427821e+01
3.904368977035522903e+01
4.296378646039309501e+01
3.969092689199871415e+01
6.651620678252261598e+01
5.200642880671099277e+01
8.698466002567423061e+01
8.615072469228297791e+01
6.400972712630347417e+01
5.910576751980014620e+01
9.896805557934958131e+01
5.649828071439984711e+01
5.724307536068878477e+01
9.026331400292686169e+01
5.475616061593601813e+01
6.744577408056899515e+01
6.646316622753268177e+01
7.390130096510257829e+01
6.010189376316339605e+01
1.009386952595955762e+02
1.028991645191155158e+02
8.381666624396768839e+01
1.321997783544466643e+02
8.044828323274282411e+01
6.274361076242144009e+01
1.036688345541283240e+02
1.047994760390222524e+02
8.555502541271377481e+01
8.031751015956007222e+01
1.374024317711735819e+02
6.736038256041759098e+01
8.273839603961442890e+01
8.249692828762314889e+01
9.220931498167286122e+01
7.621116089612422684e+01
1.054103392160445622e+02
1.688303762721450880e+02
1.063056852809976789e+02
1.233672603332864526e+02
6.589223627460199850e+01
1.110551978197713936e+02
9.825759976877493784e+01
7.555751427874244541e+01
1.221456578224483991e+02
7.789910335920338014e+01
5.264183070255272412e+01
8.927604842112336314e+01
9.542135652992222106e+01
4.506894757954562181e+01
4.312546728217996872e+01
4.703518393116855378e+01
3.918385145174772788e+01
5.384814233986146803e+01
8.168032179214630162e+01
7.306124698108158100e+01
6.613154621038965786e+01
6.208557670952072982e+01
7.779844574870683971e+01
1.174605729644824379e+02
6.423156565334679158e+01
1.048402394375604132e+02
9.563648500718200296e+01
5.924915044720508916e+01
9.459876731504378711e+01
6.148817426945058173e+01
4.361435059702375838e+01
5.003201430963489571e+01
4.419105582715516789e+01
6.233256205443659326e+01
9.573090892900555104e+01
1.081694502153660125e+02
6.043407053126785655e+01
6.913214984808351460e+01
6.414517926420165850e+01
8.174260136124537723e+01
1.098180047176075220e+02
6.119459361985264678e+01
1.019660543150436638e+02
9.395496509494520865e+01
5.485523889061588676e+01
5.000536309443910454e+01
7.009544438070520300e+01
1.055262507708206243e+02
1.187401960620708934e+02
6.424301211718045579e+01
8.285796553725816693e+01
9.161146701194978448e+01
6.815958686509245013e+01
5.924520341456802441e+01
7.673009743014890205e+01
1.088749574902802664e+02
6.267087727000958353e+01
4.503246180285362499e+01
6.318019019079469700e+01
9.256545587656329133e+01
1.032422501541855269e+02
5.674327789140505018e+01
6.431171406851977679e+01
9.641623703253868882e+01
8.976898804078508931e+01
6.716110391009553382e+01
5.769517404781947789e+01
7.569995706244753819e+01
6.752426234616417844e+01
9.469735769087496635e+01
1.039348933219545046e+02
5.823832283923256625e+01
6.689966795812274825e+01
9.271367374252950810e+01
7.899978885991313859e+01
5.436739726987169519e+01
6.332436871173929660e+01
6.866006854408817617e+01
4.004708161317049786e+01
4.720996231717621328e+01
6.652029624628193005e+01
8.055088885160223811e+01
7.760873233764280599e+01
7.244744195344992477e+01
4.648717038537740365e+01
5.781992154641071124e+01
8.393953487628328958e+01
1.017076062867314761e+02
5.286477881803514833e+01
7.226098126077728523e+01
1.098843084086675930e+02
1.336671383069242154e+02
6.935479447078570558e+01
1.072073873565092725e+02
1.261002366800376677e+02
5.262713915912082285e+01
5.684430841978876003e+01
4.785227077350033653e+01
4.981363709957196306e+01
5.033933604971122122e+01
5.142718260368475569e+01
5.272516543001292177e+01
6.492486690160193064e+01
6.831810675908116082e+01
5.258553826138155074e+01
6.600914785715359301e+01
6.446397448592817625e+01
3.624043918745306314e+01
5.227502992402936854e+01
6.599217054607566979e+01
6.284677509551467978e+01
3.458748398441199612e+01
4.536678036253422164e+01
5.261050520549807885e+01
6.852102650469787193e+01
6.977212857450574290e+01
4.414090883598643700e+01
7.049068303923560563e+01
7.796526004384016062e+01
5.260381162513142073e+01
6.908478380438039324e+01
7.152243515906940274e+01
4.784804054453812938e+01
8.175696892403556149e+01
9.651404158635874353e+01
4.743892392328402252e+01
5.251915274893637786e+01
6.909566486434923149e+01
7.175639807795431580e+01
4.937237429176995818e+01
8.749220148810354658e+01
1.072519548797135513e+02
5.171713229349787611e+01
5.064666858175616682e+01
5.247587003329444144e+01
6.916830363945635440e+01
7.209921188923043189e+01
5.070302444216768833e+01
9.274593730704754080e+01
1.184509598321164106e+02
5.880838942635638489e+01
6.363081429029418246e+01
6.199695497932273724e+01
5.242343613232220179e+01
6.912830777790381376e+01
7.210975778584032980e+01
5.138111239073092662e+01
9.588125230610999949e+01
1.260975257022178653e+02
6.460115475500380455e+01
7.531105869723651836e+01
7.535612587455372591e+01
5.754919383627150609e+01
5.242639999945092910e+01
6.927314728916918796e+01
7.255935780869323537e+01
5.243405060586349720e+01
1.000359895400400347e+02
1.360539900914185694e+02
7.286780343096204149e+01
9.157530360395585944e+01
9.777604772014603896e+01
8.132590700971954334e+01
7.780430203365609998e+01
5.238561005550486271e+01
6.920433068815023603e+01
7.245115811268209427e+01
5.267168475713731368e+01
1.014801664505689729e+02
1.404244404687278518e+02
7.720570237762615307e+01
1.018858784553538754e+02
1.129006711626089725e+02
9.772639461488890333e+01
9.744478037296175899e+01
6.434418782390217473e+01
5.228730286177635378e+01
6.887933224334393856e+01
7.169460179659827759e+01
5.200981834232453593e+01
9.989894613668082002e+01
1.382205525056056672e+02
7.646118391474658438e+01
1.034371068347639948e+02
1.156631465513593611e+02
1.006427369970334667e+02
9.996793002949769402e+01
6.630512108931065995e+01
7.168789984596546105e+01
7.095171820939593488e+01
5.129144394467528656e+01
9.797320234499943581e+01
1.349396836060018927e+02
7.465756237184767485e+01
1.025508507689549020e+02
1.148250541694823994e+02
9.962165020201219079e+01
9.766670768917907708e+01
6.411293391665020636e+01
7.021434211590917585e+01
7.217415368605475123e+01
7.101134774109213765e+01
5.151648840030592424e+01
9.893023488520702813e+01
1.375044159480568453e+02
7.725222535159980453e+01
1.089415516464397911e+02
1.251961036406023879e+02
1.120049429879848617e+02
1.137116551040165007e+02
7.835671534314130326e+01
9.252155744450294605e+01
1.097546567195660003e+02
8.993814812704187034e+01
7.102337775885149540e+01
5.165034071477820277e+01
9.954373996364034838e+01
1.392423957525577407e+02
7.913309998275529722e+01
1.139023685107867294e+02
1.336191176184071594e+02
1.225181319140668421e+02
1.278844310155418782e+02
9.140646394882720926e+01
1.134037320854332762e+02
1.453019689418174494e+02
1.299887671904436672e+02
5.622650114723859360e+01
5.215552347008514289e+01
6.851827407786251456e+01
7.088651603028867498e+01
5.157601044615586972e+01
9.945405367086985393e+01
1.393954198173533143e+02
7.968434940339139416e+01
1.162549131216937042e+02
1.380338634244333207e+02
1.284105339517211064e+02
1.360984478612274700e+02
9.923149548538344789e+01
1.260385460226241037e+02
1.668961309961886457e+02
1.517165790937027054e+02
6.324898423001253178e+01
5.212412674681647928e+01
6.841945571366133549e+01
7.066004252619146087e+01
5.137494092860755757e+01
9.893705521944272618e+01
1.385786626112956128e+02
7.940666987277703015e+01
1.168986601035007737e+02
1.397860475338342781e+02
1.404394481829244512e+02
1.038061395642183697e+02
1.339334349801442841e+02
1.814331368680545893e+02
1.675264821770096262e+02
6.940936754488379279e+01
5.677248606498486083e+01
7.241770747926921103e+01
6.751108406411425733e+01
4.862264256265719808e+01
9.181672358336881246e+01
1.271204608414994937e+02
7.368921883462219569e+01
1.109125173943491660e+02
1.342479614517322659e+02
1.274240878987661887e+02
1.375884070925617095e+02
1.025298036113447608e+02
1.330178951780111163e+02
1.809875544955471582e+02
1.675703224634571598e+02
6.950129983256954347e+01
5.685415379736699037e+01
5.510548448689710455e+01
4.132352712688270913e+01
7.787985410405902087e+01
1.077346526638075233e+02
6.414481956695604481e+01
9.998424027334537811e+01
1.238525811862566144e+02
1.199907151122801707e+02
9.965601244542240522e+01
1.306806664394796087e+02
1.792705672179716032e+02
1.668880661924670790e+02
6.942456350024292533e+01
5.686800838744774467e+01
3.906299818281119940e+01
9.209960075173790983e+01
5.570844388052483964e+01
9.004248970112706729e+01
1.138991754820305147e+02
1.125735481552104602e+02
1.257771858882546638e+02
9.664734541852597260e+01
1.282157961505530466e+02
1.775079997446622144e+02
1.662601938430239557e+02
6.938497867036629430e+01
5.690946324384414368e+01
7.079345998780563320e+01
8.026951622931019870e+01
4.807627541072093891e+01
8.062984835916341808e+01
1.038112409352617789e+02
1.046342717411682344e+02
1.190424654959016095e+02
9.316363569226969332e+01
1.753736391750800578e+02
1.655015931590283742e+02
6.934185851165490533e+01
5.696341288922388912e+01
5.196576226140385302e+01
3.422553262315209111e+01
6.316270847330520155e+01
8.588942954798423557e+01
9.060469145964167126e+01
1.070506004669401534e+02
8.664352989727468923e+01
1.195290269973298933e+02
1.632868127802567813e+02
6.897035191400237863e+01
5.689161547408580333e+01
3.164617430153797173e+01
7.923004814908163951e+01
8.402525447059491626e+01
1.003768667857422230e+02
8.285778310308987216e+01
1.160373798794670250e+02
1.680875257585609859e+02
5.703326304973400340e+01
6.453632900671787809e+01
8.089538836732714344e+01
8.348533002174595197e+01
9.824795589434043563e+01
8.162342796458064242e+01
1.147107994830047204e+02
1.675675494343754792e+02
1.632634476569384958e+02
6.953978257551983688e+01
5.741737850233565865e+01
5.744357228403129767e+01
6.454466746407304356e+01
8.066987222022443405e+01
7.120702505319944464e+01
1.045832269457449257e+02
1.586294907366816744e+02
1.590307711698359867e+02
6.891184502016763247e+01
5.735755051087555501e+01
5.089401025774863285e+01
6.651284438770747443e+01
6.229688844636472567e+01
9.504859686858533507e+01
1.496554716125894799e+02
1.549313322728940818e+02
6.847423773596484864e+01
5.746387949084161306e+01
5.895698168303068343e+01
5.673858028467177661e+01
8.727562973299674809e+01
1.408332829729473019e+02
1.507993892410468675e+02
6.823947234880334634e+01
5.777781055613078820e+01
5.146333409672098469e+01
4.919854967782227817e+01
7.671853826041277102e+01
1.270217028739551210e+02
1.428744891895324542e+02
6.730219130266206662e+01
5.798188913176088732e+01
5.174841655841213850e+01
1.135370943823273677e+02
1.331257553838380829e+02
6.617027984683136310e+01
5.840610482601446307e+01
5.221751762292102228e+01
7.087108088544422912e+01
1.082945209085131353e+02
6.093653366014640227e+01
5.754524909129543886e+01
8.216660902915589304e+01
8.658317362651838778e+01
5.611086643080789571e+01
5.758198933781427087e+01
5.425762242542594294e+01
6.125998556351082414e+01
6.530411666030305184e+01
5.957021821247690951e+01
4.981363709957196306e+01
5.911017989101696912e+01
6.146449753920740733e+01
3.684422756944989175e+01
4.958752300233513921e+01
5.616793496394039664e+01
5.470777116037290000e+01
6.305135049342023734e+01
8.054464120108151803e+01
3.866203995330283050e+01
7.950500454194924771e+01
8.549877020526146509e+01
6.635961480226590936e+01
5.627306173738190154e+01
7.951698201283447531e+01
1.065986159214374709e+02
4.933614112844992405e+01
5.810520814165651160e+01
7.626052874900214817e+01
5.598584367929254313e+01
6.602228542982739157e+01
5.266311517660165720e+01
9.570301150526921674e+01
9.960644657079764386e+01
7.473961045775011769e+01
7.982760808261564023e+01
8.030876697677842913e+01
6.677490700692770531e+01
9.784227652951496168e+01
8.119104853339084116e+01
8.279872102797672540e+01
9.149489655641367847e+01
7.932324794080552977e+01
5.553551028493431119e+01
8.656006539562689284e+01
9.744640294603857456e+01
8.664137827693112115e+01
8.429635406719572188e+01
6.668451606812341481e+01
6.943564894964724488e+01
1.025074299550986296e+02
9.457096872702743440e+01
9.987991699820145186e+01
9.037545872654270340e+01
9.465620945493358818e+01
7.726509505099535602e+01
8.884307867077207277e+01
6.243819332849509607e+01
7.334399807992502929e+01
9.810664468387268755e+01
1.064593083058162364e+02
1.159255152315450346e+02
8.642275306482487451e+01
9.390944818391160709e+01
7.944429167570730499e+01
6.731977068469289804e+01
9.126230045129180724e+01
8.389127118221563251e+01
1.030213883284272214e+02
1.140135142489721005e+02
1.095237005182557084e+02
9.317249241994601050e+01
9.016566525633989215e+01
9.799961965284651910e+01
9.383234547623182209e+01
1.189647389840210394e+02
5.393300016064308977e+01
1.107985957548359153e+02
1.256232243250999687e+02
1.291985631780932238e+02
1.080415374557933461e+02
1.045533754694494490e+02
1.183263418336522648e+02
1.144750870154535960e+02
9.703003433875534256e+01
1.231519758024466711e+02
1.396388773153525165e+02
8.511984987985195517e+01
5.946861834957783088e+01
1.173424407710040214e+02
1.185565067409216198e+02
1.258848067575252401e+02
1.162371770742835650e+02
1.047249433943258481e+02
8.664352989727468923e+01
1.226545942149457460e+02
1.316056923776862106e+02
1.108790574261850566e+02
1.428744891895324542e+02
5.684641926162966286e+01
5.957021821247690951e+01
