21
# x y z
32	0	0
32.25	0	0
32.5	0	0
32.75	0	0
33	0	0
33.25	0	0
33.5	0	0
33.75	0	0
34	0	0
34.25	0	0
34.5	0	0
34.75	0	0
35	0	0
35.25	0	0
35.5	0	0
35.75	0	0
36	0	0
36.25	0	0
36.5	0	0
36.75	0	0
37	0	0
532
# a b m n rhoa k err ip iperr
1	2	3	4	8.72999877359112e+01	-4.71394949841579e+00	3.00000000000000e-02	0.00000000000000e+00	0.00000000000000e+00
1	2	4	5	7.88602513166107e+01	-1.88142371542091e+01	3.00000000000000e-02	0.00000000000000e+00	0.00000000000000e+00
1	2	5	6	7.91169957179335e+01	-4.70889651687539e+01	3.00000000000000e-02	0.00000000000000e+00	0.00000000000000e+00
1	2	6	7	1.00424849395696e+02	-9.44046639740693e+01	3.00000000000000e-02	0.00000000000000e+00	0.00000000000000e+00
1	2	7	8	1.04148626518510e+02	-1.65368040467690e+02	3.00000000000000e-02	0.00000000000000e+00	0.00000000000000e+00
1	2	8	9	5.03486361974171e+01	-2.64438892201689e+02	3.00000000000000e-02	0.00000000000000e+00	0.00000000000000e+00
1	2	9	11	7.66621943849876e+01	-2.33090887595966e+02	3.00000000000000e-02	0.00000000000000e+00	0.00000000000000e+00
1	2	11	14	6.01323939569427e+01	-3.34196964152607e+02	3.00000000000000e-02	0.00000000000000e+00	0.00000000000000e+00
2	3	4	5	6.96481265155511e+01	-4.72040275407505e+00	3.00000000000000e-02	0.00000000000000e+00	0.00000000000000e+00
2	3	5	6	5.66676132823243e+01	-1.88271376303866e+01	3.00000000000000e-02	0.00000000000000e+00	0.00000000000000e+00
2	3	6	7	7.48379147450841e+01	-4.71049030653559e+01	3.00000000000000e-02	0.00000000000000e+00	0.00000000000000e+00
2	3	7	8	7.67502647610451e+01	-9.44567491250259e+01	3.00000000000000e-02	0.00000000000000e+00	0.00000000000000e+00
2	3	8	9	3.89078581791463e+01	-1.65409798356211e+02	3.00000000000000e-02	0.00000000000000e+00	0.00000000000000e+00
2	3	9	10	5.42720002875663e+01	-2.64531130308907e+02	3.00000000000000e-02	0.00000000000000e+00	0.00000000000000e+00
2	3	10	12	5.35916205689368e+01	-2.33141862768195e+02	3.00000000000000e-02	0.00000000000000e+00	0.00000000000000e+00
2	3	12	15	5.54718000186852e+01	-3.34245997666230e+02	3.00000000000000e-02	0.00000000000000e+00	0.00000000000000e+00
2	4	8	9	3.46147990266156e+01	-6.01196651873865e+01	3.00000000000000e-02	0.00000000000000e+00	0.00000000000000e+00
2	4	9	11	5.34315725047572e+01	-6.20050044732772e+01	3.00000000000000e-02	0.00000000000000e+00	0.00000000000000e+00
2	4	11	14	4.43691368883436e+01	-1.04259610512975e+02	3.00000000000000e-02	0.00000000000000e+00	0.00000000000000e+00
2	4	14	18	5.77460069967044e+01	-2.03014336779968e+02	3.00000000000000e-02	0.00000000000000e+00	0.00000000000000e+00
3	4	5	6	5.22449918122556e+01	-4.71887204193249e+00	3.00000000000000e-02	0.00000000000000e+00	0.00000000000000e+00
3	4	6	7	6.83061921426400e+01	-1.88200361881282e+01	3.00000000000000e-02	0.00000000000000e+00	0.00000000000000e+00
3	4	7	8	6.78233997875697e+01	-4.71179068162408e+01	3.00000000000000e-02	0.00000000000000e+00	0.00000000000000e+00
3	4	8	9	3.41452933258706e+01	-9.44474225323989e+01	3.00000000000000e-02	0.00000000000000e+00	0.00000000000000e+00
3	4	9	10	5.06136208544095e+01	-1.65429939514726e+02	3.00000000000000e-02	0.00000000000000e+00	0.00000000000000e+00
3	4	10	11	6.09543297490300e+01	-2.64534611641430e+02	3.00000000000000e-02	0.00000000000000e+00	0.00000000000000e+00
3	4	11	13	3.99064587497393e+01	-2.33144776122240e+02	3.00000000000000e-02	0.00000000000000e+00	0.00000000000000e+00
3	4	13	16	6.43885484797759e+01	-3.34249820800764e+02	3.00000000000000e-02	0.00000000000000e+00	0.00000000000000e+00
2	5	10	11	5.89290653207770e+01	-8.09872344073765e+01	3.00000000000000e-02	0.00000000000000e+00	0.00000000000000e+00
2	5	11	13	3.87067953373469e+01	-7.32912509724949e+01	3.00000000000000e-02	0.00000000000000e+00	0.00000000000000e+00
2	5	13	16	6.23516125497163e+01	-1.07553033485846e+02	3.00000000000000e-02	0.00000000000000e+00	0.00000000000000e+00
2	5	16	20	5.24084812398322e+01	-1.87691309364181e+02	3.00000000000000e-02	0.00000000000000e+00	0.00000000000000e+00
3	5	9	10	4.81853312704735e+01	-6.01267429216935e+01	3.00000000000000e-02	0.00000000000000e+00	0.00000000000000e+00
3	5	10	12	5.26079593588944e+01	-6.20047113609323e+01	3.00000000000000e-02	0.00000000000000e+00	0.00000000000000e+00
3	5	12	15	4.98908055924091e+01	-1.04258905628112e+02	3.00000000000000e-02	0.00000000000000e+00	0.00000000000000e+00
3	5	15	19	4.93351930066626e+01	-2.03015460169303e+02	3.00000000000000e-02	0.00000000000000e+00	0.00000000000000e+00
4	5	6	7	7.06215194963983e+01	-4.70446318156614e+00	3.00000000000000e-02	0.00000000000000e+00	0.00000000000000e+00
4	5	7	8	6.14064985037212e+01	-1.88268780440886e+01	3.00000000000000e-02	0.00000000000000e+00	0.00000000000000e+00
4	5	8	9	3.01734775297501e+01	-4.71044742215857e+01	3.00000000000000e-02	0.00000000000000e+00	0.00000000000000e+00
4	5	9	10	4.70358057291199e+01	-9.44583238360245e+01	3.00000000000000e-02	0.00000000000000e+00	0.00000000000000e+00
4	5	10	11	5.81422109142724e+01	-1.65425343525561e+02	3.00000000000000e-02	0.00000000000000e+00	0.00000000000000e+00
4	5	11	12	4.24740723689692e+01	-2.64533777412894e+02	3.00000000000000e-02	0.00000000000000e+00	0.00000000000000e+00
4	5	12	14	4.20129682756661e+01	-2.33142446439106e+02	3.00000000000000e-02	0.00000000000000e+00	0.00000000000000e+00
4	5	14	17	5.56211274030590e+01	-3.34245513455237e+02	3.00000000000000e-02	0.00000000000000e+00	0.00000000000000e+00
3	6	12	14	3.91209364740190e+01	-7.32921602010221e+01	3.00000000000000e-02	0.00000000000000e+00	0.00000000000000e+00
3	6	14	17	5.14498780634160e+01	-1.07552925913556e+02	3.00000000000000e-02	0.00000000000000e+00	0.00000000000000e+00
4	6	10	11	5.13452495806544e+01	-6.01286645056455e+01	3.00000000000000e-02	0.00000000000000e+00	0.00000000000000e+00
4	6	11	13	3.42035506822982e+01	-6.20062012133430e+01	3.00000000000000e-02	0.00000000000000e+00	0.00000000000000e+00
4	6	13	16	5.43314169493780e+01	-1.04260536985097e+02	3.00000000000000e-02	0.00000000000000e+00	0.00000000000000e+00
4	6	16	20	4.60581586958746e+01	-2.03015641979436e+02	3.00000000000000e-02	0.00000000000000e+00	0.00000000000000e+00
5	6	7	8	4.87225236783628e+01	-4.72612071531863e+00	3.00000000000000e-02	0.00000000000000e+00	0.00000000000000e+00
5	6	8	9	2.67002444464352e+01	-1.88245975637071e+01	3.00000000000000e-02	0.00000000000000e+00	0.00000000000000e+00
5	6	9	10	4.19696863924964e+01	-4.71235409417553e+01	3.00000000000000e-02	0.00000000000000e+00	0.00000000000000e+00
5	6	10	11	4.78145620883639e+01	-9.44645650191714e+01	3.00000000000000e-02	0.00000000000000e+00	0.00000000000000e+00
5	6	11	12	3.50914958293424e+01	-1.65436182397956e+02	3.00000000000000e-02	0.00000000000000e+00	0.00000000000000e+00
5	6	12	13	2.77325970345680e+01	-2.64538194045520e+02	3.00000000000000e-02	0.00000000000000e+00	0.00000000000000e+00
5	6	13	15	5.32841287124803e+01	-2.33148080932522e+02	3.00000000000000e-02	0.00000000000000e+00	0.00000000000000e+00
5	6	15	18	4.14821079612875e+01	-3.34252787672335e+02	3.00000000000000e-02	0.00000000000000e+00	0.00000000000000e+00
2	7	13	14	5.83220752097904e+01	-9.69066014605100e+01	3.00000000000000e-02	0.00000000000000e+00	0.00000000000000e+00
2	7	14	16	5.89961879606080e+01	-7.92224790995018e+01	3.00000000000000e-02	0.00000000000000e+00	0.00000000000000e+00
2	7	16	19	4.94910365487574e+01	-1.03542498919945e+02	3.00000000000000e-02	0.00000000000000e+00	0.00000000000000e+00
4	7	12	13	3.01992031274280e+01	-8.09864602282378e+01	3.00000000000000e-02	0.00000000000000e+00	0.00000000000000e+00
4	7	13	15	5.95860621956034e+01	-7.32912288200346e+01	3.00000000000000e-02	0.00000000000000e+00	0.00000000000000e+00
4	7	15	18	4.57316863052114e+01	-1.07553101486618e+02	3.00000000000000e-02	0.00000000000000e+00	0.00000000000000e+00
5	7	11	12	4.00866207545378e+01	-6.01271953444186e+01	3.00000000000000e-02	0.00000000000000e+00	0.00000000000000e+00
5	7	12	14	4.00224683545728e+01	-6.20044840553154e+01	3.00000000000000e-02	0.00000000000000e+00	0.00000000000000e+00
5	7	14	17	5.15004423806211e+01	-1.04258239125091e+02	3.00000000000000e-02	0.00000000000000e+00	0.00000000000000e+00
6	7	8	9	2.63606353969787e+01	-4.70443366069263e+00	3.00000000000000e-02	0.00000000000000e+00	0.00000000000000e+00
6	7	9	10	4.93030878941798e+01	-1.88286803923528e+01	3.00000000000000e-02	0.00000000000000e+00	0.00000000000000e+00
6	7	10	11	5.89164268744830e+01	-4.71142957812739e+01	3.00000000000000e-02	0.00000000000000e+00	0.00000000000000e+00
6	7	11	12	4.31082816476536e+01	-9.44574051502343e+01	3.00000000000000e-02	0.00000000000000e+00	0.00000000000000e+00
6	7	12	13	3.18562554480032e+01	-1.65420872939153e+02	3.00000000000000e-02	0.00000000000000e+00	0.00000000000000e+00
6	7	13	14	5.90530776419990e+01	-2.64533239151562e+02	3.00000000000000e-02	0.00000000000000e+00	0.00000000000000e+00
6	7	14	16	5.84694690451142e+01	-2.33138361298418e+02	3.00000000000000e-02	0.00000000000000e+00	0.00000000000000e+00
6	7	16	19	4.74817905833290e+01	-3.34244638302435e+02	3.00000000000000e-02	0.00000000000000e+00	0.00000000000000e+00
3	8	14	15	6.44363691797090e+01	-9.69043732437860e+01	3.00000000000000e-02	0.00000000000000e+00	0.00000000000000e+00
3	8	15	17	4.33063261888795e+01	-7.92237683946624e+01	3.00000000000000e-02	0.00000000000000e+00	0.00000000000000e+00
3	8	17	20	5.15271998204307e+01	-1.03543539320612e+02	3.00000000000000e-02	0.00000000000000e+00	0.00000000000000e+00
5	8	13	14	6.00169109174708e+01	-8.09913119695326e+01	3.00000000000000e-02	0.00000000000000e+00	0.00000000000000e+00
5	8	14	16	5.68548108220681e+01	-7.32916319538245e+01	3.00000000000000e-02	0.00000000000000e+00	0.00000000000000e+00
5	8	16	19	4.52874061774355e+01	-1.07553408532653e+02	3.00000000000000e-02	0.00000000000000e+00	0.00000000000000e+00
6	8	12	13	3.51701747797350e+01	-6.01279739516294e+01	3.00000000000000e-02	0.00000000000000e+00	0.00000000000000e+00
6	8	13	15	6.43302041304176e+01	-6.20062113297775e+01	3.00000000000000e-02	0.00000000000000e+00	0.00000000000000e+00
6	8	15	18	4.62972959077736e+01	-1.04260508649339e+02	3.00000000000000e-02	0.00000000000000e+00	0.00000000000000e+00
7	8	9	10	9.43275361103942e+01	-4.73313209312939e+00	3.00000000000000e-02	0.00000000000000e+00	0.00000000000000e+00
7	8	10	11	8.61974913380016e+01	-1.88370701904526e+01	3.00000000000000e-02	0.00000000000000e+00	0.00000000000000e+00
7	8	11	12	5.58910208712623e+01	-4.71260473286135e+01	3.00000000000000e-02	0.00000000000000e+00	0.00000000000000e+00
7	8	12	13	3.87292369874613e+01	-9.44643184372746e+01	3.00000000000000e-02	0.00000000000000e+00	0.00000000000000e+00
7	8	13	14	6.79459425995326e+01	-1.65439756608934e+02	3.00000000000000e-02	0.00000000000000e+00	0.00000000000000e+00
7	8	14	15	7.05174295351236e+01	-2.64534270422714e+02	3.00000000000000e-02	0.00000000000000e+00	0.00000000000000e+00
7	8	15	17	4.60721844616260e+01	-2.33149389000577e+02	3.00000000000000e-02	0.00000000000000e+00	0.00000000000000e+00
7	8	17	20	5.28930539565879e+01	-3.34254205309513e+02	3.00000000000000e-02	0.00000000000000e+00	0.00000000000000e+00
2	9	16	17	3.49310237215166e+01	-1.20040769783179e+02	3.00000000000000e-02	0.00000000000000e+00	0.00000000000000e+00
2	9	17	19	4.30224055788574e+01	-9.15837993419136e+01	3.00000000000000e-02	0.00000000000000e+00	0.00000000000000e+00
4	9	15	16	3.69063303853477e+01	-9.69061783118313e+01	3.00000000000000e-02	0.00000000000000e+00	0.00000000000000e+00
4	9	16	18	3.62055170177267e+01	-7.92220724962457e+01	3.00000000000000e-02	0.00000000000000e+00	0.00000000000000e+00
6	9	14	15	4.90651371157748e+01	-8.09830790414674e+01	3.00000000000000e-02	0.00000000000000e+00	0.00000000000000e+00
6	9	15	17	3.27208288067103e+01	-7.32906460628785e+01	3.00000000000000e-02	0.00000000000000e+00	0.00000000000000e+00
6	9	17	20	3.80612174045885e+01	-1.07552806582350e+02	3.00000000000000e-02	0.00000000000000e+00	0.00000000000000e+00
7	9	13	14	4.36921621276948e+01	-6.01260563548195e+01	3.00000000000000e-02	0.00000000000000e+00	0.00000000000000e+00
7	9	14	16	3.91866040598250e+01	-6.20025506629975e+01	3.00000000000000e-02	0.00000000000000e+00	0.00000000000000e+00
7	9	16	19	3.00185743940479e+01	-1.04257949591381e+02	3.00000000000000e-02	0.00000000000000e+00	0.00000000000000e+00
8	9	10	11	4.38197036083026e+01	-4.71956560836200e+00	3.00000000000000e-02	0.00000000000000e+00	0.00000000000000e+00
8	9	11	12	2.74427713093504e+01	-1.88268511493581e+01	3.00000000000000e-02	0.00000000000000e+00	0.00000000000000e+00
8	9	12	13	1.82173829032718e+01	-4.71081546136728e+01	3.00000000000000e-02	0.00000000000000e+00	0.00000000000000e+00
8	9	13	14	3.15556627962372e+01	-9.44534291853235e+01	3.00000000000000e-02	0.00000000000000e+00	0.00000000000000e+00
8	9	14	15	3.04306536632831e+01	-1.65410057363841e+02	3.00000000000000e-02	0.00000000000000e+00	0.00000000000000e+00
8	9	15	16	2.01909979980543e+01	-2.64528333502178e+02	3.00000000000000e-02	0.00000000000000e+00	0.00000000000000e+00
8	9	16	18	1.89624425544854e+01	-2.33134561982144e+02	3.00000000000000e-02	0.00000000000000e+00	0.00000000000000e+00
8	9	18	21	2.41141839654040e+01	-3.34242380920359e+02	3.00000000000000e-02	0.00000000000000e+00	0.00000000000000e+00
3	10	17	18	3.89190357415025e+01	-1.20044156312661e+02	3.00000000000000e-02	0.00000000000000e+00	0.00000000000000e+00
3	10	18	20	3.71760296910321e+01	-9.15834937267528e+01	3.00000000000000e-02	0.00000000000000e+00	0.00000000000000e+00
5	10	16	17	2.69260160461922e+01	-9.69025326727976e+01	3.00000000000000e-02	0.00000000000000e+00	0.00000000000000e+00
5	10	17	19	3.34050075655852e+01	-7.92235537716504e+01	3.00000000000000e-02	0.00000000000000e+00	0.00000000000000e+00
7	10	15	16	2.69233919231700e+01	-8.09886832368830e+01	3.00000000000000e-02	0.00000000000000e+00	0.00000000000000e+00
7	10	16	18	2.59473767359523e+01	-7.32900141396303e+01	3.00000000000000e-02	0.00000000000000e+00	0.00000000000000e+00
8	10	14	15	3.28937024716804e+01	-6.01202314463061e+01	3.00000000000000e-02	0.00000000000000e+00	0.00000000000000e+00
8	10	15	17	2.06428099213821e+01	-6.20038264170694e+01	3.00000000000000e-02	0.00000000000000e+00	0.00000000000000e+00
8	10	17	20	2.20989574373926e+01	-1.04259053214220e+02	3.00000000000000e-02	0.00000000000000e+00	0.00000000000000e+00
9	10	11	12	2.58756577066318e+01	-4.72230930232629e+00	3.00000000000000e-02	0.00000000000000e+00	0.00000000000000e+00
9	10	12	13	2.05918637048850e+01	-1.88242652023814e+01	3.00000000000000e-02	0.00000000000000e+00	0.00000000000000e+00
9	10	13	14	3.64476186024963e+01	-4.71156957904596e+01	3.00000000000000e-02	0.00000000000000e+00	0.00000000000000e+00
9	10	14	15	3.43645113166060e+01	-9.44487356266468e+01	3.00000000000000e-02	0.00000000000000e+00	0.00000000000000e+00
9	10	15	16	2.29137369474633e+01	-1.65430199606262e+02	3.00000000000000e-02	0.00000000000000e+00	0.00000000000000e+00
9	10	16	17	1.96887794195587e+01	-2.64523202898229e+02	3.00000000000000e-02	0.00000000000000e+00	0.00000000000000e+00
9	10	17	19	2.28983932531548e+01	-2.33146055921865e+02	3.00000000000000e-02	0.00000000000000e+00	0.00000000000000e+00
4	11	18	19	3.10829136813383e+01	-1.20044157592770e+02	3.00000000000000e-02	0.00000000000000e+00	0.00000000000000e+00
6	11	17	18	3.08111183336942e+01	-9.69058507298159e+01	3.00000000000000e-02	0.00000000000000e+00	0.00000000000000e+00
6	11	18	20	3.00578057689484e+01	-7.92229098198994e+01	3.00000000000000e-02	0.00000000000000e+00	0.00000000000000e+00
8	11	16	17	1.99574180317058e+01	-8.09828681695577e+01	3.00000000000000e-02	0.00000000000000e+00	0.00000000000000e+00
8	11	17	19	2.32307701265305e+01	-7.32915098450630e+01	3.00000000000000e-02	0.00000000000000e+00	0.00000000000000e+00
9	11	15	16	2.47577550586182e+01	-6.01265177095892e+01	3.00000000000000e-02	0.00000000000000e+00	0.00000000000000e+00
9	11	16	18	2.23315964525057e+01	-6.20025889089260e+01	3.00000000000000e-02	0.00000000000000e+00	0.00000000000000e+00
10	11	12	13	2.22723229072889e+01	-4.71234283051488e+00	3.00000000000000e-02	0.00000000000000e+00	0.00000000000000e+00
10	11	13	14	4.20756858046943e+01	-1.88254732822206e+01	3.00000000000000e-02	0.00000000000000e+00	0.00000000000000e+00
10	11	14	15	3.76293623954976e+01	-4.71047693861349e+01	3.00000000000000e-02	0.00000000000000e+00	0.00000000000000e+00
10	11	15	16	2.57782574117664e+01	-9.44576832183974e+01	3.00000000000000e-02	0.00000000000000e+00	0.00000000000000e+00
10	11	16	17	2.13260873505507e+01	-1.65414677917787e+02	3.00000000000000e-02	0.00000000000000e+00	0.00000000000000e+00
10	11	17	18	2.53008061104234e+01	-2.64533798714212e+02	3.00000000000000e-02	0.00000000000000e+00	0.00000000000000e+00
10	11	18	20	2.50280963498497e+01	-2.33142647482089e+02	3.00000000000000e-02	0.00000000000000e+00	0.00000000000000e+00
5	12	19	20	2.93753920015245e+01	-1.20042139853967e+02	3.00000000000000e-02	0.00000000000000e+00	0.00000000000000e+00
7	12	18	19	2.22669168236004e+01	-9.69066391483933e+01	3.00000000000000e-02	0.00000000000000e+00	0.00000000000000e+00
9	12	17	18	2.10168505074991e+01	-8.09888537223040e+01	3.00000000000000e-02	0.00000000000000e+00	0.00000000000000e+00
9	12	18	20	2.07968617610348e+01	-7.32916134025296e+01	3.00000000000000e-02	0.00000000000000e+00	0.00000000000000e+00
10	12	16	17	1.72221679677958e+01	-6.01215124409886e+01	3.00000000000000e-02	0.00000000000000e+00	0.00000000000000e+00
10	12	17	19	1.98219198740914e+01	-6.20056990734188e+01	3.00000000000000e-02	0.00000000000000e+00	0.00000000000000e+00
11	12	13	14	3.36997477080045e+01	-4.71905950092485e+00	3.00000000000000e-02	0.00000000000000e+00	0.00000000000000e+00
11	12	14	15	2.71303077929832e+01	-1.88204947472360e+01	3.00000000000000e-02	0.00000000000000e+00	0.00000000000000e+00
11	12	15	16	1.90183747925445e+01	-4.71184548001865e+01	3.00000000000000e-02	0.00000000000000e+00	0.00000000000000e+00
8	13	19	20	1.85393297383488e+01	-9.69037238632676e+01	3.00000000000000e-02	0.00000000000000e+00	0.00000000000000e+00
10	13	18	19	1.53301449762609e+01	-8.09888950443555e+01	3.00000000000000e-02	0.00000000000000e+00	0.00000000000000e+00
11	13	17	18	1.45762704035790e+01	-6.01269275181147e+01	3.00000000000000e-02	0.00000000000000e+00	0.00000000000000e+00
11	13	18	20	1.35021916371941e+01	-6.20049211847634e+01	3.00000000000000e-02	0.00000000000000e+00	0.00000000000000e+00
12	13	15	16	1.42223827676005e+01	-1.88271446278165e+01	3.00000000000000e-02	0.00000000000000e+00	0.00000000000000e+00
12	13	16	17	1.21065957960540e+01	-4.71060935929918e+01	3.00000000000000e-02	0.00000000000000e+00	0.00000000000000e+00
12	13	17	18	1.32858652015395e+01	-9.44584559272787e+01	3.00000000000000e-02	0.00000000000000e+00	0.00000000000000e+00
12	13	18	19	1.11895098201125e+01	-1.65429363743399e+02	3.00000000000000e-02	0.00000000000000e+00	0.00000000000000e+00
12	13	19	20	1.22022678862168e+01	-2.64526593773872e+02	3.00000000000000e-02	0.00000000000000e+00	0.00000000000000e+00
11	14	19	20	2.00303228650121e+01	-8.09875341250499e+01	3.00000000000000e-02	0.00000000000000e+00	0.00000000000000e+00
12	14	18	19	1.94222975906197e+01	-6.01303938063104e+01	3.00000000000000e-02	0.00000000000000e+00	0.00000000000000e+00
13	14	15	16	2.37505811667210e+01	-4.72610760670215e+00	3.00000000000000e-02	0.00000000000000e+00	0.00000000000000e+00
13	14	16	17	2.36878988752257e+01	-1.88251693741810e+01	3.00000000000000e-02	0.00000000000000e+00	0.00000000000000e+00
13	14	17	18	2.68741388146390e+01	-4.71226452206708e+01	3.00000000000000e-02	0.00000000000000e+00	0.00000000000000e+00
13	14	18	19	2.41871810030377e+01	-9.44675222840360e+01	3.00000000000000e-02	0.00000000000000e+00	0.00000000000000e+00
13	14	19	20	2.60872817754252e+01	-1.65429767622263e+02	3.00000000000000e-02	0.00000000000000e+00	0.00000000000000e+00
13	14	20	21	3.40994340705480e+01	-2.64537664819382e+02	3.00000000000000e-02	0.00000000000000e+00	0.00000000000000e+00
13	15	19	20	3.01752792522145e+01	-6.01237716378112e+01	3.00000000000000e-02	0.00000000000000e+00	0.00000000000000e+00
14	15	16	17	3.48910750697654e+01	-4.70490096546142e+00	3.00000000000000e-02	0.00000000000000e+00	0.00000000000000e+00
14	15	17	18	3.38221141829058e+01	-1.88271948470070e+01	3.00000000000000e-02	0.00000000000000e+00	0.00000000000000e+00
14	15	18	19	3.06796772648236e+01	-4.71162888695406e+01	3.00000000000000e-02	0.00000000000000e+00	0.00000000000000e+00
14	15	19	20	3.25582203933919e+01	-9.44510469478457e+01	3.00000000000000e-02	0.00000000000000e+00	0.00000000000000e+00
14	15	20	21	3.93398532970692e+01	-1.65420694471250e+02	3.00000000000000e-02	0.00000000000000e+00	0.00000000000000e+00
15	16	19	20	2.70707862110280e+01	-4.71187162411739e+01	3.00000000000000e-02	0.00000000000000e+00	0.00000000000000e+00
15	16	20	21	3.07139645450574e+01	-9.44632331260109e+01	3.00000000000000e-02	0.00000000000000e+00	0.00000000000000e+00
16	17	18	19	1.80785491057920e+01	-4.71960702614580e+00	3.00000000000000e-02	0.00000000000000e+00	0.00000000000000e+00
16	17	19	20	2.30263984188808e+01	-1.88204126090175e+01	3.00000000000000e-02	0.00000000000000e+00	0.00000000000000e+00
16	17	20	21	2.62238080986650e+01	-4.71086937205883e+01	3.00000000000000e-02	0.00000000000000e+00	0.00000000000000e+00
17	18	19	20	3.62140897352326e+01	-4.71140715246825e+00	3.00000000000000e-02	0.00000000000000e+00	0.00000000000000e+00
17	18	20	21	3.78571650280450e+01	-1.88239215104245e+01	3.00000000000000e-02	0.00000000000000e+00	0.00000000000000e+00
1	4	2	3	7.36579727070832e+01	1.57925033301280e+00	3.00000000000000e-02	0.00000000000000e+00	0.00000000000000e+00
2	5	3	4	7.40450322725578e+01	1.57217482722025e+00	3.00000000000000e-02	0.00000000000000e+00	0.00000000000000e+00
3	6	4	5	7.48432954587302e+01	1.57077066915851e+00	3.00000000000000e-02	0.00000000000000e+00	0.00000000000000e+00
4	7	5	6	5.44953340239326e+01	1.57299567386071e+00	3.00000000000000e-02	0.00000000000000e+00	0.00000000000000e+00
2	8	4	6	7.74422364161669e+01	3.14253978445035e+00	3.00000000000000e-02	0.00000000000000e+00	0.00000000000000e+00
5	8	6	7	5.78754176202053e+01	1.56892846334780e+00	3.00000000000000e-02	0.00000000000000e+00	0.00000000000000e+00
3	9	5	7	7.46169537265425e+01	3.14252067765916e+00	3.00000000000000e-02	0.00000000000000e+00	0.00000000000000e+00
6	9	7	8	7.30969952475729e+01	1.57466039464147e+00	3.00000000000000e-02	0.00000000000000e+00	0.00000000000000e+00
4	10	6	8	8.39868038121904e+01	3.14254832659913e+00	3.00000000000000e-02	0.00000000000000e+00	0.00000000000000e+00
7	10	8	9	3.47610702740914e+01	1.57061070630535e+00	3.00000000000000e-02	0.00000000000000e+00	0.00000000000000e+00
2	11	5	8	9.94002145490990e+01	4.71902916150055e+00	3.00000000000000e-02	0.00000000000000e+00	0.00000000000000e+00
2	11	6	7	1.07540322152111e+02	1.57359807891248e+01	3.00000000000000e-02	0.00000000000000e+00	0.00000000000000e+00
5	11	7	9	5.62634650633122e+01	3.14240279388047e+00	3.00000000000000e-02	0.00000000000000e+00	0.00000000000000e+00
8	11	9	10	5.37949514626716e+01	1.57414851824988e+00	3.00000000000000e-02	0.00000000000000e+00	0.00000000000000e+00
3	12	6	9	8.32157790998625e+01	4.71859801991770e+00	3.00000000000000e-02	0.00000000000000e+00	0.00000000000000e+00
3	12	7	8	1.04087696866743e+02	1.57367430414877e+01	3.00000000000000e-02	0.00000000000000e+00	0.00000000000000e+00
6	12	8	10	3.71665015488039e+01	3.14222077500223e+00	3.00000000000000e-02	0.00000000000000e+00	0.00000000000000e+00
9	12	10	11	4.19828506401969e+01	1.57158501593553e+00	3.00000000000000e-02	0.00000000000000e+00	0.00000000000000e+00
4	13	7	10	7.03158193489522e+01	4.71877080180603e+00	3.00000000000000e-02	0.00000000000000e+00	0.00000000000000e+00
4	13	8	9	4.86337720224916e+01	1.57354182916898e+01	3.00000000000000e-02	0.00000000000000e+00	0.00000000000000e+00
7	13	9	11	4.98192059783300e+01	3.14243400457496e+00	3.00000000000000e-02	0.00000000000000e+00	0.00000000000000e+00
10	13	11	12	3.07013412115639e+01	1.57255681504896e+00	3.00000000000000e-02	0.00000000000000e+00	0.00000000000000e+00
2	14	6	10	9.68274885605129e+01	6.29203442484602e+00	3.00000000000000e-02	0.00000000000000e+00	0.00000000000000e+00
2	14	7	9	9.61059265631935e+01	1.37630392191201e+01	3.00000000000000e-02	0.00000000000000e+00	0.00000000000000e+00
5	14	8	11	5.01133305824173e+01	4.71850277596532e+00	3.00000000000000e-02	0.00000000000000e+00	0.00000000000000e+00
5	14	9	10	5.50238075792939e+01	1.57361046196353e+01	3.00000000000000e-02	0.00000000000000e+00	0.00000000000000e+00
8	14	10	12	4.88356493072028e+01	3.14255695312146e+00	3.00000000000000e-02	0.00000000000000e+00	0.00000000000000e+00
11	14	12	13	2.05357477157959e+01	1.56983126673515e+00	3.00000000000000e-02	0.00000000000000e+00	0.00000000000000e+00
3	15	7	11	7.91941072430674e+01	6.29208800386670e+00	3.00000000000000e-02	0.00000000000000e+00	0.00000000000000e+00
3	15	8	10	6.19863774254971e+01	1.37629144325873e+01	3.00000000000000e-02	0.00000000000000e+00	0.00000000000000e+00
6	15	9	12	4.71667284758964e+01	4.71893321660039e+00	3.00000000000000e-02	0.00000000000000e+00	0.00000000000000e+00
6	15	10	11	5.62580841105937e+01	1.57363509528827e+01	3.00000000000000e-02	0.00000000000000e+00	0.00000000000000e+00
9	15	11	13	2.74255741018210e+01	3.14243906623916e+00	3.00000000000000e-02	0.00000000000000e+00	0.00000000000000e+00
12	15	13	14	3.17556917391874e+01	1.57299840198075e+00	3.00000000000000e-02	0.00000000000000e+00	0.00000000000000e+00
4	16	8	12	5.59285052889365e+01	6.29199852949561e+00	3.00000000000000e-02	0.00000000000000e+00	0.00000000000000e+00
4	16	9	11	6.78589345631133e+01	1.37630660039455e+01	3.00000000000000e-02	0.00000000000000e+00	0.00000000000000e+00
7	16	10	13	4.14042796017357e+01	4.71870529394674e+00	3.00000000000000e-02	0.00000000000000e+00	0.00000000000000e+00
10	16	12	14	2.99527400359740e+01	3.14230232959936e+00	3.00000000000000e-02	0.00000000000000e+00	0.00000000000000e+00
13	16	14	15	3.08420246486485e+01	1.56897782253240e+00	3.00000000000000e-02	0.00000000000000e+00	0.00000000000000e+00
2	17	7	12	8.91681462322291e+01	7.86134979918441e+00	3.00000000000000e-02	0.00000000000000e+00	0.00000000000000e+00
2	17	8	11	7.93615555737399e+01	1.41469744096909e+01	3.00000000000000e-02	0.00000000000000e+00	0.00000000000000e+00
2	17	9	10	8.51155900535802e+01	4.40076262744002e+01	3.00000000000000e-02	0.00000000000000e+00	0.00000000000000e+00
5	17	9	13	5.08151179984431e+01	6.29214582519516e+00	3.00000000000000e-02	0.00000000000000e+00	0.00000000000000e+00
5	17	10	12	5.66274737038774e+01	1.37631728661336e+01	3.00000000000000e-02	0.00000000000000e+00	0.00000000000000e+00
8	17	11	14	4.17638965444888e+01	4.71906302621105e+00	3.00000000000000e-02	0.00000000000000e+00	0.00000000000000e+00
8	17	12	13	2.98096585544747e+01	1.57364204140160e+01	3.00000000000000e-02	0.00000000000000e+00	0.00000000000000e+00
11	17	13	15	4.48035541206429e+01	3.14238901658341e+00	3.00000000000000e-02	0.00000000000000e+00	0.00000000000000e+00
14	17	15	16	2.74693060482774e+01	1.57428052635582e+00	3.00000000000000e-02	0.00000000000000e+00	0.00000000000000e+00
3	18	8	13	6.36426640749269e+01	7.86125345860006e+00	3.00000000000000e-02	0.00000000000000e+00	0.00000000000000e+00
3	18	9	12	7.46777786438688e+01	1.41470554464125e+01	3.00000000000000e-02	0.00000000000000e+00	0.00000000000000e+00
3	18	10	11	8.73126637553292e+01	4.40072900155385e+01	3.00000000000000e-02	0.00000000000000e+00	0.00000000000000e+00
6	18	10	14	5.24551346345214e+01	6.29223265841157e+00	3.00000000000000e-02	0.00000000000000e+00	0.00000000000000e+00
6	18	11	13	4.00532758538832e+01	1.37632082846992e+01	3.00000000000000e-02	0.00000000000000e+00	0.00000000000000e+00
9	18	12	15	4.36456830015992e+01	4.71875319632270e+00	3.00000000000000e-02	0.00000000000000e+00	0.00000000000000e+00
9	18	13	14	5.16812615294504e+01	1.57366674064213e+01	3.00000000000000e-02	0.00000000000000e+00	0.00000000000000e+00
12	18	14	16	3.65551108917344e+01	3.14252526492679e+00	3.00000000000000e-02	0.00000000000000e+00	0.00000000000000e+00
15	18	16	17	2.62912477232541e+01	1.57063005760421e+00	3.00000000000000e-02	0.00000000000000e+00	0.00000000000000e+00
4	19	9	14	6.55423066430145e+01	7.86133480179608e+00	3.00000000000000e-02	0.00000000000000e+00	0.00000000000000e+00
4	19	10	13	6.04722958749203e+01	1.41469892585501e+01	3.00000000000000e-02	0.00000000000000e+00	0.00000000000000e+00
7	19	11	15	5.32541462034350e+01	6.29209422441769e+00	3.00000000000000e-02	0.00000000000000e+00	0.00000000000000e+00
7	19	12	14	4.94997179273414e+01	1.37631495624521e+01	3.00000000000000e-02	0.00000000000000e+00	0.00000000000000e+00
10	19	13	16	4.79678326595688e+01	4.71882822370133e+00	3.00000000000000e-02	0.00000000000000e+00	0.00000000000000e+00
10	19	14	15	5.57206163344822e+01	1.57355753176965e+01	3.00000000000000e-02	0.00000000000000e+00	0.00000000000000e+00
13	19	15	17	2.60540175128286e+01	3.14221075167803e+00	3.00000000000000e-02	0.00000000000000e+00	0.00000000000000e+00
16	19	17	18	3.31407084863538e+01	1.57254270478936e+00	3.00000000000000e-02	0.00000000000000e+00	0.00000000000000e+00
2	20	8	14	7.81463131728861e+01	9.42945352114531e+00	3.00000000000000e-02	0.00000000000000e+00	0.00000000000000e+00
2	20	9	13	7.87796250890461e+01	1.51237231429861e+01	3.00000000000000e-02	0.00000000000000e+00	0.00000000000000e+00
2	20	10	12	8.57483680862271e+01	3.14230105415587e+01	3.00000000000000e-02	0.00000000000000e+00	0.00000000000000e+00
5	20	10	15	6.86382389206192e+01	7.86129665710159e+00	3.00000000000000e-02	0.00000000000000e+00	0.00000000000000e+00
5	20	11	14	5.88045384021694e+01	1.41470648073620e+01	3.00000000000000e-02	0.00000000000000e+00	0.00000000000000e+00
5	20	12	13	4.17033248456583e+01	4.40070963390052e+01	3.00000000000000e-02	0.00000000000000e+00	0.00000000000000e+00
8	20	12	16	5.56140475634264e+01	6.29221394498265e+00	3.00000000000000e-02	0.00000000000000e+00	0.00000000000000e+00
8	20	13	15	7.13234863928359e+01	1.37631940150469e+01	3.00000000000000e-02	0.00000000000000e+00	0.00000000000000e+00
11	20	14	17	4.32769318737110e+01	4.71857524182898e+00	3.00000000000000e-02	0.00000000000000e+00	0.00000000000000e+00
11	20	15	16	4.04238155229482e+01	1.57366426433461e+01	3.00000000000000e-02	0.00000000000000e+00	0.00000000000000e+00
14	20	16	18	3.12367612283741e+01	3.14221203161189e+00	3.00000000000000e-02	0.00000000000000e+00	0.00000000000000e+00
17	20	18	19	2.79922843352527e+01	1.57214979614002e+00	3.00000000000000e-02	0.00000000000000e+00	0.00000000000000e+00
3	21	9	15	8.20078961089520e+01	9.42946817273950e+00	3.00000000000000e-02	0.00000000000000e+00	0.00000000000000e+00
3	21	10	14	7.70438387672274e+01	1.51237456430564e+01	3.00000000000000e-02	0.00000000000000e+00	0.00000000000000e+00
3	21	11	13	5.78437130038359e+01	3.14229676087352e+01	3.00000000000000e-02	0.00000000000000e+00	0.00000000000000e+00
6	21	11	16	6.18202846606335e+01	7.86138549740436e+00	3.00000000000000e-02	0.00000000000000e+00	0.00000000000000e+00
6	21	12	15	6.76838439808801e+01	1.41470439793576e+01	3.00000000000000e-02	0.00000000000000e+00	0.00000000000000e+00
6	21	13	14	7.88753405510739e+01	4.40078896117134e+01	3.00000000000000e-02	0.00000000000000e+00	0.00000000000000e+00
9	21	13	17	5.51515997358407e+01	6.29206660565011e+00	3.00000000000000e-02	0.00000000000000e+00	0.00000000000000e+00
9	21	14	16	5.99802743439702e+01	1.37630991714116e+01	3.00000000000000e-02	0.00000000000000e+00	0.00000000000000e+00
12	21	15	18	3.62343655086285e+01	4.71872292187353e+00	3.00000000000000e-02	0.00000000000000e+00	0.00000000000000e+00
12	21	16	17	3.18163005826269e+01	1.57355315106417e+01	3.00000000000000e-02	0.00000000000000e+00	0.00000000000000e+00
15	21	17	19	3.49207591002075e+01	3.14244723108971e+00	3.00000000000000e-02	0.00000000000000e+00	0.00000000000000e+00
18	21	19	20	3.52419991511886e+01	1.57129732355959e+00	3.00000000000000e-02	0.00000000000000e+00	0.00000000000000e+00
1	4	2	3	7.35148926269123e+01	1.57925033301280e+00	3.00000000000000e-02	0.00000000000000e+00	0.00000000000000e+00
1	5	2	3	7.57522855811419e+01	2.37323651388002e+00	3.00000000000000e-02	0.00000000000000e+00	0.00000000000000e+00
1	5	3	4	7.06105640350305e+01	2.35890651425256e+00	3.00000000000000e-02	0.00000000000000e+00	0.00000000000000e+00
1	6	2	3	7.85790797955440e+01	2.71554144879683e+00	3.00000000000000e-02	0.00000000000000e+00	0.00000000000000e+00
1	6	3	4	8.88537494128331e+01	4.71675449030057e+00	3.00000000000000e-02	0.00000000000000e+00	0.00000000000000e+00
1	6	4	5	7.71207901958097e+01	2.69082957774121e+00	3.00000000000000e-02	0.00000000000000e+00	0.00000000000000e+00
1	7	3	4	9.52879240414727e+01	6.29424357393686e+00	3.00000000000000e-02	0.00000000000000e+00	0.00000000000000e+00
1	7	4	5	8.69153859830650e+01	6.28659983241583e+00	3.00000000000000e-02	0.00000000000000e+00	0.00000000000000e+00
1	7	5	6	4.94515317651203e+01	2.86153006192288e+00	3.00000000000000e-02	0.00000000000000e+00	0.00000000000000e+00
1	7	2	3	7.84666140983176e+01	2.88166605819834e+00	3.00000000000000e-02	0.00000000000000e+00	0.00000000000000e+00
1	8	2	3	8.05713759379226e+01	2.97234573866243e+00	3.00000000000000e-02	0.00000000000000e+00	0.00000000000000e+00
1	8	3	4	1.01360697985929e+02	7.26469793842886e+00	3.00000000000000e-02	0.00000000000000e+00	0.00000000000000e+00
1	8	4	5	1.02547406054370e+02	9.43815171873229e+00	3.00000000000000e-02	0.00000000000000e+00	0.00000000000000e+00
1	8	5	6	6.14071464110377e+01	7.25303244362578e+00	3.00000000000000e-02	0.00000000000000e+00	0.00000000000000e+00
1	8	6	7	4.59178667511746e+01	2.94241560675240e+00	3.00000000000000e-02	0.00000000000000e+00	0.00000000000000e+00
1	9	3	4	1.02864640663173e+02	7.87004534392005e+00	3.00000000000000e-02	0.00000000000000e+00	0.00000000000000e+00
1	9	4	5	1.17309188506500e+02	1.18030947752003e+01	3.00000000000000e-02	0.00000000000000e+00	0.00000000000000e+00
1	9	5	6	8.01123229924299e+01	1.17992177765843e+01	3.00000000000000e-02	0.00000000000000e+00	0.00000000000000e+00
1	9	6	7	7.51213484405940e+01	7.85599159622622e+00	3.00000000000000e-02	0.00000000000000e+00	0.00000000000000e+00
1	9	7	8	6.79857526189397e+01	3.00756705930748e+00	3.00000000000000e-02	0.00000000000000e+00	0.00000000000000e+00
1	9	2	3	7.93267873564188e+01	3.02673491460541e+00	3.00000000000000e-02	0.00000000000000e+00	0.00000000000000e+00
1	10	3	4	9.19209392810541e+01	8.26315054395410e+00	3.00000000000000e-02	0.00000000000000e+00	0.00000000000000e+00
1	10	4	5	1.27394519226830e+02	1.34885664368885e+01	3.00000000000000e-02	0.00000000000000e+00	0.00000000000000e+00
1	10	5	6	9.26741329410074e+01	1.57404550789463e+01	3.00000000000000e-02	0.00000000000000e+00	0.00000000000000e+00
1	10	6	7	9.30878283232939e+01	1.34805568333049e+01	3.00000000000000e-02	0.00000000000000e+00	0.00000000000000e+00
1	10	7	8	8.75595483075875e+01	8.24959470760590e+00	3.00000000000000e-02	0.00000000000000e+00	0.00000000000000e+00
1	10	2	3	7.96237081976665e+01	3.06176730566514e+00	3.00000000000000e-02	0.00000000000000e+00	0.00000000000000e+00
1	11	3	4	9.71741549421546e+01	8.52958542757181e+00	3.00000000000000e-02	0.00000000000000e+00	0.00000000000000e+00
1	11	4	5	1.34168793422049e+02	1.46860475735074e+01	3.00000000000000e-02	0.00000000000000e+00	0.00000000000000e+00
1	11	5	6	1.01627390855955e+02	1.88876729551529e+01	3.00000000000000e-02	0.00000000000000e+00	0.00000000000000e+00
1	11	6	7	1.06692297167624e+02	1.88836258413951e+01	3.00000000000000e-02	0.00000000000000e+00	0.00000000000000e+00
1	11	7	8	9.11365736877146e+01	1.46775494122019e+01	3.00000000000000e-02	0.00000000000000e+00	0.00000000000000e+00
1	11	8	9	3.38202025551935e+01	8.51214585713511e+00	3.00000000000000e-02	0.00000000000000e+00	0.00000000000000e+00
1	11	2	3	7.97753378958375e+01	3.08559717398159e+00	3.00000000000000e-02	0.00000000000000e+00	0.00000000000000e+00
1	12	3	4	1.00695044790308e+02	8.71712907442458e+00	3.00000000000000e-02	0.00000000000000e+00	0.00000000000000e+00
1	12	4	5	1.40117792083361e+02	1.55492933331145e+01	3.00000000000000e-02	0.00000000000000e+00	0.00000000000000e+00
1	12	5	6	1.10252124882817e+02	2.13219808237023e+01	3.00000000000000e-02	0.00000000000000e+00	0.00000000000000e+00
1	12	6	7	1.22634277418937e+02	2.36020788310300e+01	3.00000000000000e-02	0.00000000000000e+00	0.00000000000000e+00
1	12	7	8	1.07988695729418e+02	2.13166997760364e+01	3.00000000000000e-02	0.00000000000000e+00	0.00000000000000e+00
1	12	8	9	3.86658208377826e+01	1.55367408446209e+01	3.00000000000000e-02	0.00000000000000e+00	0.00000000000000e+00
1	12	2	3	7.99802634425323e+01	3.10251146050041e+00	3.00000000000000e-02	0.00000000000000e+00	0.00000000000000e+00
1	13	2	3	8.05301044019544e+01	3.11493505184929e+00	3.00000000000000e-02	0.00000000000000e+00	0.00000000000000e+00
1	13	3	4	1.10758041921929e+02	8.85348973404921e+00	3.00000000000000e-02	0.00000000000000e+00	0.00000000000000e+00
1	13	4	5	1.45407240760569e+02	1.61840527970715e+01	3.00000000000000e-02	0.00000000000000e+00	0.00000000000000e+00
1	13	5	6	1.17696318906360e+02	2.31912101000899e+01	3.00000000000000e-02	0.00000000000000e+00	0.00000000000000e+00
1	13	6	7	1.37929609022283e+02	2.75300358317182e+01	3.00000000000000e-02	0.00000000000000e+00	0.00000000000000e+00
1	13	7	8	1.28804588741667e+02	2.75288184705096e+01	3.00000000000000e-02	0.00000000000000e+00	0.00000000000000e+00
1	13	8	9	5.00957257210685e+01	2.31825915448367e+01	3.00000000000000e-02	0.00000000000000e+00	0.00000000000000e+00
1	13	9	10	5.05773884381058e+01	1.61713614758027e+01	3.00000000000000e-02	0.00000000000000e+00	0.00000000000000e+00
1	14	3	4	1.06703751016482e+02	8.95541342983487e+00	3.00000000000000e-02	0.00000000000000e+00	0.00000000000000e+00
1	14	4	5	1.47267899807724e+02	1.66604520240383e+01	3.00000000000000e-02	0.00000000000000e+00	0.00000000000000e+00
1	14	5	6	1.21598802413290e+02	2.46320455562198e+01	3.00000000000000e-02	0.00000000000000e+00	0.00000000000000e+00
1	14	6	7	1.46865510673234e+02	3.07278950263590e+01	3.00000000000000e-02	0.00000000000000e+00	0.00000000000000e+00
1	14	7	8	1.41217255369740e+02	3.30239289861209e+01	3.00000000000000e-02	0.00000000000000e+00	0.00000000000000e+00
1	14	2	3	8.02416046152072e+01	3.12432025258858e+00	3.00000000000000e-02	0.00000000000000e+00	0.00000000000000e+00
1	14	11	12	3.92268401372057e+01	8.93513253151481e+00	3.00000000000000e-02	0.00000000000000e+00	0.00000000000000e+00
1	15	2	3	8.07396263801771e+01	3.13157915400339e+00	3.00000000000000e-02	0.00000000000000e+00	0.00000000000000e+00
1	15	3	4	1.11554721322302e+02	9.03342926385745e+00	3.00000000000000e-02	0.00000000000000e+00	0.00000000000000e+00
1	15	4	5	1.50492449390691e+02	1.70250919899644e+01	3.00000000000000e-02	0.00000000000000e+00	0.00000000000000e+00
1	15	5	6	1.24935792692596e+02	2.57528420379927e+01	3.00000000000000e-02	0.00000000000000e+00	0.00000000000000e+00
1	15	6	7	1.54051104998541e+02	3.33097154258318e+01	3.00000000000000e-02	0.00000000000000e+00	0.00000000000000e+00
1	15	7	8	1.52113644034798e+02	3.77346467834900e+01	3.00000000000000e-02	0.00000000000000e+00	0.00000000000000e+00
1	15	8	9	6.16722492067032e+01	3.77315688018986e+01	3.00000000000000e-02	0.00000000000000e+00	0.00000000000000e+00
1	15	9	10	6.60026589224314e+01	3.33049036580589e+01	3.00000000000000e-02	0.00000000000000e+00	0.00000000000000e+00
1	15	12	13	1.39901259733709e+01	9.01390795031820e+00	3.00000000000000e-02	0.00000000000000e+00	0.00000000000000e+00
1	16	2	3	8.07868969204889e+01	3.13730648535514e+00	3.00000000000000e-02	0.00000000000000e+00	0.00000000000000e+00
1	16	3	4	1.11896322107442e+02	9.09437837656695e+00	3.00000000000000e-02	0.00000000000000e+00	0.00000000000000e+00
1	16	4	5	1.52299336894715e+02	1.73092802120669e+01	3.00000000000000e-02	0.00000000000000e+00	0.00000000000000e+00
1	16	5	6	1.27761835678096e+02	2.66345835337630e+01	3.00000000000000e-02	0.00000000000000e+00	0.00000000000000e+00
1	16	6	7	1.60737321988748e+02	3.53926910230336e+01	3.00000000000000e-02	0.00000000000000e+00	0.00000000000000e+00
1	16	7	8	1.63179257513797e+02	4.17038541390450e+01	3.00000000000000e-02	0.00000000000000e+00	0.00000000000000e+00
1	16	8	9	6.85750591342620e+01	4.40088685955436e+01	3.00000000000000e-02	0.00000000000000e+00	0.00000000000000e+00
1	16	9	10	7.68044785448873e+01	4.17000909665318e+01	3.00000000000000e-02	0.00000000000000e+00	0.00000000000000e+00
1	16	12	13	1.97925203991734e+01	1.72935958053066e+01	3.00000000000000e-02	0.00000000000000e+00	0.00000000000000e+00
1	17	2	3	8.07538351655801e+01	3.14190361780626e+00	3.00000000000000e-02	0.00000000000000e+00	0.00000000000000e+00
1	17	3	4	1.12242201737107e+02	9.14285030237500e+00	3.00000000000000e-02	0.00000000000000e+00	0.00000000000000e+00
1	17	4	5	1.52987253395028e+02	1.75344561739640e+01	3.00000000000000e-02	0.00000000000000e+00	0.00000000000000e+00
1	17	5	6	1.30007517755023e+02	2.73367392425686e+01	3.00000000000000e-02	0.00000000000000e+00	0.00000000000000e+00
1	17	6	7	1.66295464511241e+02	3.70797949766414e+01	3.00000000000000e-02	0.00000000000000e+00	0.00000000000000e+00
1	17	7	8	1.72670330197377e+02	4.50212186752510e+01	3.00000000000000e-02	0.00000000000000e+00	0.00000000000000e+00
1	17	8	9	7.52046954422231e+01	4.95044567305553e+01	3.00000000000000e-02	0.00000000000000e+00	0.00000000000000e+00
1	17	9	10	8.73587685389070e+01	4.95040282311280e+01	3.00000000000000e-02	0.00000000000000e+00	0.00000000000000e+00
1	18	2	3	8.07519480819022e+01	3.14564871185003e+00	3.00000000000000e-02	0.00000000000000e+00	0.00000000000000e+00
1	18	3	4	1.12530023751018e+02	9.18200185639247e+00	3.00000000000000e-02	0.00000000000000e+00	0.00000000000000e+00
1	18	4	5	1.53851841065782e+02	1.77155392916151e+01	3.00000000000000e-02	0.00000000000000e+00	0.00000000000000e+00
1	18	5	6	1.31650737797663e+02	2.79026280668690e+01	3.00000000000000e-02	0.00000000000000e+00	0.00000000000000e+00
1	18	6	7	1.70393959584484e+02	3.84548803962266e+01	3.00000000000000e-02	0.00000000000000e+00	0.00000000000000e+00
1	18	7	8	1.79996854520389e+02	4.77868601149001e+01	3.00000000000000e-02	0.00000000000000e+00	0.00000000000000e+00
1	18	8	9	8.02975069926807e+01	5.42495740247142e+01	3.00000000000000e-02	0.00000000000000e+00	0.00000000000000e+00
1	18	9	10	9.63103839156202e+01	5.65673177857253e+01	3.00000000000000e-02	0.00000000000000e+00	0.00000000000000e+00
1	18	13	14	4.59075531698682e+01	2.78917281337296e+01	3.00000000000000e-02	0.00000000000000e+00	0.00000000000000e+00
1	19	2	3	8.08986779324088e+01	3.14873962465199e+00	3.00000000000000e-02	0.00000000000000e+00	0.00000000000000e+00
1	19	3	4	1.12689803191923e+02	9.21406053800615e+00	3.00000000000000e-02	0.00000000000000e+00	0.00000000000000e+00
1	19	4	5	1.55404538161965e+02	1.78631244338297e+01	3.00000000000000e-02	0.00000000000000e+00	0.00000000000000e+00
1	19	5	6	1.33259970114157e+02	2.83639875855181e+01	3.00000000000000e-02	0.00000000000000e+00	0.00000000000000e+00
1	19	6	7	1.74183967458563e+02	3.95842065518944e+01	3.00000000000000e-02	0.00000000000000e+00	0.00000000000000e+00
1	19	7	8	1.86657479506864e+02	5.00954041037843e+01	3.00000000000000e-02	0.00000000000000e+00	0.00000000000000e+00
1	19	8	9	8.46774032732763e+01	5.83165659616373e+01	3.00000000000000e-02	0.00000000000000e+00	0.00000000000000e+00
1	19	9	10	1.04481620725807e+02	6.28487339171017e+01	3.00000000000000e-02	0.00000000000000e+00	0.00000000000000e+00
1	19	12	13	3.65161789968031e+01	5.00885131356237e+01	3.00000000000000e-02	0.00000000000000e+00	0.00000000000000e+00
1	19	13	14	6.03009227760936e+01	3.95768835001008e+01	3.00000000000000e-02	0.00000000000000e+00	0.00000000000000e+00
1	19	14	15	5.76782919049854e+01	2.83506640115733e+01	3.00000000000000e-02	0.00000000000000e+00	0.00000000000000e+00
1	19	15	16	3.57908905923039e+01	1.78485927402089e+01	3.00000000000000e-02	0.00000000000000e+00	0.00000000000000e+00
1	20	2	3	8.07478490850180e+01	3.15132004156411e+00	3.00000000000000e-02	0.00000000000000e+00	0.00000000000000e+00
1	20	3	4	1.12380853234640e+02	9.24063061066305e+00	3.00000000000000e-02	0.00000000000000e+00	0.00000000000000e+00
1	20	4	5	1.55151629598949e+02	1.79848622255728e+01	3.00000000000000e-02	0.00000000000000e+00	0.00000000000000e+00
1	20	5	6	1.34092359227110e+02	2.87442195804326e+01	3.00000000000000e-02	0.00000000000000e+00	0.00000000000000e+00
1	20	6	7	1.76579136566049e+02	4.05192251712515e+01	3.00000000000000e-02	0.00000000000000e+00	0.00000000000000e+00
1	20	7	8	1.91346896779639e+02	5.20290989125346e+01	3.00000000000000e-02	0.00000000000000e+00	0.00000000000000e+00
1	20	8	9	8.86148722506769e+01	6.17917092028233e+01	3.00000000000000e-02	0.00000000000000e+00	0.00000000000000e+00
1	20	9	10	1.11558545141836e+02	6.83728718340273e+01	3.00000000000000e-02	0.00000000000000e+00	0.00000000000000e+00
1	20	12	13	4.20257409235715e+01	6.17882035109070e+01	3.00000000000000e-02	0.00000000000000e+00	0.00000000000000e+00
1	20	13	14	7.11050141535101e+01	5.20226031076083e+01	3.00000000000000e-02	0.00000000000000e+00	0.00000000000000e+00
1	20	14	15	6.89267465378300e+01	4.05103537772443e+01	3.00000000000000e-02	0.00000000000000e+00	0.00000000000000e+00
1	20	15	16	4.24458947643070e+01	2.87324642344762e+01	3.00000000000000e-02	0.00000000000000e+00	0.00000000000000e+00
1	20	16	17	2.77868475054157e+01	1.79678026908952e+01	3.00000000000000e-02	0.00000000000000e+00	0.00000000000000e+00
1	21	2	3	8.08827653050640e+01	3.15349630408927e+00	3.00000000000000e-02	0.00000000000000e+00	0.00000000000000e+00
1	21	3	4	1.12895173125038e+02	9.26288967952131e+00	3.00000000000000e-02	0.00000000000000e+00	0.00000000000000e+00
1	21	4	5	1.56282876903348e+02	1.80863700744074e+01	3.00000000000000e-02	0.00000000000000e+00	0.00000000000000e+00
1	21	5	6	1.34962773916101e+02	2.90607502575495e+01	3.00000000000000e-02	0.00000000000000e+00	0.00000000000000e+00
1	21	6	7	1.78594658897689e+02	4.12996741477788e+01	3.00000000000000e-02	0.00000000000000e+00	0.00000000000000e+00
1	21	7	8	1.94978684594874e+02	5.36565234463015e+01	3.00000000000000e-02	0.00000000000000e+00	0.00000000000000e+00
1	21	8	9	9.08798683257714e+01	6.47606164850294e+01	3.00000000000000e-02	0.00000000000000e+00	0.00000000000000e+00
1	21	9	10	1.16532002456716e+02	7.31994135960980e+01	3.00000000000000e-02	0.00000000000000e+00	0.00000000000000e+00
1	21	12	13	4.71418367575210e+01	7.31961542579450e+01	3.00000000000000e-02	0.00000000000000e+00	0.00000000000000e+00
1	21	13	14	8.15743386324241e+01	6.47574709908185e+01	3.00000000000000e-02	0.00000000000000e+00	0.00000000000000e+00
1	21	14	15	8.02710129820950e+01	5.36484875301389e+01	3.00000000000000e-02	0.00000000000000e+00	0.00000000000000e+00
1	21	15	16	4.93564468594096e+01	4.12920997736214e+01	3.00000000000000e-02	0.00000000000000e+00	0.00000000000000e+00
1	21	16	17	3.55220772946361e+01	2.90464595929777e+01	3.00000000000000e-02	0.00000000000000e+00	0.00000000000000e+00
1	21	17	18	3.75714443012737e+01	1.80694491849456e+01	3.00000000000000e-02	0.00000000000000e+00	0.00000000000000e+00
2	21	3	4	9.31570064190482e+01	3.12408217643275e+00	3.00000000000000e-02	0.00000000000000e+00	0.00000000000000e+00
2	21	4	5	1.17359137309759e+02	9.22156249978464e+00	3.00000000000000e-02	0.00000000000000e+00	0.00000000000000e+00
2	21	5	6	1.12657320524189e+02	1.79703975122528e+01	3.00000000000000e-02	0.00000000000000e+00	0.00000000000000e+00
2	21	6	7	1.53616493414733e+02	2.87307090850613e+01	3.00000000000000e-02	0.00000000000000e+00	0.00000000000000e+00
2	21	7	8	1.71962362510179e+02	4.05117763143128e+01	3.00000000000000e-02	0.00000000000000e+00	0.00000000000000e+00
2	21	8	9	8.29066081603786e+01	5.20208117864986e+01	3.00000000000000e-02	0.00000000000000e+00	0.00000000000000e+00
2	21	9	10	1.08830367543891e+02	6.17883926691560e+01	3.00000000000000e-02	0.00000000000000e+00	0.00000000000000e+00
2	21	10	11	1.16605870016196e+02	6.83696878466366e+01	3.00000000000000e-02	0.00000000000000e+00	0.00000000000000e+00
2	21	13	14	8.28411509470923e+01	6.17885546177370e+01	3.00000000000000e-02	0.00000000000000e+00	0.00000000000000e+00
2	21	14	15	8.14347303317956e+01	5.20213428634004e+01	3.00000000000000e-02	0.00000000000000e+00	0.00000000000000e+00
2	21	15	16	5.01289782609772e+01	4.05118663161794e+01	3.00000000000000e-02	0.00000000000000e+00	0.00000000000000e+00
2	21	16	17	3.67812723239195e+01	2.87302065440738e+01	3.00000000000000e-02	0.00000000000000e+00	0.00000000000000e+00
3	21	4	5	8.68119174226246e+01	3.12219175907126e+00	3.00000000000000e-02	0.00000000000000e+00	0.00000000000000e+00
3	21	5	6	8.59129973621028e+01	9.19439701394284e+00	3.00000000000000e-02	0.00000000000000e+00	0.00000000000000e+00
3	21	6	7	1.25320745725048e+02	1.78459331714290e+01	3.00000000000000e-02	0.00000000000000e+00	0.00000000000000e+00
3	21	7	8	1.45259978339138e+02	2.83518744794324e+01	3.00000000000000e-02	0.00000000000000e+00	0.00000000000000e+00
3	21	8	9	7.33176792009994e+01	3.95747037746132e+01	3.00000000000000e-02	0.00000000000000e+00	0.00000000000000e+00
3	21	9	10	1.00123003392986e+02	5.00888000925437e+01	3.00000000000000e-02	0.00000000000000e+00	0.00000000000000e+00
3	21	10	11	1.09705998553674e+02	5.83133111611390e+01	3.00000000000000e-02	0.00000000000000e+00	0.00000000000000e+00
3	21	14	15	8.65173108908715e+01	5.00881785971583e+01	3.00000000000000e-02	0.00000000000000e+00	0.00000000000000e+00
3	21	15	16	5.34062575813421e+01	3.95771943363386e+01	3.00000000000000e-02	0.00000000000000e+00	0.00000000000000e+00
3	21	16	17	3.93409124927619e+01	2.83503372507599e+01	3.00000000000000e-02	0.00000000000000e+00	0.00000000000000e+00
3	21	17	18	4.56907151552985e+01	1.78466110543743e+01	3.00000000000000e-02	0.00000000000000e+00	0.00000000000000e+00
4	21	5	6	6.43557345930777e+01	3.11840321906237e+00	3.00000000000000e-02	0.00000000000000e+00	0.00000000000000e+00
4	21	6	7	9.79325496562592e+01	9.16002260307532e+00	3.00000000000000e-02	0.00000000000000e+00	0.00000000000000e+00
4	21	7	8	1.16719907585639e+02	1.77008725459794e+01	3.00000000000000e-02	0.00000000000000e+00	0.00000000000000e+00
4	21	8	9	6.19833440588039e+01	2.78888932147904e+01	3.00000000000000e-02	0.00000000000000e+00	0.00000000000000e+00
4	21	9	10	8.89636124681191e+01	3.84476411878348e+01	3.00000000000000e-02	0.00000000000000e+00	0.00000000000000e+00
4	21	10	11	1.01181774059047e+02	4.77806670943680e+01	3.00000000000000e-02	0.00000000000000e+00	0.00000000000000e+00
4	21	12	13	4.81168303554316e+01	5.65648467880778e+01	3.00000000000000e-02	0.00000000000000e+00	0.00000000000000e+00
4	21	15	16	5.36672533262625e+01	3.84482733042437e+01	3.00000000000000e-02	0.00000000000000e+00	0.00000000000000e+00
4	21	16	17	3.95798127780165e+01	2.78894091462027e+01	3.00000000000000e-02	0.00000000000000e+00	0.00000000000000e+00
4	21	17	18	4.60649004339353e+01	1.76992978029752e+01	3.00000000000000e-02	0.00000000000000e+00	0.00000000000000e+00
4	21	18	19	3.72970935082481e+01	9.16192408232327e+00	3.00000000000000e-02	0.00000000000000e+00	0.00000000000000e+00
5	21	6	7	7.96433974760330e+01	3.10815631736001e+00	3.00000000000000e-02	0.00000000000000e+00	0.00000000000000e+00
5	21	7	8	8.88178563024490e+01	9.12326007798911e+00	3.00000000000000e-02	0.00000000000000e+00	0.00000000000000e+00
5	21	8	9	4.98096082404481e+01	1.75174378270076e+01	3.00000000000000e-02	0.00000000000000e+00	0.00000000000000e+00
5	21	9	10	7.60813779576008e+01	2.73253329254245e+01	3.00000000000000e-02	0.00000000000000e+00	0.00000000000000e+00
5	21	10	11	9.03692784299911e+01	3.70727506461184e+01	3.00000000000000e-02	0.00000000000000e+00	0.00000000000000e+00
5	21	12	13	4.51391801254181e+01	4.95019883682669e+01	3.00000000000000e-02	0.00000000000000e+00	0.00000000000000e+00
5	21	13	14	8.29768543664764e+01	4.95026603865127e+01	3.00000000000000e-02	0.00000000000000e+00	0.00000000000000e+00
5	21	16	17	3.96411654979886e+01	2.73240363790434e+01	3.00000000000000e-02	0.00000000000000e+00	0.00000000000000e+00
5	21	17	18	4.61725776034001e+01	1.75185448708474e+01	3.00000000000000e-02	0.00000000000000e+00	0.00000000000000e+00
5	21	18	19	3.74041580446529e+01	9.12294312566382e+00	3.00000000000000e-02	0.00000000000000e+00	0.00000000000000e+00
5	21	19	20	3.76526841642859e+01	3.11462355565273e+00	3.00000000000000e-02	0.00000000000000e+00	0.00000000000000e+00
5	21	15	16	5.31710459746640e+01	3.70736619541654e+01	3.00000000000000e-02	0.00000000000000e+00	0.00000000000000e+00
6	21	8	9	3.85497564568849e+01	9.07375478273102e+00	3.00000000000000e-02	0.00000000000000e+00	0.00000000000000e+00
6	21	9	10	6.37557601052106e+01	1.72959828399230e+01	3.00000000000000e-02	0.00000000000000e+00	0.00000000000000e+00
6	21	10	11	7.85620970329882e+01	2.66240894923014e+01	3.00000000000000e-02	0.00000000000000e+00	0.00000000000000e+00
6	21	12	13	4.24583551250928e+01	4.16990160429507e+01	3.00000000000000e-02	0.00000000000000e+00	0.00000000000000e+00
6	21	13	14	7.93449047332309e+01	4.40078896117134e+01	3.00000000000000e-02	0.00000000000000e+00	0.00000000000000e+00
6	21	14	15	8.34465960412851e+01	4.16986957901264e+01	3.00000000000000e-02	0.00000000000000e+00	0.00000000000000e+00
6	21	7	8	6.27543652864181e+01	3.11332536012433e+00	3.00000000000000e-02	0.00000000000000e+00	0.00000000000000e+00
6	21	17	18	4.36417200383653e+01	1.72937806020746e+01	3.00000000000000e-02	0.00000000000000e+00	0.00000000000000e+00
6	21	18	19	3.53375393940939e+01	9.07468243952201e+00	3.00000000000000e-02	0.00000000000000e+00	0.00000000000000e+00
6	21	19	20	3.25124252240132e+01	3.11010591593614e+00	3.00000000000000e-02	0.00000000000000e+00	0.00000000000000e+00
7	21	8	9	3.06572663234403e+01	3.09814875910810e+00	3.00000000000000e-02	0.00000000000000e+00	0.00000000000000e+00
7	21	9	10	5.72485452682695e+01	9.01490848151535e+00	3.00000000000000e-02	0.00000000000000e+00	0.00000000000000e+00
7	21	10	11	7.17384293975007e+01	1.70111567075081e+01	3.00000000000000e-02	0.00000000000000e+00	0.00000000000000e+00
7	21	11	12	5.33256352888649e+01	2.57427710085856e+01	3.00000000000000e-02	0.00000000000000e+00	0.00000000000000e+00
7	21	12	13	4.03416074164621e+01	3.33038399567927e+01	3.00000000000000e-02	0.00000000000000e+00	0.00000000000000e+00
7	21	13	14	7.67492779366407e+01	3.77309489787430e+01	3.00000000000000e-02	0.00000000000000e+00	0.00000000000000e+00
7	21	14	15	8.19924866785544e+01	3.77301342664978e+01	3.00000000000000e-02	0.00000000000000e+00	0.00000000000000e+00
7	21	15	16	5.29789987878797e+01	3.33048341251373e+01	3.00000000000000e-02	0.00000000000000e+00	0.00000000000000e+00
7	21	16	17	3.98628147838557e+01	2.57415275825955e+01	3.00000000000000e-02	0.00000000000000e+00	0.00000000000000e+00
7	21	17	18	4.65411503405443e+01	1.70100948216412e+01	3.00000000000000e-02	0.00000000000000e+00	0.00000000000000e+00
7	21	18	19	3.79019584218135e+01	9.01399556739183e+00	3.00000000000000e-02	0.00000000000000e+00	0.00000000000000e+00
7	21	19	20	3.80245694347840e+01	3.10447730989476e+00	3.00000000000000e-02	0.00000000000000e+00	0.00000000000000e+00
8	21	10	11	7.68759680372929e+01	8.93880620183051e+00	3.00000000000000e-02	0.00000000000000e+00	0.00000000000000e+00
8	21	11	12	5.35841309146808e+01	1.66484797284129e+01	3.00000000000000e-02	0.00000000000000e+00	0.00000000000000e+00
8	21	12	13	3.95387387099326e+01	2.46229153053878e+01	3.00000000000000e-02	0.00000000000000e+00	0.00000000000000e+00
8	21	13	14	7.44996506824082e+01	3.07239126704394e+01	3.00000000000000e-02	0.00000000000000e+00	0.00000000000000e+00
8	21	14	15	8.01126199849186e+01	3.30204727592765e+01	3.00000000000000e-02	0.00000000000000e+00	0.00000000000000e+00
8	21	15	16	5.23142549846010e+01	3.07239328748126e+01	3.00000000000000e-02	0.00000000000000e+00	0.00000000000000e+00
8	21	16	17	4.00208460281929e+01	2.46216976604301e+01	3.00000000000000e-02	0.00000000000000e+00	0.00000000000000e+00
8	21	9	10	7.97646960335740e+01	3.10362428877158e+00	3.00000000000000e-02	0.00000000000000e+00	0.00000000000000e+00
8	21	17	18	4.75181371938726e+01	1.66461047897515e+01	3.00000000000000e-02	0.00000000000000e+00	0.00000000000000e+00
8	21	18	19	3.88457181933998e+01	8.93631585212615e+00	3.00000000000000e-02	0.00000000000000e+00	0.00000000000000e+00
8	21	19	20	3.89992714622065e+01	3.09734349880921e+00	3.00000000000000e-02	0.00000000000000e+00	0.00000000000000e+00
9	21	10	11	5.56237364450981e+01	3.08874900436450e+00	3.00000000000000e-02	0.00000000000000e+00	0.00000000000000e+00
9	21	11	12	4.11616167714916e+01	8.83539186117466e+00	3.00000000000000e-02	0.00000000000000e+00	0.00000000000000e+00
9	21	12	13	3.22608278866902e+01	1.61706789338905e+01	3.00000000000000e-02	0.00000000000000e+00	0.00000000000000e+00
9	21	13	14	6.39413327667676e+01	2.31829408317142e+01	3.00000000000000e-02	0.00000000000000e+00	0.00000000000000e+00
9	21	14	15	7.18418014438097e+01	2.75255944229156e+01	3.00000000000000e-02	0.00000000000000e+00	0.00000000000000e+00
9	21	15	16	4.89652264481310e+01	2.75268022892316e+01	3.00000000000000e-02	0.00000000000000e+00	0.00000000000000e+00
9	21	16	17	3.86804158893405e+01	2.31819148783026e+01	3.00000000000000e-02	0.00000000000000e+00	0.00000000000000e+00
9	21	17	18	4.61405929031758e+01	1.61705040699717e+01	3.00000000000000e-02	0.00000000000000e+00	0.00000000000000e+00
9	21	18	19	3.81852475980203e+01	8.83482162684147e+00	3.00000000000000e-02	0.00000000000000e+00	0.00000000000000e+00
9	21	19	20	3.89482856193980e+01	3.08811918677783e+00	3.00000000000000e-02	0.00000000000000e+00	0.00000000000000e+00
10	21	11	12	3.14560779255448e+01	3.07747255029104e+00	3.00000000000000e-02	0.00000000000000e+00	0.00000000000000e+00
10	21	12	13	2.66717416880472e+01	8.69843219548415e+00	3.00000000000000e-02	0.00000000000000e+00	0.00000000000000e+00
10	21	13	14	5.47239979795640e+01	1.55377179450268e+01	3.00000000000000e-02	0.00000000000000e+00	0.00000000000000e+00
10	21	14	15	6.31856995599163e+01	2.13139731086032e+01	3.00000000000000e-02	0.00000000000000e+00	0.00000000000000e+00
10	21	15	16	4.51442333260264e+01	2.35998919577743e+01	3.00000000000000e-02	0.00000000000000e+00	0.00000000000000e+00
10	21	16	17	3.69973126855339e+01	2.13140260427544e+01	3.00000000000000e-02	0.00000000000000e+00	0.00000000000000e+00
10	21	17	18	4.51039538222496e+01	1.55368006717956e+01	3.00000000000000e-02	0.00000000000000e+00	0.00000000000000e+00
10	21	18	19	3.73619976986084e+01	8.69903274968995e+00	3.00000000000000e-02	0.00000000000000e+00	0.00000000000000e+00
10	21	19	20	2.97934003980941e+01	3.07590817702718e+00	3.00000000000000e-02	0.00000000000000e+00	0.00000000000000e+00
11	21	12	13	2.42320616074680e+01	3.05649707147004e+00	3.00000000000000e-02	0.00000000000000e+00	0.00000000000000e+00
11	21	13	14	4.92026534364889e+01	8.51215744505265e+00	3.00000000000000e-02	0.00000000000000e+00	0.00000000000000e+00
11	21	14	15	5.57430012368664e+01	1.46741923539482e+01	3.00000000000000e-02	0.00000000000000e+00	0.00000000000000e+00
11	21	15	16	4.16325003318872e+01	1.88822370373890e+01	3.00000000000000e-02	0.00000000000000e+00	0.00000000000000e+00
11	21	16	17	3.54990173973814e+01	1.88811504509696e+01	3.00000000000000e-02	0.00000000000000e+00	0.00000000000000e+00
11	21	17	18	4.43914350682765e+01	1.46749030801016e+01	3.00000000000000e-02	0.00000000000000e+00	0.00000000000000e+00
11	21	18	19	3.74092443490405e+01	8.51225765948927e+00	3.00000000000000e-02	0.00000000000000e+00	0.00000000000000e+00
11	21	19	20	3.80960112447087e+01	3.05928169576704e+00	3.00000000000000e-02	0.00000000000000e+00	0.00000000000000e+00
12	21	13	14	3.93341348337050e+01	3.03595486556178e+00	3.00000000000000e-02	0.00000000000000e+00	0.00000000000000e+00
12	21	14	15	4.32285782726771e+01	8.24535423433313e+00	3.00000000000000e-02	0.00000000000000e+00	0.00000000000000e+00
12	21	15	16	3.54659741397551e+01	1.34801894889547e+01	3.00000000000000e-02	0.00000000000000e+00	0.00000000000000e+00
12	21	16	17	3.25413938746372e+01	1.57355315106417e+01	3.00000000000000e-02	0.00000000000000e+00	0.00000000000000e+00
12	21	17	18	4.26717830429058e+01	1.34792017824862e+01	3.00000000000000e-02	0.00000000000000e+00	0.00000000000000e+00
12	21	18	19	3.72696833769962e+01	8.24689181742865e+00	3.00000000000000e-02	0.00000000000000e+00	0.00000000000000e+00
12	21	19	20	3.84688366818060e+01	3.03585500389109e+00	3.00000000000000e-02	0.00000000000000e+00	0.00000000000000e+00
13	21	14	15	2.78700498387352e+01	2.99542999860656e+00	3.00000000000000e-02	0.00000000000000e+00	0.00000000000000e+00
13	21	15	16	2.70245976664155e+01	7.85559948096038e+00	3.00000000000000e-02	0.00000000000000e+00	0.00000000000000e+00
13	21	16	17	2.78234785170221e+01	1.17953572787681e+01	3.00000000000000e-02	0.00000000000000e+00	0.00000000000000e+00
13	21	17	18	3.95210693699698e+01	1.17959256715526e+01	3.00000000000000e-02	0.00000000000000e+00	0.00000000000000e+00
13	21	18	19	3.64440085694713e+01	7.85529410345932e+00	3.00000000000000e-02	0.00000000000000e+00	0.00000000000000e+00
13	21	19	20	3.86590503427511e+01	3.00140915527986e+00	3.00000000000000e-02	0.00000000000000e+00	0.00000000000000e+00
14	21	15	16	2.52197225066972e+01	2.95082441543867e+00	3.00000000000000e-02	0.00000000000000e+00	0.00000000000000e+00
14	21	16	17	2.62177182117007e+01	7.25165837669883e+00	3.00000000000000e-02	0.00000000000000e+00	0.00000000000000e+00
14	21	17	18	3.67419589764397e+01	9.43429570766018e+00	3.00000000000000e-02	0.00000000000000e+00	0.00000000000000e+00
14	21	18	19	3.51510530991372e+01	7.25224536388824e+00	3.00000000000000e-02	0.00000000000000e+00	0.00000000000000e+00
14	21	19	20	3.79282934345636e+01	2.94792465739918e+00	3.00000000000000e-02	0.00000000000000e+00	0.00000000000000e+00
15	21	16	17	3.18302092542478e+01	2.85352445643969e+00	3.00000000000000e-02	0.00000000000000e+00	0.00000000000000e+00
15	21	17	18	3.58136973346476e+01	6.28492411569096e+00	3.00000000000000e-02	0.00000000000000e+00	0.00000000000000e+00
15	21	18	19	3.45447594223810e+01	6.28486480894769e+00	3.00000000000000e-02	0.00000000000000e+00	0.00000000000000e+00
15	21	19	20	3.76768259929078e+01	2.85870133560762e+00	3.00000000000000e-02	0.00000000000000e+00	0.00000000000000e+00
16	21	17	18	3.16010712708567e+01	2.69877801346411e+00	3.00000000000000e-02	0.00000000000000e+00	0.00000000000000e+00
16	21	18	19	3.21852274184865e+01	4.71256657263853e+00	3.00000000000000e-02	0.00000000000000e+00	0.00000000000000e+00
16	21	19	20	3.70789941102670e+01	2.69518401673756e+00	3.00000000000000e-02	0.00000000000000e+00	0.00000000000000e+00
17	21	18	19	2.51633745112153e+01	2.35804208589537e+00	3.00000000000000e-02	0.00000000000000e+00	0.00000000000000e+00
17	21	19	20	3.49209997681038e+01	2.35756768146093e+00	3.00000000000000e-02	0.00000000000000e+00	0.00000000000000e+00
18	21	19	20	3.52968374277809e+01	1.57129732355959e+00	3.00000000000000e-02	0.00000000000000e+00	0.00000000000000e+00
0
