7.377385308150454080e+01
8.910430727273624996e+01
7.680728507825247675e+01
1.020331916101725085e+02
1.068181231433690925e+02
5.291557571740853660e+01
8.009235805667574937e+01
6.218143296030311262e+01
6.863245488648888681e+01
5.783524903581054843e+01
7.562798649380788163e+01
7.619405810789136524e+01
3.814620621408933943e+01
5.549580582656167849e+01
5.622191079645629941e+01
5.156197447549610757e+01
3.640457051367518915e+01
5.735309297476861445e+01
4.590076190407965129e+01
5.311983747111201382e+01
5.284840554442878613e+01
6.989668037728891647e+01
6.862312765077149379e+01
3.541010391519554901e+01
5.313431550969382755e+01
6.189679467659884438e+01
4.037212693607900604e+01
6.158653732874824271e+01
6.179303922016212169e+01
4.053492739971089520e+01
6.207072038881031517e+01
4.471584621069294485e+01
5.207775273281117734e+01
5.512517244782196713e+01
5.198620502681220756e+01
4.602527322973159585e+01
6.953433901787470006e+01
6.298221453991182983e+01
3.321907822582480918e+01
5.147416641357449407e+01
6.104154994529445588e+01
4.536673371606774907e+01
4.662232271835074471e+01
5.673956980343910317e+01
4.209561088241726168e+01
5.146164454982962155e+01
5.348988658070626201e+01
3.580128105584572040e+01
5.591916002398820496e+01
4.133463109634903532e+01
5.313300487669018679e+01
2.703636283806814689e+01
4.188769754122382238e+01
4.917757969831122011e+01
3.627313140639451916e+01
2.695905073231650562e+01
5.401271847478660248e+01
3.796187611056068079e+01
5.982980122455929717e+01
5.659039613538319458e+01
4.200397630610564192e+01
3.034254945858882380e+01
6.079802998850294671e+01
4.296022566367606998e+01
3.961042090692559015e+01
4.022108755857448870e+01
4.995542305635682823e+01
3.089953289677302450e+01
4.879834911347535353e+01
5.674913409092697236e+01
4.151587760757184498e+01
3.110496551194213666e+01
6.007477486596550875e+01
5.714442674774716124e+01
4.309241555762420717e+01
6.764022589487937864e+01
4.410887812527743534e+01
4.684515135168408051e+01
6.307867728190762335e+01
5.857100707657966865e+01
4.341655128568850586e+01
3.523161119581924794e+01
6.742343234878354963e+01
4.694029371414475804e+01
7.487986443916150847e+01
7.861619060633674394e+01
5.242577672508465270e+01
3.758814833244498743e+01
6.950108996241593218e+01
7.296140854128979925e+01
4.771302104758923690e+01
5.101980203558586169e+01
3.367058564494585227e+01
3.931205738006529771e+01
3.762653453427579819e+01
3.586854196723715660e+01
5.112547037001023398e+01
3.410411930892941967e+01
3.729679332976782291e+01
4.509318676115587010e+01
4.192890326624670649e+01
3.170202136165198326e+01
4.016398386080611971e+01
2.514583314215116161e+01
1.758053941738317505e+01
3.115763673445253090e+01
3.161683898165556172e+01
2.164073838815231809e+01
2.035700755555437169e+01
2.369149223290480322e+01
3.624800437244878992e+01
3.476418667846455435e+01
2.801409575192855783e+01
3.298805491215034635e+01
2.890626495172150001e+01
2.778655519490587267e+01
3.420740543138439449e+01
2.220264185980035876e+01
2.388862638545358763e+01
2.727069827477284747e+01
2.017789526183000248e+01
3.563623801504146371e+01
3.568643072281155781e+01
2.442425721868363553e+01
2.149518701799255282e+01
2.497601267921139367e+01
2.988785271066338822e+01
3.110449251926550573e+01
2.997830983325763654e+01
2.136941469057872212e+01
2.462787947133264410e+01
2.500534877310782989e+01
2.377553885509958675e+01
2.341884915770711473e+01
3.969725768811730404e+01
3.796301499777337796e+01
2.533713599162163987e+01
2.237088245341179160e+01
2.682724417332480371e+01
2.564785142481626323e+01
2.887108193502634990e+01
2.335888005445411864e+01
2.301725391329225090e+01
2.212077569140533839e+01
1.865472531952659807e+01
2.147766064379089812e+01
3.336011023499639805e+01
2.984722331446488042e+01
1.889347853875403871e+01
2.003757287454121183e+01
1.634242928145413032e+01
1.569015133740575152e+01
1.504294504650973252e+01
1.356834302305165707e+01
1.184375305234209463e+01
1.357388194548097360e+01
1.225293947454099985e+01
1.385361102554407431e+01
2.171719193488531729e+01
1.987513843018695781e+01
2.730015738049794649e+01
2.434060206713314045e+01
2.693423654846224480e+01
2.422766964614848462e+01
2.744501051647944578e+01
3.593339596581776618e+01
3.130530382121312627e+01
3.453029047564612597e+01
3.483550194954342061e+01
3.016963426892278477e+01
3.350875482788823945e+01
4.222011496258060248e+01
2.565223245472131097e+01
3.074440125325806505e+01
1.918840113783041090e+01
2.133579138180154544e+01
2.471074663268418092e+01
3.138290770810861829e+01
3.409379967309275372e+01
7.406487052606451016e+01
7.157653057804009222e+01
7.525771220616832125e+01
5.564389254031237897e+01
7.889111067896914165e+01
5.838041069109139869e+01
7.429866863336140170e+01
6.888835084643940831e+01
8.362236616066728345e+01
3.436175212404390322e+01
9.751016716009230834e+01
1.061504570758077932e+02
5.617151228710796573e+01
4.800146707865290097e+01
8.237258462816221538e+01
1.038240953342238555e+02
3.698642556300015372e+01
3.980184875131871536e+01
6.798072894267971833e+01
4.640955095506397754e+01
4.870445091173249352e+01
3.109880754649178769e+01
9.684397481387389917e+01
9.616057847075647658e+01
5.073799159668708114e+01
5.648493245288601372e+01
4.818629932780667247e+01
2.197113747447301790e+01
7.759716088796265865e+01
6.054279118722327269e+01
4.771866086351772651e+01
5.591670275903765486e+01
2.687638402213196898e+01
3.270885586894746666e+01
5.617304913857095272e+01
6.763979060858859782e+01
4.105933691793905638e+01
2.952866611222258797e+01
3.207822098731319471e+01
8.847901729209415578e+01
7.733787662918976480e+01
8.391488039618209882e+01
5.315993368373157324e+01
5.907492006931050099e+01
4.131797862758111251e+01
2.929260363782473675e+01
4.219029452787976453e+01
2.704444508092410260e+01
6.294133295873754008e+01
7.406847990051694808e+01
8.470818021082354221e+01
5.151037042936604848e+01
3.986926090926598221e+01
4.268801796998952369e+01
5.064317694291097638e+01
3.510230451258476592e+01
2.610508238176440798e+01
6.560209619765099376e+01
6.049945090583155149e+01
5.175685993099417459e+01
4.758600395671156491e+01
4.687467621617206248e+01
5.467648149921420497e+01
2.529503724657704566e+01
3.172243421265565999e+01
7.764741050726074434e+01
7.865005419447831514e+01
8.538267326144364233e+01
6.641811354956172408e+01
5.687264572033046051e+01
3.975847932366639270e+01
5.395630704965945057e+01
6.904847048827009814e+01
4.128690962780759577e+01
3.878339456837059629e+01
3.054868009929648665e+01
2.691993228323820730e+01
7.986504170276596426e+01
7.457967904368396717e+01
5.689156302205142168e+01
5.921743323231041245e+01
6.362627021547773154e+01
7.405999547302032227e+01
5.340945608127231026e+01
5.794397117495185512e+01
3.617644187490035534e+01
3.162581868656612727e+01
3.487102093578613449e+01
3.332645427035009789e+01
7.406487052606451016e+01
7.679590384057941321e+01
7.047696877086247014e+01
7.953041492841136062e+01
8.809605292483340122e+01
7.705080299190245796e+01
9.418262390120318628e+01
8.709287077521948106e+01
5.571743656039028991e+01
7.976887403101601137e+01
7.988121388973748083e+01
9.812340481820316995e+01
9.917964048464277482e+01
5.968345204328952036e+01
4.716531968332121494e+01
1.033490595715552018e+02
1.157074116989359567e+02
8.014597330575065826e+01
7.432641510242324046e+01
7.895244345902221994e+01
8.064476059901801364e+01
1.058572602227521315e+02
1.248798320205361421e+02
9.292518117313944970e+01
9.260344923627324931e+01
8.605070965025166174e+01
8.093580376483507166e+01
1.072747086285685469e+02
1.305472184068376862e+02
1.016722584670701650e+02
1.069740228966877140e+02
9.184356362399594786e+01
3.279354355971464230e+01
8.107196525481458593e+01
1.086347207063052309e+02
1.355541265760801366e+02
1.101011202432185598e+02
1.233300303052769777e+02
1.096734048657129108e+02
3.910475871960454697e+01
8.126462910505283332e+01
8.145748073394638311e+01
1.098152763742751148e+02
1.397166963705136595e+02
1.173898878385242739e+02
1.386784499974556013e+02
1.306803484489578864e+02
4.969702652648286545e+01
4.978370417933840031e+01
1.103430688546551437e+02
1.419092244116271502e+02
1.214406762937549473e+02
1.478089632144567815e+02
1.428925101264926525e+02
8.151177603424650897e+01
3.018222722683677972e+01
8.154288490053103544e+01
1.107022274791693661e+02
1.434630235341442699e+02
1.243903099332009816e+02
1.547535309986125185e+02
1.528677492679552756e+02
6.122712452018983242e+01
6.475487895409166583e+01
1.727907075335043174e+01
8.160666734039831738e+01
1.111274989148672034e+02
1.450351162326648193e+02
1.272982120065840377e+02
1.615727236804223423e+02
1.636315221337197556e+02
6.781292454473977216e+01
7.492092706293830418e+01
2.068717174464558539e+01
8.166908496355722491e+01
1.115057951020617963e+02
1.463772074626507447e+02
1.297646434459865361e+02
1.673929348002594111e+02
1.731728771151177000e+02
7.393576616035025495e+01
8.491916229806015792e+01
8.171062500921136973e+01
1.117761766770428409e+02
1.473658174950825526e+02
1.316051198541886720e+02
1.718221006872113605e+02
1.805696140001007279e+02
7.885572101382832955e+01
9.332798831894508851e+01
4.985569453493547343e+01
8.175031375515550280e+01
1.120168222331366792e+02
1.482178692006097833e+02
1.331782156685801226e+02
1.756041366319502970e+02
1.870064949836468600e+02
8.324487337599390457e+01
1.010779152279319675e+02
3.641579799344146551e+01
6.059220429381361583e+01
5.964315358456077831e+01
3.771444536280955617e+01
8.177997980024554181e+01
1.122031740662825285e+02
1.488868484638759355e+02
1.344198444774453094e+02
1.786169789733086759e+02
1.921868597554242228e+02
8.685285068901312400e+01
1.076336137173553595e+02
4.168586894409347821e+01
7.101597788726006399e+01
7.085227466643091532e+01
4.506982454161399687e+01
3.310732461050783826e+01
8.179329855795404569e+01
1.123167188188958221e+02
1.493388936846274078e+02
1.352873015753917514e+02
1.807874437670918439e+02
1.959451501931048369e+02
8.954396328938786098e+01
1.126882338575343283e+02
4.598954350716148554e+01
7.960401474556253731e+01
8.013810030417373298e+01
5.133176764135882308e+01
3.828451799358181518e+01
4.623502235932267013e+01
8.677333940945138124e+01
1.198156662165977622e+02
1.129697831908759440e+02
1.568197142687561723e+02
1.741108575962580005e+02
8.233839671448852471e+01
1.069492765515717139e+02
1.098710796797629001e+02
7.986665794139942420e+01
8.048565440356597378e+01
5.154456279069890456e+01
3.843519426586594534e+01
8.596285315258593585e+01
8.604472313595748290e+01
1.260601550543447047e+02
1.447207573847212814e+02
7.176538765371164175e+01
9.720678044103561888e+01
1.030413958880728558e+02
8.002622396817635320e+01
5.143188462077813483e+01
3.844269436456784206e+01
4.632996143171538961e+01
6.410868403500609247e+01
9.872509779275895880e+01
1.161334364075658669e+02
6.103033681143882916e+01
8.696410119277584272e+01
9.560999142836313069e+01
4.368996548747621489e+01
5.132459921073074582e+01
3.847044808340908872e+01
4.634676146081662296e+01
3.782286306646493301e+01
7.943955339328071830e+01
9.037704681631672088e+01
5.068776567410289147e+01
7.669741173047800942e+01
8.786300950374905483e+01
4.242835690429262030e+01
7.679068855121835213e+01
3.853931673542663106e+01
4.639070156886065632e+01
3.785377267759195519e+01
3.755210390954984945e+01
5.125157607097214907e+01
3.928748708018336799e+01
6.392103637527104354e+01
7.695982959862156747e+01
3.998994277730801628e+01
7.405999547302032227e+01
7.737410898417270744e+01
6.584259717272480827e+01
4.631968803197542428e+01
3.784642422948769536e+01
3.755646243502462056e+01
3.376353995505980521e+01
5.668051478946652111e+01
6.966253904569673239e+01
5.255537654792750857e+01
3.820114892508331650e+01
7.206525445842457600e+01
7.621131816427246974e+01
5.042029167465555162e+01
3.845105908576802278e+01
4.634657472861882610e+01
3.788114130624136777e+01
3.757546216519132543e+01
7.391135371905886586e+01
5.250965057896117116e+01
3.804136732560474599e+01
7.158906457893777997e+01
7.580566187289421975e+01
5.042935501646446994e+01
3.867862756085468590e+01
6.861425651016426741e+01
4.648388504872940530e+01
3.796252019056632321e+01
3.761044905490376777e+01
5.182555679238636515e+01
3.966810347132852144e+01
3.101794643518582717e+01
6.166561665855986263e+01
6.845237843016491297e+01
4.743362502239556733e+01
3.751507181587967210e+01
4.580170615836634340e+01
3.776201483718576668e+01
3.756604324452619892e+01
3.158886714273652530e+01
2.600891059592984789e+01
5.308170961437273405e+01
6.105818236927433418e+01
4.415117926338946575e+01
3.622426756504334122e+01
4.502510097678287337e+01
3.754335565624687376e+01
3.752225835417684863e+01
2.432898600130286937e+01
4.702977359274611047e+01
5.386352130545154893e+01
4.039026170423766615e+01
3.464298634735159510e+01
4.401558456730825242e+01
3.726019884966880369e+01
3.746804345799277058e+01
3.823555562446625089e+01
4.334186092794870859e+01
3.424026045392329820e+01
3.162581868656612727e+01
4.200962923960577200e+01
3.664527675149808772e+01
3.733256229407836457e+01
2.996568875429742107e+01
2.561493479755419500e+01
2.667240953177111251e+01
3.845859901857070184e+01
3.548703174878851030e+01
3.706616744602597890e+01
2.666751360080699129e+01
2.577420001385107540e+01
3.615133861692840611e+01
3.462265386582309645e+01
3.689472194245888659e+01
3.108794232926972612e+01
3.571274690526971085e+01
3.402890321820490982e+01
3.679227006189118754e+01
3.157629782195283497e+01
3.142118414762848388e+01
3.615506154431415808e+01
2.530939849567032951e+01
3.429872944500120724e+01
3.332645427035009789e+01
