7.231511872587164191e+01
9.838958949123131958e+01
7.411794072005820055e+01
8.870994543274451871e+01
9.474922494937179351e+01
5.313832021398960848e+01
7.524513663548832199e+01
6.697135047793661045e+01
8.035493865366714772e+01
5.986254984745767871e+01
7.140951377010748047e+01
7.388547735133478511e+01
4.158949388612799680e+01
5.360856969555270268e+01
6.461673722018346666e+01
5.211176732703088277e+01
3.750758042555035843e+01
5.523545765846947120e+01
4.988367001223380726e+01
4.941843620458605102e+01
4.820170292649421384e+01
5.946817938482741539e+01
6.086595835429858425e+01
3.517655625404152175e+01
4.721424463012501604e+01
6.068293479380886879e+01
4.420760087581001585e+01
5.558309295209674161e+01
6.625508302216326229e+01
4.826425521695990994e+01
6.103310551124263839e+01
4.334230193883996662e+01
5.139748062107152293e+01
6.184776827069671867e+01
5.175347795806169415e+01
4.554313955189750374e+01
6.655548173905032172e+01
6.481389882382441670e+01
3.817817359998200999e+01
5.378471061370450457e+01
6.870454371439048202e+01
5.859960303336426790e+01
5.091218697898221279e+01
5.842695808141002090e+01
4.919061025951437927e+01
4.305370268702976944e+01
4.963804031261079786e+01
5.806096210678601466e+01
4.219351387623838434e+01
5.549605016655178957e+01
4.087301305715363497e+01
5.282205373362796763e+01
2.969218139661345646e+01
4.304215000981769634e+01
5.198303019598047570e+01
4.212385240455107294e+01
2.844130680514658849e+01
5.035778696598190862e+01
3.817743078168598458e+01
5.712822474825524210e+01
5.269511751700026281e+01
3.875068303777781153e+01
3.139854572615047346e+01
5.594541489792727162e+01
4.296802088551927312e+01
4.263712016872745636e+01
3.847855525127128828e+01
4.566025010009324347e+01
3.080834982736770300e+01
4.866318591926978598e+01
5.637339512315432444e+01
4.293017347168169806e+01
3.033419579411103228e+01
5.354777906726915404e+01
5.023998846649094929e+01
3.778394627513041826e+01
5.818671060849654708e+01
4.491506923598138457e+01
4.297092889563707274e+01
5.688229822560938942e+01
5.298191905167065130e+01
3.961521978223411367e+01
3.396684360462419505e+01
5.847487403670528749e+01
4.596259511747663140e+01
7.270936055747888815e+01
7.652061449965199813e+01
4.907610712344408199e+01
3.604127850048163850e+01
6.165019134380630561e+01
6.148680911625477563e+01
4.897624873974903892e+01
4.691702166876939373e+01
3.455572905143682050e+01
3.564599291317360752e+01
4.084217691932243355e+01
3.586055096652007990e+01
4.477757113701748892e+01
3.637691108839096188e+01
3.542006796527424228e+01
4.202705082630303934e+01
4.042450346546910822e+01
3.157343119818289878e+01
4.537119364359466545e+01
2.399261994770580841e+01
1.873856544885324382e+01
3.082359788854673255e+01
3.059168543146031638e+01
2.689276057453511370e+01
2.342051188650077620e+01
2.603879852611008516e+01
3.375063877535025370e+01
3.233888014461268767e+01
2.815728786595344246e+01
2.920223060422891947e+01
3.043224802045029520e+01
2.730649294362531876e+01
2.714429904175988639e+01
2.330422703673549023e+01
2.286150725400520756e+01
1.532607427212687590e+01
1.441726697970181093e+01
2.440123176197734267e+01
2.517584972037968782e+01
2.335247461872819486e+01
2.016759155150033322e+01
2.066523367595666016e+01
2.660980020437597915e+01
3.122724205307131840e+01
3.026626207558882697e+01
2.527998115320969319e+01
2.512630026670333194e+01
3.040002788876429918e+01
2.672333248793964700e+01
2.628623441719214071e+01
3.761780444619828501e+01
3.617642785872736511e+01
3.442395422954407991e+01
2.963346852629436157e+01
3.155976999950722117e+01
3.098255574651362920e+01
3.527201582924121226e+01
2.315807092861431471e+01
2.621684000588308550e+01
2.603366453050199070e+01
2.567080682031673433e+01
2.550306243458570066e+01
2.647688898761628806e+01
2.565998649148134803e+01
2.644975928056398828e+01
2.340815974464909743e+01
2.449933723877694902e+01
2.068460150500757777e+01
3.296051354910618159e+01
2.472098516964832626e+01
1.574783458944437875e+01
1.492400416444861300e+01
1.582668705647591345e+01
7.406033307404960020e+00
9.296459204559459621e+00
8.900793732580980944e+00
9.456335395879111871e+00
8.367102550977115527e+00
1.290976067577575215e+01
2.328184167663672000e+01
1.390355174996648735e+01
2.203934258426910731e+01
2.034515520546377587e+01
1.901506234484630653e+01
1.706476150186923846e+01
2.663686231891903944e+01
3.026513294158926115e+01
2.559646839075258029e+01
2.104306939111803487e+01
1.649686165811342775e+01
1.545348964276715442e+01
2.500243367375464487e+01
2.769699077319537039e+01
7.951556615175791265e+00
8.507230217274940998e+00
1.498881599513681095e+01
1.666255514456900855e+01
5.399468032032187281e+00
1.092658640374266277e+01
1.194977958775040783e+01
2.016493427766044633e+01
1.940391659215551456e+01
1.166775859900696943e+01
8.189468931786844053e+01
6.879668056294191558e+01
8.162327544570321436e+01
5.463145231403495927e+01
8.644124419298070450e+01
5.553780291761535182e+01
7.322842995004580757e+01
6.714694133210460336e+01
7.786917878055321296e+01
3.676868187181220549e+01
9.384689548586992203e+01
9.827572840372113205e+01
5.565946298294041839e+01
4.214510338077259632e+01
7.920601845473697722e+01
9.860089640733797012e+01
3.630926106539232023e+01
4.304779534353060200e+01
6.463279882424771472e+01
5.016676752865085831e+01
4.882586878865780022e+01
2.578506208357086038e+01
9.248651959154655344e+01
9.588937175148740266e+01
5.402240575673044276e+01
5.325582949200219218e+01
5.175120257051778339e+01
1.707726772734586618e+01
8.070265206841131089e+01
6.285988991184608921e+01
5.480065583141951890e+01
6.569432062576873932e+01
2.871412317564958627e+01
2.744066061701473913e+01
6.415701958499428770e+01
7.228098787036127248e+01
4.715892966536794972e+01
5.193300782850710817e+01
2.640911196950004936e+01
1.939736903355981923e+01
9.570070104436103975e+01
8.488325612050374502e+01
8.110001163817527470e+01
5.997417704068833189e+01
7.465223022695990096e+01
4.351222428555312405e+01
2.957780622873902487e+01
3.469944846680837713e+01
1.652464225601569936e+01
7.234341714206816221e+01
8.698164275910235688e+01
1.019541927516727213e+02
5.942807828205231857e+01
5.043348088537426577e+01
3.958664953154885069e+01
4.988383085717252641e+01
2.859135756917572380e+01
1.515786002045403791e+01
7.402929842399652216e+01
7.548238254922904389e+01
8.341305584527817985e+01
5.512012017708750733e+01
5.006513234437097992e+01
4.137647100875958017e+01
4.689920974690580380e+01
2.090602565020661174e+01
1.811367320234678857e+01
8.917227679185999989e+01
9.254251161419618654e+01
1.129111062952018898e+02
7.454590243323603715e+01
6.856410782369921719e+01
4.434362111848729171e+01
5.138226430675834422e+01
6.559696590975829622e+01
3.655177971213083055e+01
3.661895008633055681e+01
2.555976821912843633e+01
1.290067950970559707e+01
8.900571524041193072e+01
9.150964485980189522e+01
7.657151781827109005e+01
6.429533054651439272e+01
6.532983046784504211e+01
7.975934478064309019e+01
5.075874360519306094e+01
5.404469439926614882e+01
3.675233869883004445e+01
3.036478591711070152e+01
2.722547953348425054e+01
2.624049031991642522e+01
8.189468931786844053e+01
8.266872197384921606e+01
6.703564786278855081e+01
8.595771972704456232e+01
8.585748799894864192e+01
7.994390558526569635e+01
9.468300894770989373e+01
9.783253663507122155e+01
5.654516274982375990e+01
8.684728610287325523e+01
9.989692260592049422e+01
1.143849946122382732e+02
6.225878376439282391e+01
4.600634603909998788e+01
8.725492591260398001e+01
1.052898683219402756e+02
1.334802586000803899e+02
8.267102046552928130e+01
7.138471590316798654e+01
7.631965898251695535e+01
8.809036505845888598e+01
1.081907172700178563e+02
1.448607047777982189e+02
9.590806435065570668e+01
8.765238218827887806e+01
8.261220295216791953e+01
4.144036986800801969e+01
8.848939663718716986e+01
1.097225387562925221e+02
1.516216367749080121e+02
1.046906130742931538e+02
1.001891415638449843e+02
8.735864902067081061e+01
3.435068305222298335e+01
2.046665576967289724e+01
8.864313186966829505e+01
1.109912441354309180e+02
1.570894703281836087e+02
1.127544307026857240e+02
1.144964158115303405e+02
1.046749435115376059e+02
4.289838679842659275e+01
2.993575344699508278e+01
8.880700122198138047e+01
3.379522613847866097e+01
8.901687767041782706e+01
1.122104157149760653e+02
1.619353876423708414e+02
1.201458165332332015e+02
1.285028926575355115e+02
1.246758381787255843e+02
5.478743737175863515e+01
4.326714682061486172e+01
2.956490527878709784e+01
1.128227625981011499e+02
1.646769346276970793e+02
1.244756679250897520e+02
1.372095957040153280e+02
1.372565761672891256e+02
6.258226476096717050e+01
5.312629720602642891e+01
8.909010308268119616e+01
3.541157680346690739e+01
9.948175576130431352e+00
8.915073632318488706e+01
1.133003947499516073e+02
1.667861615096589105e+02
1.278543928673622929e+02
1.442232407316098772e+02
1.480647592237301353e+02
6.987958461066986615e+01
6.298229943752127724e+01
4.422576406052940001e+01
1.481894069618589427e+01
2.476493382957789180e+01
8.922264743693662581e+01
1.137511496172944305e+02
1.686419944627698442e+02
1.308124147583143895e+02
1.504123026942163222e+02
1.580951227580308966e+02
7.703092692682098175e+01
7.297164180422520019e+01
5.426904445978731673e+01
1.989132644844397291e+01
2.999579055714551856e+01
2.332017283445304656e+01
8.929540445675728222e+01
1.141589089264148384e+02
1.702507708394760186e+02
1.333711497015257521e+02
1.558068209381233657e+02
1.671986087509206129e+02
8.383944471577085267e+01
8.285354275964509441e+01
6.638236556677196631e+01
2.626656289514761156e+01
3.897770594571866809e+01
2.773551465585573439e+01
1.172597536747078273e+01
8.934779459926213008e+01
1.144652090772480051e+02
1.714782193623602211e+02
1.353404062802700878e+02
1.600273051742088057e+02
1.744855910552875287e+02
8.950581492380085535e+01
9.148966844159191680e+01
7.847923501589215789e+01
3.310868292991326456e+01
5.079325915498557720e+01
3.830117974391183111e+01
1.903901676799827314e+01
9.663511525857019890e+00
8.940114818110264139e+01
1.147492186204488434e+02
1.725720344500516887e+02
1.370818241613849864e+02
1.637507421612975236e+02
1.810464311151393133e+02
9.472815514014686755e+01
9.961751646665338455e+01
9.121809265561718405e+01
4.059941767701796778e+01
6.492189205951451925e+01
5.204627788663268717e+01
2.901620977620004282e+01
1.796450534547079059e+01
2.455210693498305830e+01
8.943479742604299076e+01
1.149476744197599061e+02
1.733662079830996845e+02
1.383559407948647220e+02
1.665125796325744147e+02
1.859212729946082447e+02
9.868581918395685193e+01
1.060393484563822852e+02
1.016401491295281829e+02
4.706713092985351210e+01
7.696133237867269372e+01
6.364543844688550678e+01
3.756980836263788603e+01
2.468337762117818812e+01
3.313709861900351683e+01
1.785226582458873423e+01
8.945565848614921833e+01
1.150891508759068387e+02
1.739579402060281552e+02
1.393166360604551528e+02
1.686263763850313921e+02
1.896763160087441804e+02
1.018025476644160534e+02
1.112762696855896252e+02
1.106500258466692372e+02
5.293998098261284468e+01
8.839205240013070863e+01
7.530372827678856140e+01
4.670876271950786673e+01
3.253466694793846159e+01
4.631927324052970363e+01
3.342111786921665839e+01
8.674146879065486360e+01
1.369192476747334126e+02
1.144351237376746724e+02
1.443050133303681548e+02
1.664212040070764260e+02
9.222925192264729333e+01
1.043834429390280150e+02
1.335158440234623924e+02
5.245090254311191558e+01
8.806677098981617746e+01
7.541100961616517395e+01
4.699362393340079791e+01
3.271230641106504322e+01
4.637549866314510894e+01
3.000189589100516585e+01
3.343916289497325778e+01
9.950761910555770839e+01
8.778449819680439248e+01
1.166884681103403096e+02
1.386462153876107095e+02
8.011364340032376674e+01
9.476942389083470175e+01
1.239869142897793921e+02
1.019889965949448225e+02
8.675326971393032238e+01
7.494928053374013643e+01
4.705875801819134807e+01
3.280295242212893214e+01
4.636851404491523709e+01
3.001631169187587389e+01
3.345125708366956019e+01
6.163056886069401230e+01
8.884030103006791990e+01
1.094276623466800373e+02
6.684485228444872007e+01
8.371775180698921304e+01
1.125534490134558183e+02
9.515228498999208284e+01
4.934416945682151123e+01
7.416820248776684821e+01
4.704262052027048213e+01
3.287523125576844052e+01
4.633765942257415560e+01
3.002706674700115030e+01
3.346340027179497412e+01
8.481942538405614584e+01
7.411716536088691498e+01
8.780846035471108735e+01
5.618423224387586146e+01
7.505861308281058086e+01
1.027267050891578748e+02
8.893217920268442356e+01
4.797532118416127389e+01
8.341838554267317818e+01
7.382898990731118261e+01
4.734872361044619282e+01
3.312052234443835630e+01
4.638930777819266638e+01
3.007023015638656815e+01
3.349004526627928868e+01
6.476124816573455689e+01
4.341473531565917199e+01
6.330745908208741213e+01
8.842500792934099252e+01
7.891989196065550516e+01
4.489619177398857630e+01
7.975934478064309019e+01
7.208962457131407575e+01
4.708074964931850559e+01
3.313675477691483451e+01
4.628475407551086818e+01
3.006993248870870872e+01
3.350244225776698670e+01
3.511270701778174441e+01
5.629599093958886868e+01
7.685241542435041140e+01
6.911154569548784821e+01
4.196445553442202936e+01
7.602073708043057820e+01
7.034282719507537252e+01
4.697293542055495408e+01
3.327267186929389453e+01
4.621444859382189208e+01
3.009107479480604397e+01
3.352655808450582953e+01
6.705862749871336348e+01
7.669498542309273148e+01
6.203369469891482169e+01
4.042053386192869624e+01
7.335198863052877982e+01
6.923738791430091055e+01
4.741707265785620962e+01
3.372418376162601561e+01
4.626495744280521905e+01
3.016497200544968749e+01
3.357534137993719980e+01
5.619503238883850571e+01
4.418112548220762648e+01
3.297784766260917877e+01
6.291371423058733114e+01
6.280644504682358331e+01
4.528134797228334207e+01
3.306832561132687687e+01
4.564948793416397876e+01
3.004770563469435984e+01
3.355967428323607749e+01
2.537666781144749706e+01
2.440132947483361292e+01
5.021318060477758394e+01
5.431447328586084211e+01
4.215305736362518729e+01
3.202887022168490461e+01
4.473543652831622097e+01
2.986700160291985640e+01
3.353197847826154288e+01
2.562391932156407037e+01
4.451805375470475923e+01
4.866409698067686662e+01
4.060799806249188748e+01
3.175545176842767248e+01
4.400452620167043705e+01
2.978476607708781998e+01
3.355633179009904410e+01
3.291147326987163524e+01
3.858592882555677761e+01
3.655744914865610440e+01
3.036478591711070152e+01
4.241526424968547815e+01
2.950108300718684973e+01
3.353511116337450204e+01
1.873338181919899625e+01
2.518300194376099199e+01
2.499036205048811965e+01
3.829940292170000049e+01
2.849755745955821595e+01
3.330109683439069812e+01
2.322050002473622143e+01
2.320099308431893448e+01
3.443859289872393958e+01
2.761990572213379025e+01
3.318234309188358822e+01
2.189221563752109745e+01
2.844931228590670003e+01
2.599707425286201001e+01
3.293476597655567417e+01
1.675361403508109248e+01
2.162164503644150315e+01
3.190834242170842572e+01
1.351689423503858656e+01
2.928003265247032871e+01
2.624049031991642522e+01
