8.384067295513330009e+01
1.065066919704918149e+02
1.352782664697920723e+02
1.470581831734661193e+02
1.798071896168161175e+02
1.981579992905296592e+02
2.099441047826130671e+02
2.606101479545133088e+02
8.824375033778032673e+01
1.122178330942679025e+02
1.256011521797277624e+02
1.554144453453740766e+02
1.743271626772372258e+02
1.856584150777562741e+02
1.950204089432806711e+02
2.553947394197339804e+02
1.539120413190656507e+02
1.693713103966354083e+02
2.158791018307918250e+02
2.219013950460429498e+02
2.190077220695044105e+02
8.480801874965298737e+01
9.801093218692020059e+01
1.237367633355097212e+02
1.422397281713023176e+02
1.546299842590450737e+02
1.617941083799655360e+02
1.946219781576992887e+02
2.113221499802831147e+02
1.570384357092152925e+02
1.909115333469769382e+02
2.102578968683866094e+02
2.130467230355409072e+02
2.185221783582693433e+02
1.393715217191378315e+02
1.512924274305513563e+02
2.071102983984001185e+02
2.000953812244516996e+02
2.119494193651049727e+02
7.392038759816387028e+01
9.675869622821424798e+01
1.163217621467510128e+02
1.306494959545727284e+02
1.396320234014444281e+02
1.473866824122006847e+02
2.023626415242480050e+02
1.906498263710845151e+02
1.520927084476251139e+02
2.097021042464681102e+02
1.985010530511866307e+02
2.049916054605970999e+02
2.380081489389450269e+02
1.404729205432892343e+02
1.702355753738865474e+02
1.948998087362513161e+02
2.042454235408658860e+02
2.143296447311313955e+02
9.355919376993182368e+01
1.135876364266620726e+02
1.304711061082072945e+02
1.409532358822340541e+02
1.478291101435112296e+02
2.065491246739364044e+02
1.976081879764280700e+02
2.083736624292529882e+02
1.973157422231703606e+02
1.843390795608546284e+02
1.990795021636715205e+02
2.134191783118247940e+02
1.856009353739491985e+02
1.795488712079903451e+02
1.914122433244421018e+02
1.943589169208609917e+02
2.274360136227224132e+02
1.277702702493770914e+02
1.812584790325913389e+02
1.788795511426410485e+02
1.918504070789140883e+02
2.284078360792544800e+02
8.361462920449042713e+01
1.002434089733562104e+02
1.115887306304977926e+02
1.163019664627675809e+02
1.649159777436918262e+02
1.662027576799931978e+02
1.582470628027959094e+02
1.756531798355308354e+02
1.661101250550989903e+02
1.872992805151864957e+02
1.859840093988454726e+02
2.053472697937110638e+02
1.714052561322085353e+02
1.646966928066457854e+02
1.843856161716300051e+02
2.021500798390092939e+02
1.600326824491820901e+02
1.587233769384592392e+02
1.748762834272183397e+02
1.825822759682303342e+02
2.188617662599804987e+02
9.258154231020081681e+01
1.095940797102798143e+02
1.572412512611692250e+02
1.606092845404759260e+02
1.514081969956093019e+02
1.730855000952625176e+02
1.763709054033098766e+02
1.071386982950065487e+02
1.924987794315600524e+02
1.748048652997127874e+02
2.035544437082159561e+02
2.349167115102368939e+02
1.618843609464522899e+02
1.830209829804660444e+02
1.809322000880891892e+02
1.921903211362328818e+02
1.407771612122456304e+02
1.623559807503781940e+02
1.670994291021132199e+02
1.894133904944338838e+02
1.433347294388745183e+02
1.422442044478341359e+02
1.657458816053277815e+02
1.860865023086039116e+02
9.007390724670976567e+01
8.812771091929299416e+01
1.285466229555204620e+02
1.334594200518770890e+02
1.286430655170431123e+02
1.407304976384299664e+02
1.617949142361933923e+02
1.628404276569418698e+02
1.697459682902688201e+02
1.633863564595246771e+02
1.899581233875412920e+02
2.260512656562251266e+02
1.674954961699551177e+02
1.562072460401337253e+02
1.842539702541202473e+02
2.178123387476887558e+02
1.355978249952638635e+02
1.573145629055523216e+02
1.596737699367167522e+02
1.744150306447055527e+02
1.163721401803658324e+02
1.368733808295786503e+02
1.461710981133885241e+02
1.697360905787647027e+02
7.348245853809385153e+01
1.059896243298510257e+02
1.111871789570407003e+02
1.093563487433146832e+02
1.208000036108931852e+02
1.413304111483772942e+02
1.345007468985576793e+02
1.589734581418585435e+02
1.374699616446144717e+02
1.762665197408361166e+02
1.732831622932788491e+02
1.483401674163352197e+02
1.444697941314533125e+02
1.709579720660422879e+02
2.080376881595761915e+02
1.390332367042470594e+02
1.335959886128262326e+02
1.585735888317035176e+02
1.918815890760972138e+02
1.128446611189042699e+02
1.332271191152872234e+02
1.378795953304362172e+02
1.535082277696273536e+02
9.160781088770048086e+01
9.662768923308951230e+01
9.744971371510352753e+01
1.082965820994778170e+02
1.276217776894054481e+02
1.290303619887475577e+02
1.260998152510498898e+02
1.503945573831827573e+02
1.809916446017977023e+02
1.680090075516866932e+02
2.264875313251052091e+02
1.553003225672723318e+02
1.693015844965026702e+02
1.662461397105257390e+02
1.226886011832824295e+02
1.561618467993364732e+02
1.568940924967363628e+02
1.267045798013705564e+02
1.249615804007984252e+02
1.502340629045602043e+02
1.868765265050365372e+02
1.197936371672256826e+02
1.191226199604781186e+02
1.420974043130883615e+02
1.755184654203865762e+02
7.854161791117731184e+01
8.436699505674891952e+01
9.623656590906752228e+01
1.153190659052998512e+02
1.193700464397786476e+02
1.104439863541296774e+02
1.382190079258811863e+02
1.411794405470775189e+02
1.642399172302843624e+02
1.652150608451344738e+02
2.274459917270331459e+02
1.677970745979391438e+02
1.569596895958870277e+02
2.143477465706151861e+02
1.422344767782433053e+02
1.580889242329025421e+02
1.573300911192134208e+02
1.163576625395885884e+02
1.453448454385862192e+02
1.494885376402173449e+02
1.233690404484931946e+02
1.241567477011120673e+02
1.522856491898847935e+02
1.942610234665042412e+02
8.495088234602404498e+01
9.713234344373594809e+01
1.178715849057011837e+02
1.256546763483196116e+02
1.199171431298590136e+02
1.403121650610003996e+02
1.597806095740151591e+02
1.623956483756296620e+02
1.513294508825713933e+02
1.641444065633479283e+02
1.469753788845567328e+02
1.499717119574503670e+02
2.114021908760608142e+02
1.493413624547044094e+02
1.412075412428828258e+02
1.961605574686640807e+02
1.245478060365029194e+02
1.428020616702370091e+02
1.456371791289734006e+02
1.068372637082187140e+02
1.315482941164594592e+02
1.404041025648318737e+02
8.129827488965207749e+01
9.361690603338347216e+01
1.012683757716716570e+02
9.936021318548992554e+01
1.121447520644228462e+02
1.327004385007275573e+02
1.262495599208008059e+02
1.780753291045601259e+02
1.446621142885842062e+02
2.231636998199980439e+02
1.281352873797077336e+02
1.412167059824563751e+02
1.223143877719450785e+02
1.272906582284718553e+02
1.847609748396473606e+02
1.214786292321361714e+02
1.171337333855202161e+02
1.676893107852188507e+02
9.185894799495838470e+01
1.088270628470873334e+02
1.136429983135873698e+02
6.452853661867894175e+01
7.179774727944548829e+01
7.428330432879630507e+01
8.026161258360950512e+01
9.706103143602076955e+01
9.229976163264893785e+01
9.662069889314300042e+01
1.426836590068255077e+02
1.375758815464282918e+02
2.124501291259045956e+02
1.221181010976694097e+02
1.909798463215647075e+02
1.079025010528440447e+02
1.207918517355669508e+02
9.476392907282318845e+01
1.002542509705931337e+02
1.496504316452844705e+02
9.120149822869713319e+01
8.746645162978903443e+01
1.259645350207511569e+02
6.083892189039068654e+01
6.877583235503426806e+01
7.062526057746430297e+01
8.785164232601336209e+01
8.327029215752239111e+01
8.527070184938550312e+01
9.533568728194154573e+01
1.454445865103327833e+02
2.599565534997044551e+02
1.182011882461112009e+02
1.870337181000301143e+02
1.041789382789593219e+02
1.651118480190521041e+02
8.432880630840934089e+01
9.500925381192578811e+01
7.906060853211111805e+01
8.486835214741856248e+01
1.295504507837603683e+02
6.368754580055227166e+01
6.159182291949228016e+01
8.081419873581333491e+01
7.665406237791570732e+01
7.988542852520990323e+01
8.739657191625101973e+01
1.385331277718887293e+02
1.025513429802662273e+02
2.172572437226083935e+02
9.462849863786524907e+01
1.539338393674228200e+02
7.892190624825923351e+01
1.262918141569445964e+02
6.827576550350981677e+01
7.841776057617308027e+01
4.460613537434389286e+01
6.226289824283225016e+01
5.804544474036198665e+01
6.163931970263232785e+01
6.799611608826094766e+01
7.496245085925934859e+01
1.244899082225696247e+02
8.296362613608798142e+01
1.619394026657932386e+02
6.825860672032892751e+01
1.153088036136369823e+02
5.482205109813195776e+01
8.913981667833044753e+01
4.466256401226841177e+01
3.902311440022927513e+01
4.256271736185262000e+01
4.729061199845140351e+01
5.286661128577793534e+01
1.141900771077997234e+02
5.836045325940573036e+01
7.343595409226016102e+01
1.435366015870753245e+02
6.529867377819581975e+01
1.110401091968156493e+02
5.683960655249251204e+01
6.101677784711802133e+01
6.566044793318002348e+01
7.240573938815731481e+01
1.550795264117234638e+02
7.531836394175580551e+01
6.294704462777792031e+01
1.296564272774224094e+02
3.919949593809654687e+01
4.460910481046476406e+01
5.191705353202485895e+01
1.151226532558925726e+02
5.886098259461716964e+01
7.169027927907126241e+01
5.219555572934878995e+01
3.885423948006188510e+01
4.292795873890358394e+01
9.139725106117899145e+01
4.838504125428571001e+01
5.884984293004325906e+01
3.745628943530913801e+01
7.213887040242897797e+01
3.982614968995864757e+01
4.784880796888506183e+01
6.037505874122201988e+01
3.544502882401404520e+01
4.169856720243576120e+01
2.913058891312319076e+01
3.277725488332383463e+01
4.425181993879130005e+01
1.038613266205081231e+02
9.774329082076678787e+01
9.614322797599858461e+01
1.063847413896448160e+02
1.432265663322508260e+02
9.467229665751050049e+01
1.429206060594023029e+02
1.062100393508813880e+02
1.398442047626840008e+02
1.009569138853933339e+02
1.787931632526974113e+02
1.772109363718967359e+02
1.377025804039946024e+02
9.727538100666183141e+01
1.781245797320114264e+02
1.940026294436003411e+02
1.385891810147402339e+02
1.007079177515980035e+02
1.716021052775873841e+02
1.808583961008617678e+02
1.286413455279702589e+02
8.754965953620836672e+01
1.985309245892914021e+02
2.142779322506460460e+02
1.605533051264454514e+02
1.667646709541118355e+02
1.232864478514531186e+02
1.028350566942135487e+02
1.974874814939701366e+02
2.053426995764126843e+02
1.569527623634232327e+02
1.619756306738261742e+02
1.300085421885414405e+02
9.272403601299176046e+01
1.898244150130562673e+02
1.945802497892691463e+02
1.616977042919071721e+02
1.564371266663564768e+02
1.346017291360201114e+02
8.200202581318109196e+01
2.193001478840553773e+02
2.249958694651002986e+02
2.269621784092599057e+02
1.898910031720789675e+02
1.855160781802732686e+02
1.616503488290912287e+02
1.883032988908692005e+02
1.136527796177050931e+02
7.991911872855182253e+01
2.215368464549086696e+02
2.169597361384757619e+02
2.174516986122732760e+02
1.895094920470040734e+02
2.029101462143418928e+02
1.549495607437607418e+02
1.652223306965244092e+02
1.013286695891789151e+02
7.572163104991059868e+01
2.193047879432062359e+02
2.279951752617732836e+02
2.156873837894518147e+02
1.820413824830396550e+02
2.107343861807252949e+02
1.371860880658547615e+02
1.344785462446712359e+02
1.040210251401485806e+02
6.382728862816135518e+01
2.479068543546679848e+02
2.535920396055612684e+02
2.422451851383643771e+02
2.093892725116078850e+02
2.307505161582710400e+02
2.614366427785193991e+02
1.790178941887473343e+02
1.805531873111457912e+02
1.281596032443664797e+02
1.315451733733150377e+02
1.011514446583207558e+02
5.901184338427174225e+01
2.373590729447843160e+02
2.538962744590211571e+02
2.667649498151521357e+02
2.032768622409812735e+02
2.232710015754414030e+02
2.313935372145076599e+02
1.622269192852906770e+02
1.583453785025866978e+02
1.211528479546538364e+02
1.343101808030145605e+02
8.135646888484157557e+01
6.071670797869144565e+01
2.622935604762203639e+02
2.756121670466105229e+02
2.817770995817019752e+02
2.647081366605655148e+02
2.290548510702629130e+02
2.456638776432734232e+02
2.768783566116052839e+02
1.998116480825574968e+02
1.970524227251939919e+02
1.872214847949732075e+02
1.478174903600107370e+02
1.584359558943187949e+02
1.142200669084442524e+02
1.221033134075310471e+02
8.286277453383613079e+01
5.312247602740571750e+01
2.559635061875037820e+02
2.694207725501520372e+02
2.916577492668495779e+02
3.274723699766138338e+02
2.250805310188688111e+02
2.389211514680224298e+02
2.356709608060579910e+02
1.834495094030164921e+02
1.852080734689926373e+02
1.846821981211929256e+02
1.374806041579119835e+02
1.524370737672560949e+02
1.127353865332369480e+02
1.001457658204563756e+02
8.364843316863826317e+01
5.311975418379572744e+01
2.524703412674871572e+02
2.645430523763509427e+02
2.844674677629967618e+02
2.923782595125563262e+02
2.211589234085238900e+02
2.217277628625478201e+02
2.109540505774088217e+02
1.652838708078262471e+02
1.794292337510003108e+02
1.930020057042642065e+02
1.386041368566421284e+02
1.301003007275358812e+02
1.078926210777681547e+02
1.215169651059613898e+02
7.886302462116654510e+01
4.776239815534108146e+01
2.757958740728876705e+02
2.854988295740650415e+02
3.019384780059870081e+02
3.371469032251529256e+02
2.457207805427793801e+02
2.611801143235656468e+02
2.526198795406484976e+02
2.377308133938290666e+02
1.981944747515136100e+02
2.039573908192853082e+02
2.130733120128725488e+02
1.649399308623671061e+02
1.642506113901735603e+02
1.705066862956699651e+02
1.374169252081844661e+02
1.365414070655398859e+02
1.089532377121106492e+02
1.183927921965951953e+02
6.956142612448537932e+01
5.107761249771547085e+01
2.583219859147388320e+02
2.721977177973683979e+02
2.842896534955548304e+02
2.781053251060286584e+02
2.230973311782308031e+02
2.266102780466073625e+02
2.242459153005654287e+02
2.216190120923243398e+02
1.795174067595373799e+02
1.808324648737801397e+02
1.952649391188192283e+02
1.510660970669049732e+02
1.486623066417274686e+02
1.284408774050171758e+02
1.219670096689308849e+02
1.370340310766953849e+02
9.209665201903895593e+01
9.407757156160118939e+01
6.098249933529928768e+01
3.887067398579250010e+01
2.488201353211846083e+02
2.660352240789443954e+02
2.626714617944629708e+02
2.477918720372631753e+02
2.107470218349565414e+02
2.053239864858420844e+02
2.183535167558549119e+02
2.328001888497998948e+02
1.762110726918528769e+02
1.789367624975401725e+02
1.650281755879636876e+02
1.427279399450970629e+02
1.470646284410231601e+02
1.617779855956713106e+02
1.180886416541469117e+02
1.262223862949363422e+02
8.178066490974197222e+01
8.373237935844662161e+01
5.629195319969599609e+01
6.293986502338611189e+01
2.442504079398266299e+02
2.375614146654321530e+02
2.405078625288035141e+02
2.491700709439449781e+02
1.982738890002760286e+02
2.013196349409097934e+02
1.982230546800670936e+02
2.037532860642741923e+02
1.688240779018877902e+02
1.703396173208950870e+02
1.649537230047560570e+02
1.374123615231062843e+02
1.523953153792872683e+02
1.611184067365937551e+02
1.090917037292648644e+02
1.098101730527209838e+02
7.250988120020379313e+01
7.746296284164422730e+01
7.203069034885812982e+01
2.514126455020661055e+01
1.038613266205081231e+02
1.116939754796948847e+02
1.047152765557357839e+02
1.116191321090218764e+02
1.245980303439867356e+02
9.918912996734803755e+01
1.107720847103677073e+02
1.334450210253253601e+02
1.328790347952865716e+02
1.167796372239013039e+02
1.093755019496190641e+02
1.349383631432268942e+02
1.509150394977160943e+02
1.526404033384157515e+02
1.035604862793447154e+02
1.081928441935193206e+02
1.343292590763462329e+02
1.595538899973117850e+02
1.769983559999628255e+02
1.367690046451772901e+02
1.117702686546207929e+02
1.073010355526119923e+02
1.333125867634675217e+02
1.636835528693635240e+02
1.924832193737519788e+02
1.627919080696740650e+02
1.453563012609908753e+02
1.052750486331385105e+02
1.066484475952697153e+02
1.323921762819482808e+02
1.658228078184416461e+02
2.027859909999627348e+02
1.832390044039113377e+02
1.750324650618552766e+02
1.328354764978328717e+02
9.365921823698120363e+01
1.061413787559380211e+02
1.315776651064198290e+02
1.669081403602227169e+02
2.098782596471224053e+02
1.999655289902341337e+02
2.045449460395096253e+02
1.696033885851729224e+02
1.309385591238301174e+02
1.018439116188734772e+02
1.054932357929232154e+02
1.300262751717904166e+02
1.654006600720590825e+02
2.101701410603028535e+02
2.058059335194884056e+02
2.183339023643006271e+02
1.897380385492687367e+02
1.522720627925951646e+02
1.209981188085710926e+02
9.066199663558165867e+01
1.050357082431549287e+02
1.289479302499974835e+02
1.643735239969023780e+02
2.104841462944779380e+02
2.104110570380230740e+02
2.298780272220993197e+02
2.080531940182862343e+02
1.736739896833409205e+02
1.424594168214994454e+02
1.137386946543333437e+02
1.010827311882180055e+02
1.047536680094654002e+02
1.283402825227155120e+02
1.640247795493442027e+02
2.115572028385442991e+02
2.151558316159508593e+02
2.410876079982326701e+02
2.262015676737251226e+02
1.963605233987852046e+02
1.669672459254701948e+02
1.401754882577328090e+02
1.319934354481009393e+02
9.382065096472979349e+01
1.045182037848405656e+02
1.278139548785876656e+02
1.636075485743824913e+02
2.120408213779635105e+02
2.183289952561914902e+02
2.492645202446793462e+02
2.404459042652107144e+02
2.154453236778497853e+02
1.889542915070182687e+02
1.649218750330239232e+02
1.638850132222427476e+02
1.179712355794811458e+02
7.354206514761027336e+01
1.042957761848238789e+02
1.272798784434659325e+02
1.629960111913975140e+02
2.117910169699825644e+02
2.198568935908998867e+02
2.542241499958281281e+02
2.501302460256101767e+02
2.293407844024550855e+02
2.056781788694462136e+02
1.843991576251384856e+02
1.904825463980649261e+02
1.405468392520859879e+02
9.105249931652075190e+01
6.992399899507638850e+01
1.041365200315895834e+02
1.269129354604092441e+02
1.626306176048205430e+02
2.118225477612443228e+02
2.213864494015487878e+02
2.587113869575831018e+02
2.587617354496838402e+02
2.419866463976045168e+02
2.214270094097922481e+02
2.032220236090316803e+02
2.168816548096310726e+02
1.637239664900833134e+02
1.090904007353117606e+02
8.762017690497705757e+01
7.106228346933488638e+01
1.040436271411717968e+02
1.267318107623026435e+02
1.625873443941958101e+02
2.123622800694888610e+02
2.233769476460101657e+02
2.636076905530667318e+02
2.676067266494807768e+02
2.549318332188541376e+02
2.380517850991346904e+02
2.237142923780691319e+02
2.463004456181918158e+02
1.907010456316445470e+02
1.299652444260697450e+02
1.054102294982981647e+02
8.545387596148961507e+01
5.500660694638403925e+01
1.039273970294397316e+02
1.264593336201332505e+02
1.622803520969109456e+02
2.122461772515746361e+02
2.241864963317674153e+02
2.663346272144958107e+02
2.733052197072265130e+02
2.639784639718125732e+02
2.503642163152464661e+02
2.397820431284550864e+02
2.711043471019884805e+02
2.154545192158878990e+02
1.512893132977008008e+02
1.265501875834678742e+02
1.081358799612396382e+02
7.542176450916839769e+01
4.774536704514608232e+01
1.038202992004779901e+02
1.261994529081343757e+02
1.619467572192194496e+02
2.119721372496524054e+02
2.245668289233029498e+02
2.680871351461728977e+02
2.773426466082572688e+02
2.706830587853569341e+02
2.597218208363022995e+02
2.522630058035384764e+02
2.910450086575261821e+02
2.357514601434886288e+02
1.689108658051458463e+02
1.434716344574910636e+02
1.249224289948117956e+02
8.800327131478289289e+01
5.379832655061567692e+01
6.496752532330384611e+01
1.037424555199205400e+02
1.260201988320154101e+02
1.617513062898374869e+02
2.119133821148045911e+02
2.251320637981223172e+02
2.699603252034297611e+02
2.813049437312354826e+02
2.771535865628418378e+02
2.688690921996691259e+02
2.647081366605655148e+02
3.112910065518802867e+02
2.571983555552162670e+02
1.884381724327691643e+02
1.635356776683540261e+02
1.463635295384945323e+02
1.065790619639792709e+02
8.096704806593119486e+01
4.866718280528893104e+01
1.036821829076609163e+02
1.258864940055779584e+02
1.616241538268839975e+02
2.119381063094582203e+02
2.257115612156748341e+02
2.717029730703729342e+02
2.848800411874343581e+02
2.829738318505517896e+02
2.771852711669911855e+02
2.761997739584724627e+02
3.303231117064296427e+02
2.779107729456271159e+02
2.078579192728330156e+02
1.841308524869853045e+02
1.689915195205642817e+02
1.268074978923415870e+02
1.002070816661030648e+02
6.734145242820757460e+01
4.762981153829096570e+01
1.036276282031581957e+02
1.257630107463397735e+02
1.614943130573208521e+02
2.119120249911018163e+02
2.261280665990560692e+02
2.730528535626668827e+02
2.877438503178566975e+02
2.877344260800992970e+02
2.841078205607118434e+02
2.859505348803973561e+02
3.468878335680980740e+02
2.964390187653414159e+02
2.257384770217030905e+02
2.036413425665778902e+02
1.910435259126305141e+02
1.471836219417840823e+02
1.219325002128690443e+02
8.933855006552933276e+01
6.496050709785870936e+01
4.719884338882165054e+01
1.035796078808946561e+02
1.256535375574573692e+02
1.613745946064156840e+02
2.118696515282209702e+02
2.264488861206500303e+02
2.741412409976302342e+02
2.900994591149610642e+02
2.917021608754002955e+02
2.899465440365978566e+02
2.942897707483919021e+02
3.613360994273564302e+02
3.129573270191924621e+02
2.420598373782194699e+02
2.218676560560797668e+02
2.121201844031022574e+02
1.671459506689407988e+02
1.446856057848964099e+02
1.129994326793476915e+02
8.633742306578780301e+01
6.645200569984864103e+01
5.598859409872665083e+01
1.034656463808126716e+02
1.253336467966511236e+02
1.607788948402452434e+02
2.108181729777735427e+02
2.252035569288641454e+02
2.725446911593666073e+02
2.886125117022414202e+02
2.904957552475443094e+02
2.888953351561298177e+02
2.934677334886321773e+02
3.618526384307889998e+02
3.145171771190806567e+02
2.442171324041040350e+02
2.239539346042978138e+02
2.142291538981334895e+02
1.687918948889918624e+02
1.409815820126364372e+02
1.120142998087770820e+02
8.312068320541001754e+01
6.091758012299679592e+01
4.730307413639366843e+01
3.345622353278690753e+01
1.181598336472652591e+02
1.034431854728383797e+02
1.252935852257167113e+02
1.607788234030262515e+02
2.109632587073058403e+02
2.256925040414635077e+02
2.737438203516788349e+02
2.908701665921672657e+02
2.940812308753947946e+02
2.940522207191458506e+02
3.007431810722898149e+02
3.743329148352025868e+02
3.288573851840837392e+02
2.585340346908166680e+02
2.401212872733222810e+02
2.330345719612417952e+02
1.866044866247599145e+02
1.597879931832277975e+02
1.311560455275491961e+02
9.932099242906778613e+01
7.437284671686273896e+01
5.886341148162358650e+01
4.201979120544562107e+01
5.118314791538723796e+01
1.034181933205727262e+02
1.252421564919575871e+02
1.607429587738988062e+02
2.110157401987537469e+02
2.260064359032632524e+02
2.746000672981045909e+02
2.925746380768960080e+02
2.968655418425354355e+02
2.981170116103270402e+02
3.065565656301118906e+02
3.845270433358480204e+02
3.407867871493062353e+02
2.706663674683082945e+02
2.540220093124509901e+02
2.494465613597917297e+02
2.023803909006056472e+02
1.764250560843887001e+02
1.484306463935003251e+02
1.140350990085285048e+02
8.681917310033036017e+01
6.985396949718079895e+01
5.104780020237281235e+01
6.494049856017268496e+01
1.549185228604031295e+01
9.771114571145135130e+01
1.339366620504876551e+02
1.814500753608086825e+02
2.007909115395874835e+02
2.493225889775154371e+02
2.713192588338941391e+02
2.798831082662774747e+02
2.843060827051435240e+02
2.949252927200050749e+02
3.744226812370589528e+02
3.352700516589096651e+02
2.688101447725978801e+02
2.539597683836402950e+02
2.507534978233468621e+02
2.043379233631314094e+02
1.480338289202687463e+02
1.502271893767079973e+02
1.153369409051818621e+02
8.772905652501104612e+01
7.047671657524637112e+01
5.141925872924684171e+01
6.529110331116615384e+01
1.553620676714927029e+01
1.035550217090085567e+02
1.472741554780552349e+02
1.715063777399418257e+02
2.194521953437113666e+02
2.456370867242494853e+02
2.589036311101617116e+02
2.669057850670995435e+02
2.798815343405161116e+02
3.605101045965618596e+02
3.268752413113094804e+02
2.651165229409094195e+02
2.525715484250312670e+02
2.511331338094121861e+02
2.058260816411936389e+02
1.496830207679594480e+02
1.797663722871377274e+02
1.166722630756102603e+02
8.868128659458996310e+01
7.113621689220185829e+01
5.181596622867430568e+01
6.566755016778847676e+01
1.558398914933988166e+01
1.058141747509658472e+02
1.352749956519463410e+02
1.822663225702757757e+02
2.129076487495848085e+02
2.315168335467606937e+02
2.437996622920083496e+02
2.595182138973430597e+02
3.405360720945304251e+02
3.137388112042374928e+02
2.582163144641606323e+02
2.487198085628072306e+02
2.496201963731848537e+02
2.061852913775047398e+02
1.507747089158230835e+02
1.808921590182598038e+02
1.535809113531439323e+02
8.960552520308415581e+01
7.179287237593358384e+01
5.221817692402709810e+01
6.605383760079179467e+01
1.563337799205924306e+01
9.453765249576642304e+01
1.401445238681731382e+02
1.754901799393470583e+02
1.997616545578795240e+02
2.166955117976469580e+02
2.352337486483809244e+02
3.159001471646416803e+02
2.968420251693290197e+02
2.487387997839017544e+02
2.428862195042387953e+02
2.466229857927590956e+02
2.057259507211681182e+02
1.515271758913591214e+02
1.817470342220596251e+02
1.550914188579208712e+02
1.191835694003162729e+02
7.250002320252679056e+01
5.265633956372663960e+01
6.647747374546159449e+01
1.568775177689342648e+01
1.091946664831049532e+02
1.450491780252278318e+02
1.730111605340114238e+02
1.930047281858078350e+02
2.127428734143564952e+02
2.926345517881161982e+02
2.807494463829696656e+02
2.398742191252247267e+02
2.443418725355252832e+02
2.060434294069114003e+02
1.529695077585512877e+02
1.832321587633669822e+02
1.572516719506254219e+02
1.209221894880746788e+02
9.188673741014051188e+01
2.376433900822487715e+02
5.322243319682348783e+01
6.701868021812764198e+01
1.575671610551880519e+01
1.043218216494184958e+02
1.372985373951359804e+02
1.616998080695613567e+02
1.828092980423725464e+02
2.602034171003110714e+02
2.568866117432878013e+02
2.252730381293591222e+02
2.276190982975975317e+02
2.037532860642741923e+02
1.530034844389394664e+02
1.834948118595730762e+02
1.587311936661506877e+02
1.223396763496361643e+02
9.305667638670367126e+01
7.430167579595588734e+01
5.377531166809025365e+01
6.755835287969325975e+01
1.582636118239816625e+01
1.076514966074414161e+02
1.349627163827967422e+02
1.547836838898634255e+02
2.285335752611999851e+02
2.328184769901605478e+02
2.102693254039850785e+02
2.171187056170786036e+02
2.314420792749249642e+02
2.014925863431660389e+02
1.533247474569989208e+02
1.840056164226463977e+02
1.606755374541182277e+02
1.241570935819316048e+02
9.454112884720065324e+01
7.540333958437304318e+01
5.446654523958153504e+01
6.822860781370350480e+01
1.591251001809457222e+01
1.051928257816935997e+02
1.221980135448369111e+02
1.904802744370732910e+02
2.025885471750048339e+02
1.902498454652896385e+02
2.020731721899806246e+02
2.207585288214666832e+02
1.964910869815415140e+02
1.521838425333665157e+02
1.832109356645000275e+02
1.619846092319473883e+02
1.257373972785164966e+02
9.598242047279781275e+01
7.652872525007423121e+01
5.519420812469519433e+01
6.894603395307669302e+01
1.600561662626547133e+01
8.995491385198857870e+01
1.493144472400763050e+02
1.680397940168104753e+02
1.659659088168128847e+02
1.826009930097013410e+02
2.056956687344289492e+02
1.882931720658905874e+02
1.492164020548547683e+02
1.806908669452266736e+02
1.623788563245182672e+02
1.269351057127954761e+02
9.731838486968240431e+01
7.765434147213457550e+01
5.595273580490437837e+01
6.971028927663611796e+01
1.610603412862385397e+01
1.111842650095801588e+02
1.333620092165332665e+02
1.402827450594923562e+02
1.606575034056960760e+02
1.875224497102625776e+02
1.775718217985922536e+02
1.447602913785162571e+02
1.765767754891688810e+02
1.619888627983698370e+02
1.278548191276024681e+02
9.864414762715153984e+01
7.885591055866868260e+01
5.679164054921525917e+01
7.056983108567324336e+01
1.621992764500026496e+01
9.710934362456600866e+01
1.132390360763556174e+02
1.367522587120191417e+02
1.666280802806224131e+02
1.645067717556093214e+02
1.389110386911396802e+02
1.708378281068299316e+02
1.608532218637708411e+02
1.285723397397134988e+02
1.000605810113908660e+02
8.022581940889863006e+01
5.777534285481355170e+01
7.158933636513657461e+01
1.635568327304369163e+01
9.457590196568433782e+01
1.176958856200096477e+02
1.487689253800141103e+02
1.535527244610917705e+02
1.348416123455695868e+02
1.660185536062711549e+02
1.611184067365937551e+02
1.305080594593943886e+02
1.025250242694295792e+02
8.239161132965514867e+01
5.926006749364913162e+01
7.308538804368386366e+01
1.655166516413086697e+01
9.372510181283983854e+01
1.224152829640400597e+02
1.347136204477099568e+02
1.251685014482523997e+02
1.551544950603087329e+02
1.570589124834095003e+02
1.300825187794870033e+02
1.039382969067519440e+02
8.415555747799081132e+01
6.064946755538880296e+01
7.457707824137308705e+01
1.675322337381435744e+01
8.435486356539369979e+01
1.049068258737935935e+02
1.072273711423109717e+02
1.356247553087520146e+02
1.458979261059629096e+02
1.253599015973538258e+02
1.031352258251975798e+02
8.488658270815581375e+01
6.166075437817595173e+01
7.586208370416974844e+01
1.693957821969726041e+01
7.603930419402949781e+01
8.922320352670492127e+01
1.133629749654642609e+02
1.316468946910843272e+02
1.183458552280906133e+02
1.012743902881932598e+02
8.532775635882018150e+01
6.274210642260712234e+01
7.736050171877691639e+01
1.716369068961505917e+01
7.256903148925491109e+01
8.949448945814847889e+01
1.149203070962009008e+02
1.089355285811132603e+02
9.821914916075860447e+01
8.549461459654533257e+01
6.401330102722994297e+01
7.925757477759309211e+01
1.745456933544751976e+01
6.034519228021299853e+01
9.116217837405253022e+01
9.311967427880300363e+01
9.090584925803491956e+01
8.349476846987718659e+01
6.462192718962958793e+01
8.099301694297493270e+01
1.775977619680638497e+01
6.122331277490621204e+01
6.947952814428508361e+01
7.710941225038456537e+01
7.746296284164422730e+01
6.366194985266198358e+01
8.203164116128094463e+01
1.803875054479994589e+01
6.143210126731780463e+01
7.041198169864661338e+01
7.451585801666603004e+01
6.475487971899553941e+01
8.551372457985469566e+01
1.868915488476123699e+01
5.089347519168366318e+01
6.302792770356025187e+01
6.218996946293681560e+01
8.779261794531352336e+01
1.940589072005122162e+01
4.837103579312331192e+01
5.577795454815768039e+01
8.827302400734804166e+01
2.028296652493403585e+01
4.530522595554112542e+01
8.424394562545583653e+01
2.139708620607607159e+01
2.314818729235157946e+01
7.230189736456027561e+01
2.514126455020661055e+01
