7.965096786298371967e+01
1.150411553547794625e+02
9.541251522276809283e+01
1.788281742752029402e+02
1.553284637736767593e+02
1.035170481640220004e+02
1.793054540999700919e+02
1.768854800442371982e+02
7.361475590329411034e+01
6.431933152490461225e+01
1.183653669353575708e+02
1.005098650743833986e+02
6.848982432444668689e+01
1.253952613246707131e+02
1.165181170386416198e+02
1.426219807007715303e+02
6.552401058580294091e+01
1.133666356057628377e+02
1.131030743434349546e+02
1.704911149467093026e+02
7.118845290045058505e+01
1.180923304539303871e+02
9.290030245118670393e+01
6.383016719429058838e+01
1.152570663747663389e+02
1.002953900751490153e+02
1.114489971072958809e+02
1.545185504971417458e+02
1.037285740103348672e+02
1.169929884939436135e+02
1.648078489685312604e+02
1.245391706421041675e+02
1.157543327611831359e+02
1.077291747101454860e+02
1.350611412054761047e+02
1.519920174690689976e+02
1.066636775879773893e+02
8.470326865462232035e+01
6.249598842015038969e+01
1.160378757675549224e+02
1.030942397439561802e+02
1.188344983863629807e+02
1.128083591136027053e+02
1.871205689672312644e+02
9.432912765359942853e+01
9.077381026254636254e+01
1.524491415438775732e+02
7.631596782093770059e+01
8.927724614785053348e+01
1.318060005681996643e+02
1.046770650253222215e+02
4.671903640986234052e+01
3.689157079286604102e+01
6.848053293734272984e+01
6.102591445393974823e+01
7.107580090375424220e+01
7.074245955849862355e+01
9.779482276079788505e+01
1.004659250024940889e+02
1.001898974512018157e+02
2.030415351051532582e+02
1.276892230537232251e+02
1.053897657992407630e+02
1.452871501418155162e+02
1.491151063644903729e+02
1.029123329194993346e+02
1.004535379734154930e+02
1.717852767832673067e+02
6.418922603138445027e+01
1.170233844018227671e+02
1.034307805349584157e+02
1.210917778717424653e+02
1.224710768754442256e+02
1.174976044066266212e+02
2.416304222539347393e+02
1.559196781890470618e+02
2.207220246358248517e+02
1.525450219126771003e+02
1.490532732974706676e+02
1.044674916393289976e+02
2.115191233638382187e+02
1.346803619269234105e+02
1.183193858358360018e+02
1.646817568268589298e+02
1.738147155540204949e+02
1.298534986767266162e+02
1.030972608397511863e+02
1.155411004058859845e+02
1.159494215967535808e+02
1.120959109640879490e+02
2.377610589596203852e+02
1.662000704690427142e+02
1.662653580370295288e+02
8.063451267356900587e+01
1.455983415782098689e+02
1.669070924376455594e+02
1.064811350297043475e+02
1.857494034016064006e+02
1.329381740195185841e+02
1.363411145818272701e+02
7.820446005519180233e+01
1.623418692302024056e+02
1.072154254202791179e+02
5.095802096673619985e+01
5.690721894461640318e+01
5.875753445913305484e+01
5.884359758928032846e+01
1.256374647124972057e+02
1.123841660809117400e+02
7.247288314134955556e+01
8.825762987165850859e+01
1.495836212109589098e+02
1.302727880179574527e+02
8.235655508754521748e+01
1.505068951625972034e+02
1.668255374700150924e+02
1.080565005432017358e+02
1.754944955178539203e+02
1.241048387573574558e+02
1.281345106363577315e+02
8.403816123947325423e+01
9.098616532408915702e+01
9.545028820774116696e+01
2.039497717330824855e+02
1.819736937085096997e+02
8.979599496074520459e+01
1.670772609591293758e+02
1.507836312551613958e+02
1.474202390972650676e+02
1.309053928320250009e+02
7.491896250801416102e+01
1.391724272746538134e+02
1.598279668106156350e+02
1.066607886727231431e+02
7.428389662208779498e+01
8.116568390883253414e+01
1.688673215807048393e+02
1.471821394280670461e+02
7.419543504909337628e+01
1.368997153509024258e+02
1.229914400770507541e+02
9.671192894828799069e+01
1.452854701834769742e+02
1.403637261602597448e+02
1.274434916955097634e+02
7.182474138454476531e+01
1.368800476106724489e+02
7.833641750368359169e+01
1.584495938467196936e+02
1.350409355804836480e+02
7.047107255375755130e+01
1.324993486084548806e+02
1.398405222718517678e+02
1.108539372679496893e+02
8.627615657035146057e+01
1.250279169620690709e+02
1.127681034111280240e+02
1.053149398606867493e+02
1.225235799942451820e+02
9.734129436967921833e+01
5.287885171395674888e+01
1.015021375693624179e+02
1.083018704463400752e+02
7.373362951247334252e+01
6.656103192533541346e+01
8.555576930063320162e+01
5.552117667194178807e+01
3.315482976810629623e+01
6.642371739383330009e+01
7.255373036580618873e+01
5.072466073191490921e+01
7.525264707578665480e+01
7.636084455151691941e+01
5.802964151656647829e+01
1.280081923917434494e+02
9.098738324614330963e+01
1.360072069551772529e+02
1.220091529303311404e+02
1.193466653410277729e+02
8.230709238741411582e+01
1.195846927852176265e+02
4.926593203283557187e+01
3.351067864832943144e+01
4.788155424812006800e+01
5.030656454499298746e+01
7.288312263246943701e+01
8.666946134684852154e+01
7.489740892864904254e+01
7.940089234478774927e+01
9.421882851344879839e+01
6.176152653685300464e+01
8.843957353761653906e+01
1.009095855610432722e+02
1.068927121163095961e+02
9.665092734439519973e+01
1.297227977376356591e+02
5.931068528143881480e+01
1.350805637158654520e+02
1.690123568471354361e+02
9.412055801890669215e+01
1.107802670367096454e+02
1.319993579681106723e+02
1.520205171750513671e+02
9.182907789359734352e+01
7.887746077855550197e+01
1.301334093478141085e+02
9.079783486017710459e+01
1.208110634790595981e+02
9.345057790109845541e+01
1.713200629366523060e+02
1.479371346166101091e+02
1.324620084986219410e+02
1.668707409781625017e+02
1.298396996589980006e+02
9.743771697173792745e+01
1.478273840040663742e+02
1.408207852978799224e+02
1.312349162747264302e+02
1.267424712959034423e+02
1.006870065616638499e+02
6.898780349313032900e+01
1.347758846817302754e+02
1.561173514538110965e+02
1.167682256726193515e+02
1.302078326493423788e+02
8.261592621035002537e+01
1.122200730423335528e+02
1.682523820602158935e+02
1.621624896706797472e+02
2.027054624692694063e+02
1.502127818585928196e+02
1.543955167549446230e+02
1.163564640510940364e+02
1.240785242323007935e+02
1.208066135921283291e+02
1.018427144201011743e+02
1.563866171524467177e+02
1.814735024935443448e+02
1.708143003851155584e+02
1.263338348045739536e+02
1.415921696658432154e+02
1.263071652916703442e+02
9.448852174882431143e+01
1.535020276291278947e+02
5.241186129981976194e+01
1.553292790664398240e+02
1.636074636253944448e+02
1.776945675355785852e+02
1.471804607460359477e+02
1.219971410272216588e+02
1.445329213825852435e+02
1.911245144927427475e+02
9.317168843581858084e+01
9.088605776844272555e+01
1.704844663092985968e+02
1.983733679953264470e+02
2.001547635852406870e+02
1.709369355828044093e+02
1.543336789739825576e+02
1.602571506492079720e+02
1.660860970110691142e+02
1.730153808730777598e+02
1.462157431538122125e+02
1.735914779162292803e+02
7.511583765861043105e+01
8.200538805706975154e+01
1.978820250267438041e+02
1.778057280826047588e+02
1.936115229057683678e+02
1.779338354724082762e+02
1.760811298181365601e+02
1.276369666648173364e+02
1.468510586856608029e+02
2.106965157918040461e+02
1.240203085414715503e+02
7.737928115638007398e+01
1.083063554348852904e+02
5.756954457557252880e+01
7.489740892864904254e+01
7.554331951377989185e+01
7.927403126734435546e+01
7.715847793330749482e+01
8.733314316441600056e+01
1.030558092227623206e+02
7.464253899156047112e+01
9.825153903126158639e+01
5.365015376058400420e+01
1.050455920559136871e+02
6.433867232092978838e+01
9.106829631519626389e+01
7.551873780303847639e+01
1.156991272219587756e+02
8.152815543217396055e+01
1.355708887815332560e+02
7.392720205935529521e+01
1.293750955158835154e+02
7.353469961355085616e+01
1.156500957518625796e+02
8.588636940940115494e+01
1.488487930652879072e+02
1.285317793440316620e+02
7.333240511404252970e+01
7.267236234758952662e+01
1.167643257258377076e+02
9.085675884114120038e+01
1.670489908781202075e+02
1.483646242024687751e+02
7.285425153668536780e+01
7.177887313832808047e+01
1.166426559089280204e+02
9.340602085415197564e+01
1.785316398943461422e+02
1.632182105025368344e+02
8.601392847077343617e+01
1.268938700154405126e+02
1.166533827139850388e+02
9.539268728620427851e+01
1.878611129750271687e+02
1.769965247068176950e+02
9.942587509579911398e+01
1.577465057148109224e+02
1.026885680671909569e+02
1.169165095620715817e+02
9.717764846516600130e+01
1.960326776430380562e+02
1.899506614219192784e+02
1.126240709819613812e+02
1.902996355853063903e+02
1.487787414934154242e+02
6.970109702350845282e+01
1.144859093849281493e+02
9.512731007100988734e+01
1.913443834932190555e+02
1.831288331681615489e+02
1.096537972930997142e+02
1.854830423246397402e+02
1.400371504744027504e+02
1.129912122930015386e+02
9.400214856026339305e+01
1.891099106938717966e+02
1.800832399237705204e+02
1.091993677304998585e+02
1.863676504036869801e+02
1.513217164073639083e+02
1.428605271434131225e+02
1.030917556646607949e+02
6.101077969490092556e+01
1.132348164435422717e+02
9.490384599190247172e+01
1.930164091846838801e+02
1.863977754635812403e+02
1.160481563750451102e+02
2.044390499227238536e+02
1.723089623720254338e+02
1.712713141633807368e+02
1.322147272898731956e+02
8.693355042634277652e+01
1.418460614284772419e+02
6.852997842754938063e+01
1.126995239895029925e+02
9.468166001140222932e+01
1.931008756226233913e+02
1.867919425105115181e+02
1.177450708954536083e+02
2.101514219236206031e+02
1.824695697534523902e+02
1.447159748240154329e+02
9.907268798891749384e+01
1.647072092767468519e+02
1.122461773027407759e+02
9.446809462853659056e+01
1.930403692190411959e+02
1.869141449121466678e+02
1.189629289003116099e+02
2.145096797973678804e+02
1.853803083088979520e+02
1.918656269637421872e+02
1.557403689761330270e+02
1.101802571150419254e+02
1.867823235941667974e+02
1.429221752668254055e+02
5.017137942741096168e+01
6.818957131158610707e+01
1.122831299320928906e+02
9.480723977093475696e+01
1.946244384079548695e+02
1.895313135920044090e+02
1.221098995006630190e+02
2.234988912300999004e+02
2.087875984480776879e+02
1.748954358655934698e+02
1.288779728423497204e+02
2.278670735640590408e+02
1.798889361702311476e+02
6.607985079385335325e+01
6.804222747443913022e+01
1.120708317186411875e+02
9.477792006185573825e+01
1.949443683753061123e+02
1.901935922703843005e+02
1.234582339707485517e+02
2.279617517560225792e+02
2.188902154224355741e+02
1.873533211309509454e+02
1.420105887478719922e+02
2.576737574974585527e+02
2.062705663739785393e+02
7.731232025590088597e+01
9.502045198527085290e+01
1.900414830823978889e+02
1.816536568240998122e+02
1.195363581714887005e+02
2.218611611990048971e+02
1.983702709483620197e+02
1.427703167098091512e+02
2.598855001457434923e+02
2.078980218008292695e+02
7.790570317009802181e+01
8.709009631136932228e+01
8.002600289320317017e+01
1.628895349045311605e+02
1.572964870999029756e+02
1.073248585331525646e+02
2.035957561039978430e+02
1.854302243317617069e+02
2.059165014469480184e+02
2.586505811743554091e+02
2.077435955375952119e+02
7.808382081237148498e+01
1.331056385657672081e+02
9.448437793096668713e+01
1.830659896934904225e+02
1.700540626836421154e+02
1.932486484781260856e+02
1.740559080485123218e+02
2.562562776363527064e+02
2.070462802635396429e+02
7.817433612894268435e+01
1.103568013028682344e+02
1.183687288085436506e+02
1.096455953537926007e+02
8.259065721515725045e+01
1.636747402133503897e+02
1.550479843858972515e+02
1.805852389136389036e+02
1.668538477769879762e+02
1.352517845413291013e+02
7.850046727448969364e+01
6.812871456456724673e+01
6.056711092041621924e+01
1.287277943358526784e+02
1.285467763276621156e+02
1.571594328510080061e+02
1.517026919047046931e+02
1.276369666648173364e+02
2.463392095167238551e+02
1.108483976270999847e+02
1.194795878399332878e+02
1.473303263606192672e+02
1.458177818639861414e+02
1.261907402637333320e+02
2.468609163555239832e+02
2.047439856782751804e+02
1.024556515144614650e+02
1.275479233299318338e+02
1.117011133609217808e+02
1.360956333251257035e+02
1.380303821401986681e+02
1.235726450882783780e+02
2.457248025571020094e+02
2.053127166924064682e+02
7.992891379143392783e+01
1.031624005879146182e+02
7.197174644726479187e+01
9.894215056667307806e+01
1.108248370277150201e+02
1.076891249923635741e+02
2.257447311174571212e+02
1.956427254652786303e+02
7.843297136119576862e+01
1.131762100795689889e+02
8.921997760483577622e+01
1.016575280612865413e+02
1.036528533200918787e+02
2.208264829549955550e+02
1.936926906051391200e+02
7.934892900236960145e+01
1.151853104916386172e+02
1.041874758235790779e+02
2.046418616253425569e+02
1.843939082624176535e+02
7.876057336359201599e+01
1.163908175303486559e+02
1.050208939092006517e+02
8.390931812822807956e+01
1.702726216043066358e+02
7.737928115638007398e+01
1.177042486037653362e+02
1.061088526847622546e+02
8.374110780092509287e+01
1.844090212844127734e+02
1.398355621037586616e+02
7.124343520677655306e+01
1.156796567422486106e+02
1.062132378970737534e+02
1.450133829396398255e+02
5.657574238635711339e+01
1.058178665541798154e+02
1.036256813224291449e+02
8.717433715900298807e+01
5.745764660203961682e+01
1.097270187697393737e+02
1.068836507104902864e+02
1.167416706756276170e+02
1.100056955471573588e+02
7.967263946919747752e+01
5.756954457557252880e+01
