1.003130037719247554e+02
1.188445487058049821e+02
1.510536928283336238e+02
1.596350149998564234e+02
2.014918755142799398e+02
2.209471248843318847e+02
2.411908506145892090e+02
2.863264532438576566e+02
1.018441208767477946e+02
1.279991278635890239e+02
1.384565099926513483e+02
1.761883974367099199e+02
1.946643946971339858e+02
2.000464714304660845e+02
2.303571159434730191e+02
2.879848136012357713e+02
1.701108465437457937e+02
1.918476567373992054e+02
2.360225346549856340e+02
2.554002361096827372e+02
2.656720492014152342e+02
9.640668020161815832e+01
1.075745434663107716e+02
1.394807856206255963e+02
1.560728361087737710e+02
1.634148835401963424e+02
1.977296041177855273e+02
2.091758677531643116e+02
2.383605350959743703e+02
1.905246832184177777e+02
2.036783477912186129e+02
2.351152090699798123e+02
2.521558730970839122e+02
2.422230342335631121e+02
1.454603921649431584e+02
1.731511616214082494e+02
2.261914776533181168e+02
2.294645398799945326e+02
2.346816053394371409e+02
8.380093571792355078e+01
1.109235348027824983e+02
1.262559776365065005e+02
1.351972884825889309e+02
1.658422557873834933e+02
1.542821201075831823e+02
2.145601349477311430e+02
2.077261694251312747e+02
1.622421784941516023e+02
2.266755048864282855e+02
2.204400329417137812e+02
2.443720354609282026e+02
2.626125919547910144e+02
1.687996902794509140e+02
1.808788817591853899e+02
2.158726477422643200e+02
2.370481881053129314e+02
2.334233091535925269e+02
1.139050764040259764e+02
1.274777521165117946e+02
1.385551731600102698e+02
1.704899242440316129e+02
1.589305564667903070e+02
2.213861373965213772e+02
2.241141608968523826e+02
2.300515212527414235e+02
2.180819621553424952e+02
2.059470863962109206e+02
2.362934628637248409e+02
2.366560610035689933e+02
1.960602772855461353e+02
2.006841403500172305e+02
2.081467719631849604e+02
2.275337902051510071e+02
2.420694384557006913e+02
1.357128266323292110e+02
1.951276789809010950e+02
1.969493011576913659e+02
2.256805798930572848e+02
2.492943134110736310e+02
9.253168246455891222e+01
1.043549209314140711e+02
1.303974122137181553e+02
1.224382437020331196e+02
1.732983090236949977e+02
1.815697935947538042e+02
1.738619450464414342e+02
2.028380956375383164e+02
1.931853021930411103e+02
2.011380627812377497e+02
2.250583599153950161e+02
2.292078544505863533e+02
1.915884767289184936e+02
1.848797490163567545e+02
2.171033434391333401e+02
2.237752624128704610e+02
1.722354472445458669e+02
1.803337035617701929e+02
1.915963092042783842e+02
2.155535486821518418e+02
2.352309935460967267e+02
1.008109046319425630e+02
1.194772220068660573e+02
1.716274981194535485e+02
1.824887741196536410e+02
1.788424318777820758e+02
1.881082458148516139e+02
2.149954824939620437e+02
2.124905984216390209e+02
2.233263282418821802e+02
2.274652030206046618e+02
2.594255988828656427e+02
1.755966407827034175e+02
2.081082172578387883e+02
2.183012203608803077e+02
2.135706394009954181e+02
1.690956080926245590e+02
1.786628013296062534e+02
2.053542528196012995e+02
2.155682328263644649e+02
1.107573580587226729e+02
1.028470098664227521e+02
1.498634917081124058e+02
1.614473675971768500e+02
1.603163214446075813e+02
1.595225736403662609e+02
1.907930465191881808e+02
2.040383124013754070e+02
1.998455288104960346e+02
2.026956840550342633e+02
2.144091058382443009e+02
2.409381179472970302e+02
1.829957790939682241e+02
1.961072629057993595e+02
2.046445715135061221e+02
2.393285812600078373e+02
1.954375501644849464e+02
1.389426484027830782e+02
1.496305672221836005e+02
1.777187756752965129e+02
1.930650980048968393e+02
7.723751247991751256e+01
1.140184062847707480e+02
1.254154619911085007e+02
1.267225911807070275e+02
1.275619849288135867e+02
1.504253688248961396e+02
1.628979373541794757e+02
1.728357122589947039e+02
1.904953225052108792e+02
1.953982097680644756e+02
2.001469322889772684e+02
1.764552874747946021e+02
1.814566726551195757e+02
1.966906032361980294e+02
2.261834781325087818e+02
1.555744459187753534e+02
1.696969667315030961e+02
1.814004221939725312e+02
2.179831194333262090e+02
1.247664620096057888e+02
1.519254250169728380e+02
1.680958100496795851e+02
1.757002893696076171e+02
1.049401620404971851e+02
1.176796528352561069e+02
1.213131019190891635e+02
1.231679578823970616e+02
1.458822092678796594e+02
1.573459280435491507e+02
1.631573031996709062e+02
1.807059820375203003e+02
1.965166234255902111e+02
1.920347535259912775e+02
2.429958543397097515e+02
1.670383794497948315e+02
1.875137550960586168e+02
1.792649809359149344e+02
1.775594266284519733e+02
1.415404488842806074e+02
1.476897283850406382e+02
1.648965020959387004e+02
1.949783109781454016e+02
1.257866656792698166e+02
1.393348968931682350e+02
1.524958807253101440e+02
1.883729679485284407e+02
9.324577750475356197e+01
9.609756015887836611e+01
9.732464314744319722e+01
1.142997696413392248e+02
1.237426977241770771e+02
1.296515400698759777e+02
1.352748488867726167e+02
1.449662957991511973e+02
1.837919073001474715e+02
1.812306644736469536e+02
2.325530097010084774e+02
1.762972539403117480e+02
1.746677955203245176e+02
2.239516340927758620e+02
1.480221518940706744e+02
1.692365067011876079e+02
1.648912336881882936e+02
1.411216905442243785e+02
1.483515133145345999e+02
1.606239835769906108e+02
1.284278928604170460e+02
1.346827899710577867e+02
1.539232040548759244e+02
1.861352353546199652e+02
1.003830146255181006e+02
1.022920205797562261e+02
1.199106134281331322e+02
1.311061080184144316e+02
1.386483378940786508e+02
1.378956539691543242e+02
1.604380953411846917e+02
1.594542991846934967e+02
1.667072707987528020e+02
1.655203355807340984e+02
1.520429746886621558e+02
1.532021691048017829e+02
1.995879939604628532e+02
1.234277383544176416e+02
1.445901506031411543e+02
1.445355915550081249e+02
1.224612422592891363e+02
1.304000175610852637e+02
1.464728451350855778e+02
8.850818427185163273e+01
9.905771267750074571e+01
1.073989668604092458e+02
1.132079889098696839e+02
1.125253149770772296e+02
1.320083037196225462e+02
1.346496669492132128e+02
1.776186332186986760e+02
1.546723808409313392e+02
2.300039541360069393e+02
1.413483014925390648e+02
1.427141827314553097e+02
1.348831906043791946e+02
1.367918019571191337e+02
1.841923277205013392e+02
1.237082036566067984e+02
1.275952403242495734e+02
1.701419544908037835e+02
9.647211467885792047e+01
1.158900215541188601e+02
1.192140820752979522e+02
8.052268851202396149e+01
8.490834286749620219e+01
8.861557014035928148e+01
8.729493419526673392e+01
1.035472871045272711e+02
1.067921875608651021e+02
1.085615589450717806e+02
1.484763072550860841e+02
1.290650711804774460e+02
2.191645676804267282e+02
1.275552669554047327e+02
1.921966558226492339e+02
1.147773114805560226e+02
1.179031230017515668e+02
1.034809344085859522e+02
1.063354103669165198e+02
1.472283217280324266e+02
9.167670398371667773e+01
9.560817581611826199e+01
1.286224067819859727e+02
7.024619741201915701e+01
7.218330459699869550e+01
7.064539739110955452e+01
8.489055248248413932e+01
8.828558892242195100e+01
8.871066604650953025e+01
9.144155947323847045e+01
1.407702005126230631e+02
2.764118406655758804e+02
1.096498497339523368e+02
1.895643877586281860e+02
1.076722785872967165e+02
1.641324970982597335e+02
9.108685089251548561e+01
9.469365893187895722e+01
8.613899093678168128e+01
8.888779598390138403e+01
1.255820184438114353e+02
6.636922556382054950e+01
6.517528662424069807e+01
8.055460587096075642e+01
8.491183798069370425e+01
8.604489472556637963e+01
9.092889822005865597e+01
1.387111268293114676e+02
9.446408812205476124e+01
2.296676362245115683e+02
8.995002057605155699e+01
1.586455461922979850e+02
8.386252314680305631e+01
1.290688246890192374e+02
7.638582916590746663e+01
8.119617336471139879e+01
5.025695950917837251e+01
6.461975858939523221e+01
6.930119824180681576e+01
7.086442564779981979e+01
7.567405573685225306e+01
7.527388847343725331e+01
1.348189617453952849e+02
7.960867329168142703e+01
1.876704491212769028e+02
7.386440853878622192e+01
1.331385681179782807e+02
6.981063261110773510e+01
1.081685781753063225e+02
6.307223916759262750e+01
6.645825490471764851e+01
6.679142043108144833e+01
1.594608258762290802e+02
7.039600520918335747e+01
6.530003390811424424e+01
1.520935247396389229e+02
6.089915962675350158e+01
1.111612250138390294e+02
5.728678697464221159e+01
5.679340449310542027e+01
5.753016724627224932e+01
5.502647668624977229e+01
5.347501733136754609e+01
4.655141051562942778e+01
4.728797225790168568e+01
4.933962851704488628e+01
1.162547282726126383e+02
4.835881997658666620e+01
6.274318622053280592e+01
4.297097560967893770e+01
4.040742193063024246e+01
4.191658498312623493e+01
9.414052355572984254e+01
3.989084006280834416e+01
5.224222952103246342e+01
4.265560694538662290e+01
8.369619118203517871e+01
3.554665364192950960e+01
4.620941819935470818e+01
7.486515588574705760e+01
3.178229999145127138e+01
4.114702208844516917e+01
2.269968831917468322e+01
2.981458196636904745e+01
1.227858032128536081e+02
1.137935464415726585e+02
1.086286145163842320e+02
1.225356949000509417e+02
1.585394088123052541e+02
1.044645877607359523e+02
1.570530399172784541e+02
1.217061711132574686e+02
1.557805615763115270e+02
1.169783217829206166e+02
1.964265375682159913e+02
1.905108199903537241e+02
1.563592761078957096e+02
1.045134819049309698e+02
1.996043332838862057e+02
2.170520893265220082e+02
1.542290905652167794e+02
1.202931156809417672e+02
1.931852370232198268e+02
2.080414670323893347e+02
1.470234432931913204e+02
9.707350180246012883e+01
2.210763947478222065e+02
2.434850848852667298e+02
1.839873252694808343e+02
1.816348222921386935e+02
1.405366106140500335e+02
1.154578081150848448e+02
2.252181443539486736e+02
2.294718386927357017e+02
1.738588083003188274e+02
1.963504950464975423e+02
1.395120580436953048e+02
1.047091307338659192e+02
2.133834880259457805e+02
2.252474081027761486e+02
1.784855163246722896e+02
1.643929422435403751e+02
1.456607265226927836e+02
9.793504700442410638e+01
2.479712885849836539e+02
2.612323960079069138e+02
2.503105434681188228e+02
2.097066363918646914e+02
2.128829223284984096e+02
1.731354088075295579e+02
1.998536944856754758e+02
1.310656916862348567e+02
8.711343951617925541e+01
2.474816080508261393e+02
2.457914326019146927e+02
2.704015031504587796e+02
2.106566351113947348e+02
2.152745922022285185e+02
1.725602327252161388e+02
1.831533783046014037e+02
1.125100227095732919e+02
8.394718034862174250e+01
2.404759804884278935e+02
2.528912213548132115e+02
2.270960811694848189e+02
1.962406146337677058e+02
2.241524131948389424e+02
1.516082015184582303e+02
1.556218980308049709e+02
1.098367430713388302e+02
7.250226983155464211e+01
2.740453399701775083e+02
2.800819144325828915e+02
2.776570817090310470e+02
2.335225666750890809e+02
2.456137587161663021e+02
2.752185391762885729e+02
1.945260358520941963e+02
2.024109497036623964e+02
1.428066318967107122e+02
1.405743027199072230e+02
1.096670872353712980e+02
7.220614278187173340e+01
2.648680290349527127e+02
2.827026653427691940e+02
2.827727486203039007e+02
2.208643076261349449e+02
2.456474776661658552e+02
2.536951214542602884e+02
1.814898248403701757e+02
1.783447906798571410e+02
1.338733175816030041e+02
1.460947290863814771e+02
1.013084528831719524e+02
6.222176816852629599e+01
2.928082456921141556e+02
3.045336700300907182e+02
3.140967380079372901e+02
2.798340294924910268e+02
2.559481418329228859e+02
2.683948889741713515e+02
2.983563261550532388e+02
1.673229721878882685e+02
1.719142202785168365e+02
1.343145772547952674e+02
1.399859754263707714e+02
9.079607729978363295e+01
6.193150967088646297e+01
2.842367611393890456e+02
3.024110789952554228e+02
3.123063745764458190e+02
3.464744520006405537e+02
2.453592574262898154e+02
2.616016671118792942e+02
2.660210145989582315e+02
2.061263232260220093e+02
2.062925885015550591e+02
1.975579390278283825e+02
1.623152331088042786e+02
1.743196987844104910e+02
1.269020540290329109e+02
1.336200920687428493e+02
8.487197156766507078e+01
5.715075577981054522e+01
2.828819523912069940e+02
2.890801860223111817e+02
3.145832933643960700e+02
3.220916509593482147e+02
2.461785901924873201e+02
2.470545241874652334e+02
2.372575255655789874e+02
1.961965151982265638e+02
2.019436441977296965e+02
2.140003561532553249e+02
1.581681342738385752e+02
1.658777961091137740e+02
1.197398983798124021e+02
1.209881797453599717e+02
8.285894898553378596e+01
5.434355752388492533e+01
3.090564290389094140e+02
3.212394378373921882e+02
3.321734131682914608e+02
3.656077987756818288e+02
2.746626159298695029e+02
2.904244215947168186e+02
2.847433933389015692e+02
2.814979251254789574e+02
1.897963163409723961e+02
2.026847230074208142e+02
2.057386197734780922e+02
1.567036396649157552e+02
1.605024784071639772e+02
1.139385542304987098e+02
1.237133514570817852e+02
8.221876916602859353e+01
5.776815989206912150e+01
2.955248919345444847e+02
3.020846509814413139e+02
3.166044019357150887e+02
3.191996310131883661e+02
2.594492454641738846e+02
2.602985211015156892e+02
2.556249821734863019e+02
2.426621291630339954e+02
2.102226337484993905e+02
2.175078832391449168e+02
2.283423920760054671e+02
1.772465591050726914e+02
1.822449071411900547e+02
1.872954883062250246e+02
1.383446805690506380e+02
1.436897518471396893e+02
9.978461930591414841e+01
1.038757763239422331e+02
6.608601318213631259e+01
3.883894802059483453e+01
3.042583271378828158e+02
3.006734683860564132e+02
2.863684221909732059e+02
2.501876140552209336e+02
2.530981206050124968e+02
2.658717627287177265e+02
2.069907993894074139e+02
2.170724932716304068e+02
2.224987933364512003e+02
1.696495520433956301e+02
1.757764897401256974e+02
1.727411914452243025e+02
1.310362006100378096e+02
1.402057233773340101e+02
9.458053034822255256e+01
9.746889972687642967e+01
6.050778207585875634e+01
8.183904244591788313e+01
2.865069402963547418e+02
2.880722458298871516e+02
2.850222000799270177e+02
2.834388219118076790e+02
2.029496243539790328e+02
2.094478767383225772e+02
2.099373384906878357e+02
1.643914862536372823e+02
1.702862474773543227e+02
1.795406679977106705e+02
1.259769684341339229e+02
1.293648315092665371e+02
8.709154989299868532e+01
9.479967657414329096e+01
8.949854991918017788e+01
3.152420954998810387e+01
1.227858032128536081e+02
1.332889624392219616e+02
1.205544146414139988e+02
1.340435328330665925e+02
1.446723989002841506e+02
1.110567982896735515e+02
1.337761866038065932e+02
1.570168475400063528e+02
1.473957784158550908e+02
1.357563887374632259e+02
1.324493593687957684e+02
1.597142849097882049e+02
1.656074765837379630e+02
1.695027249800881179e+02
1.130547532421856545e+02
1.313165273235979953e+02
1.600180649348669419e+02
1.754345814511929404e+02
1.957145045368177136e+02
1.472243249460512970e+02
1.240835159110212089e+02
1.305253005435520208e+02
1.598479513642935217e+02
1.811834946926183818e+02
2.147380019175091093e+02
1.777671726968845576e+02
1.648186465112948440e+02
1.264981433467521441e+02
1.296866837494133051e+02
1.586237483587567851e+02
1.825479744386596224e+02
2.235848005744152829e+02
1.966834195072793250e+02
1.944651280955450261e+02
1.550370918530392146e+02
1.006116915563484326e+02
1.292055121037587071e+02
1.581061776631337352e+02
1.842119784148854649e+02
2.319284906191948039e+02
2.152360529674070051e+02
2.282842392038583341e+02
1.979582451174946982e+02
1.437979932902146061e+02
1.285530123581250734e+02
1.567018287452557104e+02
1.830488265158317915e+02
2.328533664191519392e+02
2.222244699877356595e+02
2.447999173569955929e+02
2.215449586135871982e+02
1.692628671960174529e+02
1.474284046495145617e+02
1.030830997621593923e+02
1.280609331584182371e+02
1.556255448793169762e+02
1.820424608640913675e+02
2.331268780735102553e+02
2.269518715598600238e+02
2.572612902040679046e+02
2.411029727457500087e+02
1.921038514939212405e+02
1.736260037106308403e+02
1.218129404094287054e+02
1.133384186549893826e+02
1.277292390984044061e+02
1.549415484218579877e+02
1.815320219375838917e+02
2.338183288854627619e+02
2.312721026789591861e+02
2.684637078000906172e+02
2.595660489685320158e+02
2.151657488441435362e+02
2.021109513696510760e+02
1.449591598919672037e+02
1.381640230305020793e+02
1.013240704881613823e+02
1.274933073590220829e+02
1.544796328390582971e+02
1.812667472654336791e+02
2.346055705585842759e+02
2.350103890353519773e+02
2.781605578961687684e+02
2.762389834062667546e+02
2.372923897337148844e+02
1.717868998828345752e+02
1.709804188114004262e+02
1.260415138490942013e+02
8.915156750035642119e+01
1.272561492239274514e+02
1.539530557494899483e+02
1.806960094558424714e+02
2.344231140383080856e+02
2.367768778936712692e+02
2.839866619851702012e+02
2.874494984216751732e+02
2.535787135479126277e+02
1.943600888411502581e+02
2.005007418024719357e+02
1.510545962738925141e+02
1.059149490109766560e+02
7.731515791407139204e+01
1.801841407823464465e+02
2.341323007738185140e+02
2.379429748460067344e+02
2.882636340768463015e+02
2.961372131748797187e+02
2.668690234534583396e+02
2.287595281446594697e+02
1.768146468692564213e+02
1.255941011224544894e+02
9.108437481608420683e+01
7.476998838051342489e+01
1.268988945669301387e+02
1.531490393354380330e+02
1.797604575583375492e+02
2.338635651607214925e+02
2.388159037945117689e+02
2.916228734483474909e+02
3.031847373555531249e+02
2.780474164170972813e+02
2.560988517064305938e+02
2.034742858613471981e+02
1.477710062225526997e+02
1.089276486071871091e+02
9.116323212637600193e+01
6.193005459809496216e+01
1.267776280989360203e+02
1.528868958560581177e+02
1.794838114887532470e+02
2.337861739842825557e+02
2.397259910614948240e+02
2.947186015690464274e+02
3.095512009871222858e+02
2.882014208389374517e+02
3.091834242322516957e+02
2.518629274722175637e+02
2.837611267524391678e+02
2.321324927922732115e+02
1.737164777964817119e+02
1.321927861260067516e+02
1.158656703692641941e+02
8.484267849305798848e+01
1.266625173102393944e+02
1.526243187873379838e+02
1.791552306215581325e+02
2.334996670832400127e+02
2.401332394145184423e+02
2.966697594164689349e+02
3.139776846881068195e+02
2.957198279803658352e+02
2.664428804507835480e+02
3.067071369426745377e+02
2.566897784621061760e+02
1.965180504951565865e+02
1.528763121340779776e+02
1.375609361512340172e+02
1.041783160338259222e+02
1.265730083460837960e+02
1.524263965379192882e+02
1.789248989079819978e+02
2.333477276761435633e+02
2.405875782291996643e+02
2.984810271906177945e+02
3.179460362047107651e+02
3.024119983892063033e+02
3.282794039429626309e+02
2.804825822716412063e+02
2.193881741606444962e+02
1.744032950565082842e+02
1.609480669275163507e+02
1.258044558095321435e+02
5.452955894152534455e+01
1.265039399630911134e+02
1.522801669959910100e+02
1.787740195215463359e+02
2.333081767300038507e+02
2.410921767602707462e+02
3.002094329790402298e+02
3.215924383527776627e+02
3.084866049287336409e+02
2.922796729150722399e+02
3.487321351210024432e+02
3.036764478186906331e+02
2.424475432838690381e+02
1.969530537633637266e+02
1.864438197643780484e+02
1.505342737939113249e+02
7.026587900033266010e+01
4.954145178636112234e+01
1.264457082992883699e+02
1.521579473968423599e+02
1.786499494947444191e+02
2.332809870309342557e+02
2.415241022606813033e+02
3.016767017317783939e+02
3.246944846795113335e+02
3.136938550184360679e+02
3.526862001552641459e+02
3.032822234202001255e+02
3.671972122111294539e+02
3.251509091564333289e+02
2.644108760648128964e+02
2.190886405881364283e+02
2.122578606713856573e+02
1.764707625997087916e+02
9.250058915166958684e+01
6.758011590918317779e+01
5.405900409753603952e+01
1.264060312348636188e+02
1.520849591473813405e+02
1.786095957422883203e+02
2.333931845847625084e+02
2.420850390679498787e+02
3.032512342844407840e+02
3.278026686396898413e+02
3.187280426580055632e+02
3.850230382780983405e+02
3.461925133204350686e+02
2.863875230795673588e+02
2.417939223061031839e+02
2.394060797184890816e+02
2.044415151314594539e+02
1.197894900715724162e+02
9.247912742358334981e+01
7.659310015805203875e+01
6.733506209874852289e+01
1.262764801223730444e+02
1.517295649932358685e+02
1.779627906767816796e+02
2.322052646977561210e+02
2.406911980375269877e+02
3.013807361237899158e+02
3.258429865451927867e+02
3.173374140820211551e+02
3.139423117457552053e+02
3.870769257853172007e+02
3.498976877443249691e+02
2.908572994429223968e+02
2.463900886571045419e+02
2.447319207514200343e+02
2.100019816207019971e+02
1.214236057085552147e+02
9.141992370277353075e+01
6.967873207484774412e+01
5.242334064365640955e+01
3.074763953473215849e+01
1.262596665709637591e+02
1.517146679998360526e+02
1.780142870835929045e+02
2.324543250755985468e+02
2.413384640919211961e+02
3.029246703109267287e+02
3.286633814431018550e+02
3.216965233511981523e+02
4.022289171838812081e+02
3.680335944151224226e+02
3.101895484570589474e+02
2.668199597618167331e+02
2.696744573624090435e+02
2.362013542860379118e+02
1.477350746877891368e+02
1.154515327575357730e+02
9.145203368356501983e+01
7.254391227059100800e+01
4.668048718923331108e+01
2.051668496045842289e+02
1.262354235758583485e+02
1.516726852131502596e+02
1.779989317070821073e+02
2.325452637484577281e+02
2.417177204815515950e+02
3.039519294838830206e+02
3.306658858708660773e+02
3.249417826222567669e+02
4.144217247664411161e+02
3.829556414660839891e+02
3.264233810866215322e+02
2.842991709219803056e+02
2.914243532721033034e+02
2.595295686573221587e+02
1.724253241002069501e+02
1.384330345207036714e+02
1.126826757817539715e+02
9.264794738612241076e+01
6.315648433370826353e+01
1.100116242301859728e+02
1.175190716740404611e+02
1.487617709555153738e+02
2.007333401386748619e+02
2.155010373253647344e+02
2.766298760444070126e+02
3.059656208316241646e+02
3.056975747409027235e+02
3.560376961594746490e+02
3.769185040878516020e+02
3.239395309925630499e+02
2.838793161640235780e+02
2.924019369220172280e+02
2.615237447759977840e+02
2.315200765234132518e+02
1.399201719299906870e+02
1.136868247185852852e+02
9.330296293564150290e+01
6.350343102258081274e+01
1.103848410532564657e+02
1.175654628639445036e+02
1.648285678376373653e+02
1.854939773707106099e+02
2.446812033094289802e+02
2.764944794977613469e+02
2.821738692408393945e+02
3.340431730358048412e+02
3.019866539126340967e+02
3.193038216306255777e+02
2.820134653675787604e+02
2.923029046823241401e+02
2.629017737048254162e+02
2.334530245321655002e+02
1.965557222496530585e+02
1.147399163447085897e+02
9.399763157179420148e+01
6.387480343972622876e+01
1.107858588433366549e+02
1.194156218902743944e+02
1.470816675290533908e+02
2.038103504345142767e+02
2.383761157575937091e+02
2.509825395102625691e+02
3.040780607753646336e+02
2.798985553736817451e+02
3.674600118676400484e+02
2.771294314654838900e+02
2.897481662355059484e+02
2.626243535164861100e+02
2.343345604172732806e+02
1.978455806106622674e+02
1.779676499538365704e+02
9.466705807997749389e+01
6.424143880951861263e+01
1.111867076738824522e+02
3.431654406221603892e+01
1.050653188503076052e+02
1.580534185167064152e+02
1.949405547194364487e+02
2.145307896563069505e+02
2.681093731746254321e+02
2.526935719083864171e+02
3.395720633727842142e+02
3.325981554806097051e+02
2.847811099140486704e+02
2.607150741715261688e+02
2.341913114249692285e+02
1.985652020872978483e+02
1.792984795899616586e+02
1.440994764975550879e+02
6.461542081865411546e+01
1.116004165298430451e+02
1.287228324060361615e+02
1.617654249867742919e+02
1.851995546006381801e+02
2.375759084382441984e+02
2.285666280473210179e+02
3.144267775444974973e+02
3.143264239561045770e+02
2.862428425985073090e+02
2.598605405633323358e+02
2.350391214753609006e+02
2.001179515623873897e+02
1.814183908676332919e+02
1.459574675143585125e+02
1.180194057617124201e+02
1.158676273092424793e+02
1.455229801245878889e+02
1.963651834871796211e+02
1.956262648742134616e+02
2.785905962857603981e+02
2.866701059388283852e+02
2.674317462839563291e+02
2.501200039679465590e+02
1.158791654977531920e+02
1.621967776570273543e+02
1.664776675710631366e+02
2.456901634490969570e+02
2.606260973901165698e+02
2.494371548770331799e+02
2.380556030303718842e+02
2.632178524807487747e+02
2.007328234266518052e+02
1.844588309040920251e+02
1.492910143103032397e+02
1.206569460248977919e+02
9.815344503621298600e+01
6.620393450661185852e+01
1.280823673908283524e+02
1.353708757979968311e+02
2.092201735680395984e+02
2.304510384955344477e+02
2.275795592971599888e+02
2.225876069017264740e+02
2.512561165590300902e+02
2.446436433334211813e+02
1.859678080773372812e+02
1.512151818341554872e+02
1.222552992567733270e+02
9.933479130669223878e+01
6.688753808086894992e+01
1.141083638236884354e+02
9.689446521714754113e+01
1.628356369001304245e+02
1.907486104180906068e+02
1.973026456088317673e+02
1.998204970034593373e+02
2.321344139605143653e+02
2.322599844687689483e+02
2.224935730444086630e+02
1.522531522239459889e+02
1.234438205110710527e+02
1.003459980896319195e+02
6.752373219252369552e+01
1.148394345796002085e+02
3.471498015521006408e+01
1.245809918824784148e+02
1.552664364482311328e+02
1.688182361173480501e+02
1.771836476939156739e+02
2.120576268848857353e+02
2.187072093319050623e+02
2.145170155337435745e+02
1.937991881071969544e+02
1.249656217351417382e+02
1.016368960127152263e+02
6.833303879876015685e+01
1.157636165147420826e+02
3.481669129948608088e+01
1.142522384233755730e+02
1.336468542606488370e+02
1.475497036302296294e+02
1.837682747610899412e+02
1.973897359267272691e+02
2.000515856408561604e+02
1.855604444291234927e+02
1.820283550074689174e+02
1.025340622762929712e+02
6.901548446471663567e+01
1.165990823103022223e+02
3.491093261652164159e+01
1.117003540764427640e+02
1.257813569853587694e+02
1.603772863888390816e+02
1.787011860356956845e+02
1.868955986762751422e+02
1.780349715117417304e+02
1.795406679977106705e+02
1.537695836546725445e+02
7.009644841135229854e+01
1.178658061642509693e+02
3.505137697419230136e+01
1.012334862889475886e+02
1.310763233321149244e+02
1.530094258657540536e+02
1.668064702088300351e+02
1.648243565091310643e+02
1.727505870853111674e+02
1.519798389541130632e+02
1.275636484211343316e+02
1.191220140312746025e+02
3.519424430739271514e+01
9.783743659433253015e+01
1.207460358807923200e+02
1.392375720196818918e+02
1.446070016175021919e+02
1.598770953313636198e+02
1.463316180579734862e+02
1.259502068855647963e+02
1.055186734674279023e+02
1.202328849927522896e+02
3.532774206251976779e+01
8.766519427453013691e+01
1.078406317004827741e+02
1.192757709209365373e+02
1.414670498171637973e+02
1.366585260507411874e+02
1.220712127945677565e+02
1.047814919195095200e+02
7.233580039604400724e+01
8.079322910350556697e+01
9.433337508896754287e+01
1.214237035395399431e+02
1.249786963488100753e+02
1.169251420200301084e+02
1.036642732037465038e+02
7.297885851231266940e+01
1.226257964476627649e+02
6.571132738435572662e+01
1.076749944153621499e+02
1.077163643774395467e+02
1.004653673032328243e+02
7.310652657591457171e+01
7.349479402805181394e+01
8.818942475900563238e+01
9.497566928653871798e+01
9.479967657414329096e+01
7.259082037519151243e+01
1.249711825960365275e+02
3.604030454223298818e+01
6.851453781228140372e+01
7.843302238887287103e+01
8.530935687649125043e+01
7.070856964762468522e+01
1.254938060803270474e+02
3.625586996741279933e+01
5.849607635194114152e+01
7.070437926927260719e+01
6.643934353778647051e+01
1.247827237042727688e+02
3.647181102853743084e+01
5.233473923776338665e+01
5.827631125438443860e+01
1.206995847743420995e+02
3.657532668135877429e+01
4.934778166423947710e+01
1.114589812036657293e+02
3.651674641580780190e+01
3.592688009369097557e+01
9.315046832235118757e+01
3.152420954998810387e+01
