7.158444469699342960e+01
8.630730667454507454e+01
5.326871947049784239e+01
1.029581916584517103e+02
1.137404305672523321e+02
5.487210505599903598e+01
1.123601731817521170e+02
9.956962010980177524e+01
5.237244224158536099e+01
3.335497574545377120e+01
6.370845793980348049e+01
6.583910632746636793e+01
3.131092008944580485e+01
5.551761004623029550e+01
7.095726026889029470e+01
6.695042532038434047e+01
3.142729072874751495e+01
6.719966289126706727e+01
6.271181480652217743e+01
9.215847392020995699e+01
4.252071565072005654e+01
7.749894916504587172e+01
7.028337489793096893e+01
3.149308890868271149e+01
5.709964531648427766e+01
8.515005039517627949e+01
6.646111000507190170e+01
7.615645051577115510e+01
9.299610495673027799e+01
7.349524561159475411e+01
8.497288699006377044e+01
1.043472019439214762e+02
6.301769309278663656e+01
8.454797733807292559e+01
8.282722417102532120e+01
1.153224598836452799e+02
9.247338118390068473e+01
7.929567160188214814e+01
3.463825785067465546e+01
6.639658571434324585e+01
1.024861998607949261e+02
7.277483045958251751e+01
8.833826977184794771e+01
1.327343611328721522e+02
5.065078391668379965e+01
6.232600744078072807e+01
9.480046359477604767e+01
6.634931008295662025e+01
5.595620685511801895e+01
6.853574473740627582e+01
8.917691085536958440e+01
4.001571247444744728e+01
2.912116070624822584e+01
4.571155088330047533e+01
3.362180303990155039e+01
4.604790229185497452e+01
4.007170924117004773e+01
6.653017524200259913e+01
5.679095011465965825e+01
9.258776168812572394e+01
9.528582326411736858e+01
7.673516715046916659e+01
6.653067501741593048e+01
1.098699094067517024e+02
5.288197966937889305e+01
6.391655595942671653e+01
9.516796657676830762e+01
2.806180940245539901e+01
5.427517515739853593e+01
8.359412859349352232e+01
6.387781984533526725e+01
8.658555633290836795e+01
6.521534990585126934e+01
1.068545981570760830e+02
1.126903370121077472e+02
1.355375917679737370e+02
6.891571664213296344e+01
1.130226934203935514e+02
1.082460725376815134e+02
8.250188284987909526e+01
1.266221497814852341e+02
8.456005478348947690e+01
5.684259454169718140e+01
9.303134705278512229e+01
1.002406751966113916e+02
6.600368075154040071e+01
8.650662562302724723e+01
1.260940382609925479e+02
6.550729627896050999e+01
1.038717905457219217e+02
1.013467356976609324e+02
4.155617518711879654e+01
5.629966706425719281e+01
4.647906473067065747e+01
6.701741303323534282e+01
9.440914047428498179e+01
1.146465956394684866e+02
6.071007897386133578e+01
7.197595630448657289e+01
7.023983510677417996e+01
9.303054793381426180e+01
1.248033789203305020e+02
6.572038118192315892e+01
1.103255145354854676e+02
1.078087995789112483e+02
6.898746406148117671e+01
5.933382213533732141e+01
8.593547596860916826e+01
1.194135039549498174e+02
1.437945746136882121e+02
7.562517055594955195e+01
1.014448177841872791e+02
1.063589089746031533e+02
6.492625675313209399e+01
5.913242690852731442e+01
7.965809763270547705e+01
1.110368182597889870e+02
6.061384088668016545e+01
4.288207099441336112e+01
6.006921273222091884e+01
7.952630065404414950e+01
9.233308633160218903e+01
4.866283681676187456e+01
5.170829509392738998e+01
8.506325582622386605e+01
7.030411785880379227e+01
6.336557544883531534e+01
8.486669576138358195e+01
8.268927852882369223e+01
1.131182193570885346e+02
1.322165112543547991e+02
7.176069011063410130e+01
7.784434665669606090e+01
1.291361288763486925e+02
9.856454123080348495e+01
6.016779162261674685e+01
6.521293378517536610e+01
7.696554096028792458e+01
4.427973389120465697e+01
5.007223364585749437e+01
8.509785018954985958e+01
8.452815141499104357e+01
9.952701594315584543e+01
7.936111917964424833e+01
5.064528564054607074e+01
6.124944841748534685e+01
1.077645840117000375e+02
1.075242477093053708e+02
5.610055311470143380e+01
7.495659907312465009e+01
1.376077772908465136e+02
1.374092379467699629e+02
7.776357174695696983e+01
1.466816399729100056e+02
1.431417342772500376e+02
6.328044317220623327e+01
5.772585877421265366e+01
3.962536368125601172e+01
3.715746452689709400e+01
2.954021042143524411e+01
4.606807413479977953e+01
2.899294276845702711e+01
4.960857110850925977e+01
8.227441869463301316e+01
2.688314264054865887e+01
4.029656935093873926e+01
6.865381081232793292e+01
3.626651458912242987e+01
2.556217606461577674e+01
3.602947200110130410e+01
7.049996950907379301e+01
4.037589078719563673e+01
7.394349372836504131e+01
8.342228949529283000e+01
2.521758021959970719e+01
3.497926841173474344e+01
7.108534186592993365e+01
4.413410701952240345e+01
8.802653808249355905e+01
1.076794619569568994e+02
4.990275048584000928e+01
2.477844603625363362e+01
3.336520430460640085e+01
6.829993869180121635e+01
4.381862592535544820e+01
8.980259054050641510e+01
1.118025961077646571e+02
5.216465619992243319e+01
5.065088091002484560e+01
2.461282234962225601e+01
3.281828433757399210e+01
6.803714191394433897e+01
4.513227568329070749e+01
9.627943694244203243e+01
1.248223279122758527e+02
6.030795121533602554e+01
6.744301832160246590e+01
7.591757164008751602e+01
2.441642000891515352e+01
3.211134593786991331e+01
6.676972741626617847e+01
4.505187936733452858e+01
9.789215230161589432e+01
1.290081293932285860e+02
6.335174632593909649e+01
7.701401298635050807e+01
8.888054673584856857e+01
5.281585218814783644e+01
2.433048145549557617e+01
3.183175451181223892e+01
6.658787237118264102e+01
4.571288440090349070e+01
1.016865960704068215e+02
1.380211847609890583e+02
7.048345395148362513e+01
9.297225951134321065e+01
1.150111858314215425e+02
7.168399309032798783e+01
9.410530206201805470e+01
2.421872114525315922e+01
3.143541735622061140e+01
6.582835526781953206e+01
4.560168317354698075e+01
1.025630052167438322e+02
1.410376468473946545e+02
7.347721829380772363e+01
1.021235248014033203e+02
1.308979871845749869e+02
8.218162095718908233e+01
1.159161032996326952e+02
6.760037948459039114e+01
2.407728457592861204e+01
3.091585844249152970e+01
6.453394156763586409e+01
4.482045254066463968e+01
1.009021244998134108e+02
1.386622331145210296e+02
7.253601679635933408e+01
1.040678194242274941e+02
1.352001493469130935e+02
8.368207848771005786e+01
1.184856038888503207e+02
7.219195437985976582e+01
7.803259463129069218e+01
2.393461480692388221e+01
3.038863730172361599e+01
6.312117959928647792e+01
4.381070274717710333e+01
9.825015754442213733e+01
1.340247715985829302e+02
6.979200380194579623e+01
1.020872495435702234e+02
1.328601852845127951e+02
8.028592819679673198e+01
1.105221073538268968e+02
6.774913380259803830e+01
7.545818611413160681e+01
7.634069055081671706e+01
2.389220964910076006e+01
6.288474571241680877e+01
4.385530635426820112e+01
9.896872727433647299e+01
1.361390354413616706e+02
7.188116180447958925e+01
1.081609984990857924e+02
1.445947023412089152e+02
8.941766256622054243e+01
1.262932264902751598e+02
8.163817846464318961e+01
9.878332151822651497e+01
1.157218336666976057e+02
1.051948976090290842e+02
2.385736525377417649e+01
3.012756755290438093e+01
6.268508486382932432e+01
4.387958880739253686e+01
9.950650127345713258e+01
1.377757777019610330e+02
7.356166155364142867e+01
1.132386469919918568e+02
1.548166181837030990e+02
9.772945706639241337e+01
1.409600838421365836e+02
9.486246486828868285e+01
1.213682403703130177e+02
1.543684718912152789e+02
6.424645151196115478e+01
1.585669254414952718e+02
2.380011620713630904e+01
2.992248163736405786e+01
6.216833154105093229e+01
4.355557281866158092e+01
9.878890893840235776e+01
1.367244962447406920e+02
7.317775605350452395e+01
1.141987779561936520e+02
1.576786079136684293e+02
9.992222618358304942e+01
1.437204219956114457e+02
9.793144182502105366e+01
1.271994235262191779e+02
1.645844193582614423e+02
1.698995113918976756e+02
6.612997523407561573e+01
4.465759641173678318e+01
2.375033197606591173e+01
2.974517409365788012e+01
6.171660952773175524e+01
4.326381283939969080e+01
9.812248205742794482e+01
1.357266377723104824e+02
7.278617735721111615e+01
1.148761862128402385e+02
1.600287117703437048e+02
1.019536597001696094e+02
1.466361293883304882e+02
1.012135618338540866e+02
1.335833655622127765e+02
1.764727561539198746e+02
1.864137251337720897e+02
7.421350367822074645e+01
5.456266049842239596e+01
5.722392205120731745e+01
5.746208930520271707e+01
7.376306212979990562e+01
4.708137034788929753e+01
9.959675288091628431e+01
1.303468132832230424e+02
6.926559467716553797e+01
1.117348789328391661e+02
1.573170500550489805e+02
1.009535641295180568e+02
1.449644823911314973e+02
1.005318163915960525e+02
1.330975129812679540e+02
1.762445832093835349e+02
1.865158911640504869e+02
7.433221990624197417e+01
5.465881943725477754e+01
5.728710169525586338e+01
5.961012457391968411e+01
4.037926749812120875e+01
8.600296201871627488e+01
1.109867105439303714e+02
6.018617904094566740e+01
1.010915177238620544e+02
1.462407210841334404e+02
9.587205501247237294e+01
1.392289549111106624e+02
9.786662456312105007e+01
1.308546271374856644e+02
1.745325328459269372e+02
1.856630625302983901e+02
7.423369670012802146e+01
5.467307379111032617e+01
5.731728883650989559e+01
4.179443319995028361e+01
8.186376868292769871e+01
9.569441177648167240e+01
5.171392454671545380e+01
9.086735596012026406e+01
1.352064697793927053e+02
9.073073166863889583e+01
1.331209292909786086e+02
9.497885045449453401e+01
1.283929383226204664e+02
1.726520140349221606e+02
1.847585296282826448e+02
7.414885838948552532e+01
5.470562841153025602e+01
5.736060049662238214e+01
8.887315742048197365e+01
8.774662242429251080e+01
4.536413388053652795e+01
8.378829024441255058e+01
1.278737638051276519e+02
8.767520457128081546e+01
1.288746046295668748e+02
9.305232540463387636e+01
1.268264219978102147e+02
1.716077280401602536e+02
1.845247851503689844e+02
7.427037246769107526e+01
5.484276876382452315e+01
5.745737696035673281e+01
5.629706544286152337e+01
3.060598031679971953e+01
6.372363921612738125e+01
1.047176221853691089e+02
7.611345369091202429e+01
1.158190975817301336e+02
8.654267105369142143e+01
1.210302808926647629e+02
1.669134481016992027e+02
1.819206122161732537e+02
7.385151744180510036e+01
5.477675219519994698e+01
5.747289266526399842e+01
2.893087088523386896e+01
5.919940553491703383e+01
9.709064264554270096e+01
7.277880103592237049e+01
1.099337008019922877e+02
8.350066586708898342e+01
1.181961504243987946e+02
1.646896546080407404e+02
1.810805344101217713e+02
7.393373959406950746e+01
5.495009217638949650e+01
5.760519608471051356e+01
6.624971639585596961e+01
6.039530785423944081e+01
9.086657677676778633e+01
7.322176891337370819e+01
1.079345686436591194e+02
1.557119464558222433e+02
1.766674412005209263e+02
7.372557383633314032e+01
5.529133581920717688e+01
5.792092811716562295e+01
4.810853767628096023e+01
7.489400217980436025e+01
6.440174377554473040e+01
9.870087370563470586e+01
1.469656009551921443e+02
1.716685339457150121e+02
7.316804853765957262e+01
5.540121672880752612e+01
5.809809539744077966e+01
7.106573188045744871e+01
6.211000971178443564e+01
9.472441828900259964e+01
1.414575484418322731e+02
1.684863125212197588e+02
7.330471078027011345e+01
5.593259909518558715e+01
5.850075470385682763e+01
4.972497507844499864e+01
7.954079855456770076e+01
1.237362465666613218e+02
1.557960502431168663e+02
7.129544527875287940e+01
5.580069622654532679e+01
5.870564115674621775e+01
8.154352500108346646e+01
1.193072546529136417e+02
1.498934039908725424e+02
7.135454076232615250e+01
5.684923622146571631e+01
5.951215201600130200e+01
8.551232162241446133e+01
1.218029054393160777e+02
6.593013878553526297e+01
5.632848970716083414e+01
5.997224613294520168e+01
9.609728214485595288e+01
6.082572648292144635e+01
5.698603812733085050e+01
6.143136398230926432e+01
5.812751832073004010e+01
6.148880304242781136e+01
6.582496860055952936e+01
6.961820454203903807e+01
7.601891925753007229e+01
7.175810026773787342e+01
3.715746452689709400e+01
5.458419727774729324e+01
7.265305218278361110e+01
3.867532672215256184e+01
5.713309162910826444e+01
6.818365392573731754e+01
9.119937058642841521e+01
3.872217542580472127e+01
8.306833409886043285e+01
9.199607337767614013e+01
7.007674523803527222e+01
8.513287722051192929e+01
1.139441923747366303e+02
5.027320541956515854e+01
6.929298630148936411e+01
7.824953268358939340e+01
5.449289332489399840e+01
7.375358120044903387e+01
4.941995294241370118e+01
9.931390905572948213e+01
1.014226806831526488e+02
8.178876418717199215e+01
8.297409660668076015e+01
8.113898285092375318e+01
1.039275508060618307e+02
8.064399084156917752e+01
8.405517221388211624e+01
1.095289243960423562e+02
8.431229480425567147e+01
5.751837144239980404e+01
8.661323216209427756e+01
1.084837036824134771e+02
9.568811832333928180e+01
7.331975726810968297e+01
7.540115908836767744e+01
7.824412146191930617e+01
1.026736379821978176e+02
1.006294371542178254e+02
1.012695719006146788e+02
9.657819917817245425e+01
9.833777849167698548e+01
6.862142709212699287e+01
7.742079609418254904e+01
1.004759529844087211e+02
1.069836844469219699e+02
1.371025179593632117e+02
9.212951715772462080e+01
9.318051566426250076e+01
8.699349674991759684e+01
7.116874310938231929e+01
9.512793696634723517e+01
9.579239854013050603e+01
1.070541344302447442e+02
1.193583326646368619e+02
8.966134934103186538e+01
9.611011176756373686e+01
9.853085562097373895e+01
1.038310206545214101e+02
1.010521379378636198e+02
1.354368707058506800e+02
5.980874866229893172e+01
1.107264961432268393e+02
1.271014036650899186e+02
1.273222934684208525e+02
1.125166614054795957e+02
1.021924698362639390e+02
1.287699584813318552e+02
1.321828570410380053e+02
1.407828931301885120e+02
9.392037185903788554e+01
5.959201407157994623e+01
1.184138517287817649e+02
1.198880804886280487e+02
1.175507841447218595e+02
1.141013223958119198e+02
1.081770982920515962e+02
8.654267105369142143e+01
1.280871903896630499e+02
1.318225412006054853e+02
1.150021360769133594e+02
1.557960502431168663e+02
5.890715645830882607e+01
7.175810026773787342e+01
