7.370468784824534225e+01
8.784494891839509023e+01
7.502425268455549201e+01
9.849448279529531192e+01
1.016876775597882840e+02
4.980218422438636594e+01
7.335028129868456404e+01
6.547774713889465659e+01
6.828342092557356580e+01
5.775681224603739139e+01
7.497703718078766144e+01
7.443489319811544647e+01
3.674320336254960750e+01
5.218341145462648001e+01
5.673782532618345442e+01
4.992223108715874957e+01
3.530009091438050461e+01
5.358939796424407120e+01
4.871989095632287814e+01
5.164490501263173172e+01
5.268609708083295828e+01
6.982406193452423793e+01
6.782337650066315859e+01
3.447608705541998120e+01
5.036651507262904914e+01
5.699374740675959572e+01
4.476442922697343363e+01
5.952589637889933982e+01
5.696490631115584335e+01
4.485883690143973723e+01
6.000826642706530123e+01
4.333740611243373309e+01
4.972241128037335756e+01
5.525587718594984921e+01
5.029682677580677108e+01
4.458846802660362840e+01
6.925951652681916926e+01
6.289887622329437988e+01
3.277700953727026700e+01
4.935441104821856584e+01
5.638177883896936038e+01
5.289126592183658460e+01
4.497501100712231192e+01
5.528330175379998934e+01
4.741933029288100698e+01
4.057712023297899151e+01
5.016199225363865111e+01
4.956593421038117242e+01
3.915834966315431842e+01
5.408303000349732770e+01
4.018070814407521851e+01
5.282897391320089753e+01
2.699517765122338631e+01
4.080605554609791596e+01
4.567380778220842785e+01
4.146139548305484368e+01
2.608423974208110607e+01
5.213552866886320203e+01
3.707105570086073243e+01
5.750774534963031925e+01
5.531004187084622714e+01
4.085256739655437741e+01
2.940183701214421674e+01
5.889221896904453502e+01
4.214481293850647603e+01
4.469091804651230859e+01
3.881732642830422719e+01
4.906535178416554288e+01
3.105998614906318878e+01
4.871645378735556875e+01
5.373771467133171598e+01
4.653483897226438160e+01
3.012096540493744712e+01
5.797432512195138088e+01
5.626247193542909741e+01
4.238135329872247326e+01
6.634049073627494408e+01
4.363231724312767312e+01
4.600968254679852976e+01
6.073878767779060439e+01
5.775166496109854819e+01
4.288458299313868594e+01
3.379714249415796701e+01
6.556221933919964329e+01
4.677010592641237707e+01
7.652088817906764007e+01
7.707524086294657195e+01
5.581182331425543452e+01
3.589643733382469293e+01
6.693589056979341478e+01
7.198348048431336110e+01
4.782875137199680182e+01
5.099988085622125311e+01
3.344667536412313069e+01
3.845019216494502245e+01
3.732400178446206240e+01
3.559116934477571448e+01
5.026669781741368581e+01
3.408102230373513208e+01
3.715103308149018346e+01
4.319395298290249485e+01
4.146265777985198042e+01
3.168568349832106890e+01
4.207449295649556831e+01
2.540478566393325366e+01
1.645423685107225964e+01
2.963859381835408158e+01
3.094945726052710810e+01
2.167541067920435438e+01
2.045810892022241845e+01
2.448329768209709556e+01
3.583460511916939595e+01
3.440740248642723031e+01
2.799881561818656195e+01
3.259185340371514172e+01
2.887589597477510850e+01
2.784115640028370819e+01
3.317889004964567334e+01
2.219922015920877456e+01
2.396462268660035733e+01
2.669945666644279569e+01
1.871478117971160060e+01
3.347717713796645000e+01
3.445168968344344052e+01
2.432739367731708668e+01
2.151391803440175821e+01
2.486049103689292750e+01
2.940558434816696476e+01
3.113776932495376926e+01
3.013359172803783892e+01
2.151866722368837515e+01
2.469247151854806077e+01
2.510389504431914531e+01
2.393731722649827276e+01
2.213343711149603621e+01
3.770502823924048386e+01
3.670720292240191895e+01
2.554726126177179424e+01
2.260973724690874676e+01
2.713651439832560186e+01
2.615946533825226084e+01
3.110365803741683521e+01
2.487116286587379221e+01
2.542319143359639710e+01
2.461491931581999637e+01
2.110040308112830942e+01
2.437422260493468329e+01
3.609956172600114144e+01
3.337056982391164439e+01
2.285320257375806818e+01
2.023856931328702657e+01
2.412962825867775507e+01
2.192861887596895087e+01
2.140621358831001686e+01
1.708213492707696446e+01
1.647730180412517598e+01
1.626591719264003189e+01
1.237973565970144563e+01
1.052292078540360798e+01
1.210769862171090239e+01
1.096251807871104234e+01
1.280989070076307002e+01
2.171629201802764797e+01
1.818091747653832968e+01
2.720038377542669039e+01
2.298148253961562659e+01
2.504781972988376637e+01
2.230278279427776056e+01
2.563779927905528311e+01
3.537845760294420927e+01
3.058097066933781250e+01
3.486600309515853979e+01
3.498261043965282369e+01
3.006939132782716229e+01
3.340276338321901051e+01
4.379563747066513457e+01
2.489222412210614621e+01
3.098431593694332520e+01
1.919846495694418209e+01
2.109556601221311922e+01
2.522488107944143820e+01
3.111977502577200028e+01
3.389344580249470340e+01
7.398395262670184991e+01
7.147647906819693731e+01
7.490273867353626258e+01
5.537509510792584422e+01
7.839725205188000245e+01
5.824798564745411511e+01
7.390212656181158479e+01
6.923767352259062591e+01
8.327072876069280483e+01
3.498668229801977247e+01
9.789411043047212502e+01
1.065570591195394456e+02
5.611628314510379312e+01
4.804025228779784129e+01
8.188364370914918311e+01
1.033645818432433856e+02
3.619606869772643876e+01
3.948875301456389764e+01
6.740882034573637327e+01
4.610596547530973055e+01
4.753256206728860178e+01
3.335753611166924770e+01
9.700772065662111743e+01
9.668350595873283737e+01
5.023991245775697223e+01
5.569409120555413040e+01
5.050402942889906655e+01
2.028468278802674263e+01
7.791979145278385488e+01
6.071770427199923148e+01
5.025553482028951180e+01
5.508052974593672957e+01
2.890866602325843004e+01
3.307137611036535674e+01
5.934080090292427201e+01
6.758117989111765667e+01
4.324282328840371292e+01
4.904601237444548900e+01
2.833198746960482595e+01
3.159391323206539681e+01
9.266114951862842020e+01
7.838001536637152356e+01
8.457615530280061478e+01
5.592337331351438223e+01
6.563316526360200953e+01
4.384509591509851845e+01
2.885472409105335601e+01
4.142456521230838007e+01
2.656806202179432930e+01
6.668415500450761613e+01
8.039501094078696042e+01
8.584442272260869800e+01
5.419581556493491803e+01
4.689594627518146552e+01
4.242252602069177669e+01
4.961556211868425237e+01
3.585678839024907916e+01
2.615381694838062643e+01
6.910484966159796727e+01
6.692990012207702932e+01
7.615495175614090329e+01
5.547331960227464265e+01
4.758700115103943773e+01
4.658396237884142721e+01
5.521602803675188653e+01
2.544427490698568306e+01
3.106125596384735843e+01
8.231390593995104155e+01
8.553180506075408118e+01
9.822659073539715280e+01
7.044574345982573504e+01
6.357456285549034192e+01
4.092932366884224393e+01
5.424252177457123736e+01
6.952458448494347465e+01
4.153711081577324649e+01
3.899120638137268458e+01
3.012031744836643909e+01
2.584500144173335912e+01
8.453726812637756893e+01
8.123300582251094681e+01
6.946570216875851145e+01
6.346295484374425655e+01
6.477222137495509457e+01
7.439549628486500410e+01
5.362794438251948748e+01
5.860450199044220199e+01
3.671401372972587041e+01
3.256049879469519226e+01
3.348885644410704288e+01
3.237180984709107889e+01
7.398395262670184991e+01
7.684922750480599518e+01
7.036143761986598122e+01
7.960246233174237318e+01
8.802756731637788334e+01
7.682179542069182787e+01
9.411555922486247994e+01
8.692525974160157887e+01
5.544720179799439563e+01
7.988494483495450993e+01
8.005619414454224625e+01
9.816931248095316676e+01
9.896978265672353814e+01
5.946500314222485883e+01
4.725110461640274195e+01
1.034766128924728150e+02
1.155557364071188857e+02
7.981647172486610486e+01
7.428758559927555893e+01
8.002675597965254894e+01
8.084856839887257252e+01
1.061294358981756574e+02
1.250091943359011140e+02
9.284690049357064368e+01
9.259544409326052516e+01
8.613723514713998952e+01
8.118028728362897084e+01
1.077137541955165005e+02
1.311017558558559699e+02
1.022788936243138807e+02
1.081697994089908406e+02
9.319819840411969381e+01
3.279948565431543983e+01
8.135817458769352584e+01
1.089058722675761288e+02
1.356989639627178406e+02
1.101172582543465523e+02
1.235705269296406499e+02
1.101092460691406245e+02
3.890191497952348954e+01
3.517049033810398839e+01
8.150547147102273016e+01
8.170256282094379685e+01
1.101042026190076228e+02
1.399056351582410116e+02
1.174841158842753970e+02
1.391226922152162899e+02
1.317361282948361350e+02
4.994858928122947361e+01
4.930695739890319373e+01
1.106655174386905571e+02
1.421821251441264167e+02
1.216748821302097099e+02
1.485487935313326204e+02
1.446710868690790903e+02
8.176539664620274550e+01
3.668922967450710360e+01
8.180132404077828312e+01
1.110437893393520028e+02
1.437833139976892767e+02
1.247023018851838003e+02
1.556512449491279710e+02
1.550395618381803047e+02
6.239564575921266254e+01
6.573464970263088958e+01
3.968829359941371848e+01
1.650903156226823754e+01
8.186800014598617281e+01
1.114803537028614500e+02
1.453823564713136989e+02
1.276521312058446540e+02
1.625587627138343976e+02
1.660284152022672970e+02
6.917005225550954606e+01
7.617204866445017331e+01
4.920010758166914400e+01
2.030153913784857522e+01
3.206412986724757985e+01
8.193211833649633036e+01
1.118654716553303246e+02
1.467408209114593092e+02
1.301446575319654073e+02
1.684393556159236880e+02
1.757416630982810659e+02
7.544612403743269624e+01
8.640093539677070567e+01
6.056780470306962627e+01
8.197589146173650931e+01
1.121445028140675220e+02
1.477502878700695135e+02
1.320175104129080523e+02
1.729363726736201272e+02
1.833010897476510763e+02
8.050512179533183144e+01
9.502536006002864610e+01
7.109221109807047867e+01
3.161771948750170580e+01
4.967296338805230960e+01
8.201795030957438826e+01
1.123941675738881401e+02
1.486241927449233629e+02
1.336246213609476285e+02
1.767911470768405593e+02
1.899040999308933522e+02
8.503089758893274563e+01
1.029902603657021274e+02
8.192944748129980326e+01
3.787161299357889277e+01
6.113928500732847482e+01
6.157317308552756430e+01
3.774002351671165201e+01
2.753533272434206225e+01
8.204851257285831423e+01
1.125841144228688080e+02
1.493016205057997183e+02
1.348789014364170669e+02
1.798305431269501469e+02
1.951585854639860145e+02
8.871127432320793105e+01
1.096600112131904012e+02
9.163245526546056396e+01
4.372550733399351941e+01
7.230340048959652677e+01
7.365555098149802404e+01
4.557446088400917006e+01
3.368335810859565527e+01
8.206023061531703888e+01
1.126921613241363787e+02
1.497394359310687832e+02
1.357222768480099262e+02
1.819454425951047369e+02
1.988268800916742123e+02
9.135953029666434588e+01
1.146346986905524119e+02
4.844327483656930156e+01
8.134243500363658086e+01
8.333957436686294784e+01
5.195214288999259367e+01
3.889871459226326067e+01
4.505902770665316837e+01
8.685421805555402841e+01
1.194026313185641044e+02
1.125583100851294205e+02
1.565483374067159161e+02
1.750297690576805394e+02
8.318432841118844578e+01
1.076712899898687823e+02
1.120272504531129130e+02
8.132767327775049182e+01
8.349033443601020110e+01
5.210816304372713859e+01
3.902455267586485377e+01
4.514216053663383832e+01
3.472769269230667533e+01
8.559222930035198829e+01
8.579597677166783853e+01
1.256450687046196322e+02
1.448359146347341948e+02
7.207328760231996512e+01
9.716492267974166452e+01
1.041274696139516749e+02
9.212344505796394856e+01
8.285154348852762496e+01
5.195184980007530129e+01
3.901234424888730246e+01
4.514258703372745174e+01
3.474041252188016671e+01
6.391689445801136316e+01
9.847662876509618002e+01
1.159048570420649895e+02
6.097150968833053497e+01
8.628868479190771268e+01
9.561426546708398178e+01
8.683815073673281404e+01
4.535741560100054670e+01
8.213236170383540014e+01
5.179171512272341715e+01
3.901576388487254832e+01
4.515548347269020724e+01
3.476087870083255638e+01
3.589996379985063157e+01
7.886267090034652938e+01
7.917371953044310828e+01
9.021885566300983328e+01
5.048640866883928879e+01
7.560417149312006302e+01
8.682204438260851020e+01
8.106140749082483410e+01
4.377076607882672477e+01
7.743762491891097000e+01
8.137369069089264428e+01
3.905510521486304754e+01
4.519467874171430566e+01
3.479528891982563721e+01
3.591568718294481499e+01
5.165570491242399953e+01
3.916331297440298442e+01
6.283205043595971517e+01
7.522474150172999430e+01
7.259095867892061449e+01
4.098285380630281338e+01
7.439549628486500410e+01
7.944086516550906651e+01
6.558832525542396752e+01
3.890230705518068532e+01
4.512382062319499454e+01
3.479541696940722773e+01
3.592169793403375166e+01
3.382680491885363239e+01
5.607370773271002662e+01
6.746661650564196577e+01
6.548982901699424986e+01
3.879605324853689297e+01
7.205331184003985356e+01
7.797298110112330960e+01
5.071394161948287405e+01
3.891190948751588508e+01
4.515747830366667159e+01
3.484142202638839336e+01
3.594377015036594969e+01
7.202623979657333564e+01
6.207093158250905418e+01
3.804024839508750233e+01
7.110295799452420340e+01
7.722536221429716363e+01
5.070269551503918848e+01
3.912970317577921975e+01
6.948140335653680211e+01
4.531853341614725394e+01
3.494289525058950119e+01
3.598475276686858138e+01
5.242475976119781222e+01
4.486378471014742786e+01
3.063058731911567278e+01
6.092597950231242976e+01
6.952476563638857954e+01
4.768212932484326672e+01
3.794737795736881480e+01
4.467135687069512784e+01
3.477471838501865165e+01
3.594688880436635969e+01
3.302631019983953564e+01
2.512445959224228886e+01
5.187397542471071432e+01
6.160992598985861690e+01
4.435041777064731150e+01
3.662325145042030528e+01
4.393790369578738364e+01
3.459830363100413564e+01
3.591193695835206512e+01
2.318446510378710101e+01
4.546732193103396469e+01
5.385217052636338053e+01
4.059167448453834481e+01
3.502369266495794875e+01
4.300585669125137400e+01
3.438114030409808919e+01
3.587214577208933264e+01
3.944067675604809864e+01
4.487909461568497704e+01
3.551696508051803391e+01
3.256049879469519226e+01
4.146784690927034944e+01
3.399294060004231710e+01
3.579399143652671711e+01
2.878441521228601729e+01
2.586298966790359088e+01
2.704232569395157526e+01
3.780138574290476328e+01
3.289937205661613007e+01
3.553321204270621791e+01
2.669857157285479232e+01
2.547811907364361517e+01
3.524803768975577611e+01
3.208587529125354365e+01
3.535687806726655680e+01
3.117527261102442182e+01
3.516014526766407755e+01
3.181711601201019946e+01
3.529777056641788846e+01
3.062125746924742842e+01
2.960352218287738779e+01
3.470257477901033383e+01
2.440490605011401826e+01
3.299808483713702856e+01
3.237180984709107889e+01
