9.986501413346586276e+01
1.154983959000418849e+02
9.095628244639586057e+01
1.764268437757132517e+02
1.460761481605693461e+02
1.033672568651939940e+02
1.728806089169312372e+02
1.828128734047710964e+02
9.559160936232528627e+01
7.768099276286110921e+01
1.439521617399828699e+02
1.146559634375423968e+02
8.248503292171436385e+01
1.419048623805472573e+02
1.394219305955211894e+02
1.759630033842011017e+02
7.061208333507254054e+01
1.188434935532101662e+02
1.276154230994804806e+02
1.939908850967492242e+02
6.735659412124475409e+01
1.153712275422945908e+02
8.675685921990792338e+01
6.383141472636368263e+01
1.097574370213858117e+02
1.017562592816012881e+02
1.180586049148889316e+02
1.597615330832362588e+02
1.075822798301606156e+02
1.256606453683060636e+02
1.714960713123607832e+02
1.417568510143844378e+02
1.094173897158401445e+02
1.071379024300464664e+02
1.381003998431304467e+02
1.583293265176986893e+02
1.185942385189436976e+02
8.319967870298911805e+01
6.354603192384544741e+01
1.092232324196979647e+02
1.011796080465551881e+02
1.158707941510649846e+02
1.135075899766637093e+02
1.808602801055940006e+02
9.310421450599766047e+01
9.286192397721296743e+01
1.505309237123898356e+02
7.492783283657436755e+01
8.928308553353784305e+01
1.258956898456810620e+02
1.078333717656547179e+02
4.462071162442114058e+01
3.708675281496588383e+01
6.426346455629368393e+01
5.993818277501008396e+01
6.914943991098311926e+01
7.359483346400470793e+01
9.411571080748659313e+01
9.760110198296216311e+01
1.005392731042577736e+02
2.062412666336727227e+02
1.432354594007260289e+02
1.128976181667450334e+02
1.440955222576033350e+02
1.493312867833680002e+02
1.034506384761667022e+02
1.048852811067082627e+02
1.719117704950161567e+02
6.472215291707438212e+01
1.126228712999455155e+02
1.056715691021768606e+02
1.230370381810375306e+02
1.340118777460630497e+02
1.173618205610004566e+02
2.438794366231808795e+02
1.722090607979652361e+02
2.230070148191675230e+02
1.508326775859044062e+02
1.598375133740641161e+02
1.028787085441764333e+02
2.102993651746384103e+02
1.459669211335611294e+02
1.287378635353391303e+02
1.657320434492005745e+02
1.761466241842604745e+02
1.277017193042138388e+02
1.056771417427141984e+02
1.161716225796942581e+02
1.257272193780773790e+02
1.103558282819357004e+02
2.407245778537420620e+02
1.637368420007792906e+02
1.774127463163510470e+02
8.677425625798117892e+01
1.642605404022296796e+02
1.625288492620959744e+02
1.135400092748455734e+02
1.918520298874081789e+02
1.336511594783361545e+02
1.485211304085919153e+02
7.862666182471905074e+01
1.651152135224786548e+02
1.181369831742871668e+02
5.391592392918820309e+01
5.920971961649718907e+01
6.662027334732005102e+01
6.050092900099391358e+01
1.334846146135118090e+02
1.136740257749295893e+02
8.014888149996644984e+01
9.626746654685864257e+01
1.587741232915157070e+02
1.394250019062895660e+02
8.557396149001898777e+01
1.640600760343032221e+02
1.595401236197594983e+02
1.130813889590824601e+02
1.755230812601682828e+02
1.206022809485317424e+02
1.356775237508573184e+02
7.821881807196722036e+01
9.434276987745406018e+01
8.964609453693699948e+01
1.995140074583078160e+02
1.693933800634028728e+02
9.025094937338462842e+01
1.763697190471595491e+02
1.705965405340020311e+02
1.567365608610400614e+02
1.406563853740502736e+02
7.761982600042563263e+01
1.515093368731266992e+02
1.524939971167383419e+02
1.107566100815862455e+02
8.176683214083055873e+01
7.964775044940294890e+01
1.732336880306704927e+02
1.428438371103202371e+02
7.728096052472703548e+01
1.460710369264261601e+02
1.330353273309669078e+02
9.357744085852152693e+01
1.671383990363378587e+02
1.520479712267273555e+02
1.394162461491250440e+02
7.735327604286922565e+01
1.543020334077239397e+02
8.585113474983073445e+01
1.784051246445950483e+02
1.403197615507960734e+02
7.739456769046410045e+01
1.488061789558607870e+02
1.659519890890467195e+02
1.128002364700327291e+02
8.705138545641852943e+01
1.494885789683718542e+02
1.299296829839855718e+02
1.226311735593922805e+02
1.461295055364984989e+02
1.061077290321826325e+02
6.031642674011396821e+01
1.191516529246273990e+02
1.338259792632141227e+02
7.952372244057787043e+01
6.924920080846888482e+01
1.018381912145196253e+02
5.849283838153044002e+01
3.566132124133500980e+01
7.361127414029928673e+01
8.355202785006643751e+01
5.186924289409412836e+01
7.607274341523776684e+01
7.849603843825893534e+01
5.876742714580122140e+01
1.269107997377366530e+02
1.429482864167653986e+02
9.368498383377178129e+01
1.377656505249928500e+02
1.310524501359745386e+02
1.274947330640182201e+02
8.576663437059731621e+01
1.199718436370292380e+02
5.665583693304036217e+01
4.025342236632040738e+01
5.326805788568424305e+01
5.983773389721201141e+01
7.535026091880588694e+01
9.361168841104900196e+01
9.851766324564151489e+01
9.076699805581073122e+01
1.068802001357890248e+02
6.092506219680272750e+01
9.143729622836258386e+01
1.062470041599480339e+02
1.119407021837667031e+02
9.564729646989039225e+01
1.338898478222580479e+02
6.155914959089850669e+01
1.389890238698702944e+02
1.774434040131426968e+02
9.665028883899994128e+01
1.074547355875667591e+02
1.410393017925821653e+02
1.571182858867837240e+02
9.300442373606901469e+01
8.299529934243220453e+01
1.313028214935727647e+02
9.656795509862844540e+01
1.197572759697143141e+02
9.692839503354390729e+01
1.755773554106754375e+02
1.526938988297991671e+02
1.349482741786610234e+02
1.643856781210400868e+02
1.368207587670760859e+02
1.109372531929706014e+02
1.524997604402429374e+02
1.448958280926840416e+02
1.343022760236717659e+02
1.300347624159227848e+02
1.088985432057422571e+02
7.304285701379082241e+01
1.421023884948887144e+02
1.604594468526727269e+02
1.258854335413984842e+02
1.388602597274570201e+02
8.879262027177796313e+01
1.241630667829134467e+02
1.754297036910952272e+02
1.679063084326082276e+02
2.029857610436697257e+02
1.597775373261195568e+02
1.642446701766830870e+02
1.254388982132326333e+02
1.402108403788845408e+02
1.258182942342793922e+02
1.077174535425749866e+02
1.684538657514927138e+02
1.906641706834098215e+02
1.804694469932956906e+02
1.357229835957795956e+02
1.556640923809809749e+02
1.362482757226034948e+02
9.880263258092850265e+01
1.618447722888566886e+02
5.716166830776538887e+01
1.640561449595394379e+02
1.769800638040416345e+02
1.900838107358576963e+02
1.563791794201045491e+02
1.320639221960511804e+02
1.479376624981419468e+02
1.984066682941228805e+02
9.921310957138268805e+01
9.970065648186564999e+01
1.801214371573744870e+02
2.093620060771910971e+02
2.110744403390905006e+02
1.825746493839956202e+02
1.670245189793403426e+02
1.812958964629115997e+02
1.752144465037945906e+02
1.808222762931570173e+02
1.519192707646071199e+02
1.752321544046435520e+02
8.175251030193453516e+01
8.992599206423345493e+01
2.118457728993018350e+02
1.933701088288687799e+02
2.153179312436594444e+02
1.897178973160368969e+02
1.903056759224188852e+02
1.338504046251073589e+02
1.549287266673738088e+02
2.202302231818833036e+02
1.308552323791679726e+02
8.582783337016113023e+01
1.180749987203634248e+02
4.711944894460323496e+01
9.851766324564151489e+01
9.999278485751877099e+01
8.620919292932632061e+01
1.032053691061503571e+02
1.050007124922858992e+02
1.121214947782144264e+02
1.015375403122007612e+02
1.035027747842875101e+02
5.268739218409550062e+01
1.007178631324693896e+02
1.002799463415909429e+02
1.038154356318925693e+02
1.136843847082789836e+02
6.512816424623895273e+01
9.251001444880877500e+01
1.071440617666538202e+02
1.262378941460267470e+02
8.268961922321778957e+01
1.385171788050030273e+02
1.006047973586469197e+02
1.291435712098012516e+02
1.070133051416378862e+02
1.286664874403191732e+02
8.884513996014656811e+01
1.570553981752314598e+02
1.316699658639340953e+02
1.001275821559024877e+02
1.071826744975018784e+02
1.311057911443842272e+02
9.462459864878385929e+01
1.776462628028384643e+02
1.519381579878368598e+02
7.772173906958352063e+01
9.521235693760459640e+01
9.988266873121915523e+01
9.960573410834614094e+01
1.069802434770547137e+02
1.320009855130666097e+02
9.790774784315468082e+01
1.912906696295485460e+02
1.681235373044843584e+02
9.299819454842882749e+01
1.266095807747597490e+02
1.324418046034001577e+02
1.000390070135794360e+02
2.008228691165147382e+02
1.804815840301766343e+02
1.059777910216352694e+02
1.543338399868486022e+02
1.229506838652016398e+02
1.127630893356860327e+02
1.333219751032441991e+02
1.023239151688056410e+02
2.105151406852670846e+02
1.944778863557048112e+02
1.207672104212834938e+02
1.881354945364256821e+02
1.612271958603073756e+02
1.636938089374469314e+02
9.889182087735645155e+01
1.058747196303983458e+02
1.313788441287453850e+02
1.006931904487612286e+02
2.064867959456711333e+02
1.878790251671364615e+02
1.178642323134347549e+02
1.841196878291591190e+02
1.503976920013641632e+02
1.303856272364991753e+02
1.000652544812219844e+02
2.054493614854281986e+02
1.861163913977721904e+02
1.185611569318125760e+02
1.878319700663657272e+02
1.590927486884600057e+02
1.560927537471270057e+02
1.187787508292940117e+02
6.599296314217995985e+01
1.308288817715214520e+02
1.011058228425363552e+02
2.097819644951303815e+02
1.925409627832817421e+02
1.259366455329470682e+02
2.060926885956497188e+02
1.813553984628938736e+02
1.869800918809400514e+02
1.526871199290987704e+02
9.421972729418804704e+01
1.529071340260028080e+02
1.304132705969929589e+02
1.009512392212711660e+02
2.098800866049402885e+02
1.926112010414553595e+02
1.274990930681678094e+02
2.114171065258450710e+02
1.980055156505674461e+02
1.663373165145365249e+02
1.064167549930268990e+02
1.773422056278705838e+02
9.836175956846427937e+01
1.048773029798078227e+02
1.299540652997912105e+02
1.006641893077426460e+02
2.093857384585444663e+02
1.918062610560030805e+02
1.280009472105812449e+02
2.141041680713855726e+02
1.927499107684091086e+02
2.050705562022670279e+02
1.761801793161542946e+02
1.159935451022587785e+02
1.980308873070151776e+02
1.486684176699330067e+02
5.807459670874969504e+01
9.834867585175899762e+01
1.049136689169020400e+02
1.301822879746402748e+02
1.011817442090909793e+02
2.114954706333530225e+02
1.948956570731444913e+02
1.317268937682944738e+02
2.238528790706530458e+02
2.239705336612399833e+02
1.987559640502805678e+02
1.361590260688558658e+02
2.427807180410819115e+02
1.870264685996320111e+02
7.508952919968609763e+01
9.830438244992986085e+01
1.048502599351892997e+02
1.301422536604961238e+02
1.013212247329608999e+02
2.122659491979329118e+02
1.960087928004249420e+02
1.335502631605928343e+02
2.291906123196408487e+02
2.358506239688356914e+02
2.141574852325970255e+02
1.508736770910338691e+02
2.768558692963860040e+02
2.163611617425764848e+02
8.855842392430214716e+01
1.015490037505821732e+02
1.229656207425636865e+02
9.736672693636332099e+01
2.013618997600547402e+02
1.837778308473247648e+02
1.276139396909091914e+02
2.212279794575592859e+02
2.071408744199074192e+02
2.127488515252738068e+02
1.512399364308251677e+02
2.787872184822564350e+02
2.177935535681896795e+02
8.917179902369603894e+01
1.182065685428198094e+02
1.048335391917126316e+02
8.775216986634640648e+01
1.796142594994672095e+02
1.630293023301098287e+02
1.168180502623458210e+02
2.062084513233177745e+02
1.960384855454616400e+02
2.225993736348057439e+02
1.499409157834798521e+02
2.786615428357185920e+02
2.182226459067205724e+02
8.955053374758873019e+01
1.188071234296804732e+02
1.078530133801206006e+02
7.428751430938797284e+01
1.483626384328852339e+02
1.343770127835320238e+02
1.011753852156541882e+02
1.837933996765798383e+02
1.790102030743062755e+02
2.080677981686894782e+02
1.992810702865216967e+02
2.758426417679090719e+02
2.173266967489072101e+02
8.961699737471106175e+01
1.191917819603260398e+02
1.287131678420549861e+02
1.095718110684487101e+02
8.718406412891289392e+01
1.622200570325714466e+02
1.615678517817167688e+02
1.923781435691322770e+02
1.895308910456779188e+02
1.426660865456352099e+02
2.163816858780653263e+02
8.975247156679959915e+01
1.197222114224034470e+02
6.671933577821887695e+01
6.304105052598285397e+01
1.262592216065679338e+02
1.329224722300771475e+02
1.660176797402837678e+02
1.712546354002999749e+02
1.338504046251073589e+02
2.628171286631084058e+02
8.900335707689275466e+01
1.195790286117142500e+02
1.230845565930669494e+02
1.543046560517481112e+02
1.637569030658927147e+02
1.314985572813148167e+02
2.624011893187172859e+02
2.126071247152363242e+02
1.210164802582780226e+02
1.092754767845828354e+02
1.249707031096027094e+02
1.148193539921169872e+02
1.408279687481883684e+02
1.538416118825666103e+02
1.275713280293524292e+02
2.596948720737181588e+02
2.119891597582571308e+02
9.052344364939061450e+01
7.498520612498312232e+01
1.025343177553833840e+02
1.239082232113013617e+02
1.111132413689456229e+02
2.386960172998112739e+02
2.017585024887264922e+02
8.870863504851968173e+01
1.221555156526756889e+02
3.441508290130055059e+01
8.667206405351764431e+01
1.102458334914331886e+02
1.040334870369097615e+02
2.298539511480152555e+02
1.971407970273360775e+02
8.883308278524592083e+01
1.239839991669774975e+02
1.114466335913703574e+02
9.300889205532922688e+01
2.122174564982894935e+02
1.862852931245177217e+02
8.751411809338993919e+01
1.252101851944087656e+02
1.125421739725103549e+02
9.178096782145917132e+01
1.974072246250401861e+02
1.731332557329515112e+02
8.582783337016113023e+01
1.271341165955651462e+02
1.142110380135780616e+02
8.840465699647346298e+01
1.451610658308231905e+02
7.943886230202160448e+01
1.261367261914550539e+02
1.151445952994749859e+02
1.647643623913469355e+02
6.258063837478176339e+01
1.156210615014977776e+02
1.127162843378025769e+02
9.103629094558249335e+01
6.027264546417922020e+01
1.193916621580287085e+02
1.167564475261736590e+02
1.260513542669848590e+02
1.194467946245799368e+02
8.808298633278749890e+01
4.711944894460323496e+01
