7.601582050638934618e+01
6.542877828534496132e+01
4.421339863514783985e+01
7.731637538171580104e+01
9.379017110687540537e+01
8.938630536539986338e+01
9.120626413473917182e+01
4.840572900340321638e+01
3.264638431324113554e+01
5.417419233653150457e+01
6.128835520896721079e+01
3.378056566278907979e+01
5.320427950366374859e+01
6.246793972388547900e+01
6.188154852077041568e+01
3.511538784695408566e+01
6.095982683948140135e+01
6.290714020694315423e+01
9.256293894563781066e+01
3.726299775574748452e+01
6.137720225332535762e+01
6.537683812998257338e+01
3.587723870982401309e+01
5.777714602577687941e+01
7.108989070118201425e+01
6.799658757826833266e+01
7.848662505582184679e+01
7.074407619229964439e+01
6.736313912830139827e+01
7.726877386554536997e+01
9.139010635914031866e+01
5.885078240552168438e+01
6.970794922175866759e+01
6.976192557730337285e+01
1.030104581465902811e+02
7.386090841950054653e+01
6.908169992405633764e+01
3.638956372063190514e+01
5.946370087205446708e+01
7.291273260380697252e+01
6.649643329974162498e+01
6.805063982418114676e+01
1.056599723695293847e+02
5.197981962518325361e+01
5.426344189521367412e+01
8.600653354351172197e+01
5.227453868673489268e+01
5.126496319497600496e+01
6.035210030206381049e+01
7.419576107378895813e+01
3.644438920250356517e+01
1.901132687482461847e+01
3.244383686510388998e+01
4.048712115296897451e+01
3.756216978060593448e+01
4.247609860781794566e+01
3.892544467170127831e+01
6.534410170796817852e+01
5.258535773543493974e+01
8.651175527462164894e+01
8.684209981161221492e+01
6.473744278708458921e+01
5.926651658043382298e+01
9.933832890208648791e+01
5.529410138893108950e+01
5.746238797704097578e+01
8.940688840178232510e+01
5.521732904619919680e+01
6.939463322770554043e+01
6.541716537909810825e+01
7.460877660012373269e+01
6.063141702855502757e+01
1.001813108083446338e+02
1.033311994631001340e+02
8.276432066644365193e+01
1.316102639009907875e+02
8.140359760333787165e+01
6.271168201363979477e+01
1.020022235583371355e+02
1.042676319197484105e+02
8.574372814452377156e+01
7.974957326201318608e+01
1.362967985061119691e+02
6.711972369720358245e+01
8.386502873075077957e+01
8.038758405772004778e+01
9.210179923641003086e+01
7.596344082182542934e+01
1.033615762365319881e+02
1.665129952485093270e+02
1.063965011886279086e+02
1.235360609874814060e+02
6.607182773127748021e+01
1.100892710126712757e+02
9.844832369476635847e+01
7.458916776682748662e+01
1.212907696120901448e+02
7.851162538162256510e+01
5.268530062613443476e+01
8.810157801712533399e+01
9.507689848469200911e+01
4.523021910924992994e+01
4.225894535432829713e+01
4.738279608008216570e+01
3.939353076526884934e+01
5.346839217708203762e+01
8.121698378988796208e+01
7.335575885118198869e+01
6.667958298437025633e+01
6.243916868294953559e+01
7.899175127883840730e+01
1.172690527370248077e+02
6.416886827232828239e+01
1.037782229713871658e+02
9.556858853387905128e+01
5.878430462673482992e+01
9.430240355140567488e+01
6.219180432103397749e+01
4.239882886482810420e+01
5.014738813432985154e+01
4.419648795785337114e+01
6.181906281709013484e+01
9.503425179177349946e+01
1.082992778424497686e+02
6.053747743769451972e+01
6.954947909518878646e+01
6.497779359491659079e+01
8.355342720089251429e+01
1.115019620234038769e+02
6.211978668672048087e+01
1.030054919530258957e+02
9.569874024475508634e+01
5.633992623199658567e+01
5.108763652810482370e+01
7.144168914487433142e+01
1.075569826299091432e+02
1.219842209341000796e+02
6.618394087972134798e+01
8.622614156935163976e+01
9.441664764561393497e+01
6.795177990478393326e+01
5.949195654348238804e+01
7.788241105113094420e+01
1.089856315323198004e+02
6.277382514831378302e+01
4.392288073664941805e+01
6.182119331678181595e+01
9.043363929570887194e+01
1.015638901016358773e+02
5.592066571007406139e+01
6.299164203948846108e+01
9.583232403242102748e+01
9.331693080565065657e+01
6.754134491138701435e+01
5.803054434330532985e+01
7.700993065393194570e+01
6.732357993254929340e+01
9.492420953855391019e+01
1.053530710858259027e+02
5.923492524073926546e+01
6.779234869550437281e+01
9.740539984512415117e+01
8.265928065682302872e+01
5.534146868175050571e+01
6.414438154634639488e+01
7.016108308735904586e+01
4.100961360230760988e+01
4.823061008815047757e+01
7.056910449549775421e+01
8.199495832798872641e+01
7.977598289835569290e+01
6.987273284075570245e+01
4.505219048000883220e+01
5.617595844790078274e+01
8.503260648656006992e+01
9.913303544467565587e+01
5.304969733628453099e+01
7.235848892098101715e+01
1.144524128149304261e+02
1.334874736542459175e+02
6.945870582249364134e+01
1.121139434758730147e+02
1.265147675891638102e+02
5.508397547254980253e+01
5.686898209242569635e+01
4.614414603285291605e+01
4.893543828641935534e+01
4.920034101098585921e+01
5.108055616450806014e+01
5.157030754904405256e+01
6.486992001130192875e+01
7.040306240806340554e+01
5.141223284590392950e+01
6.603592094235499133e+01
6.578511734320343862e+01
3.549179598451271289e+01
5.110386356588544743e+01
6.613724389186113228e+01
6.413276493466500483e+01
3.402772927133634795e+01
4.597677938634758021e+01
5.141829509536813703e+01
6.865289384068476863e+01
7.107835267078792185e+01
4.343510875395092086e+01
7.093759382307943895e+01
7.768723718062045691e+01
5.139778493229032108e+01
6.919481657374352324e+01
7.273557578209705810e+01
4.710542882995184755e+01
8.219362708155487951e+01
9.617058581972561626e+01
4.742388812316396951e+01
5.129257172154308364e+01
7.271985580981218789e+01
4.842820006849501624e+01
8.732282477284991273e+01
1.057625634415095277e+02
5.138379517055263079e+01
4.983286021186462023e+01
5.125166251083509650e+01
7.308532972660354687e+01
4.982807764666245021e+01
9.279557013155327638e+01
1.172420297497979504e+02
5.891512469205856917e+01
6.355871560921220720e+01
6.351105905780327276e+01
5.119443496570351471e+01
6.917687556514616176e+01
7.303019137058382171e+01
5.047222950279569886e+01
9.582142538270994692e+01
1.245676444944145800e+02
6.458935618185051908e+01
7.507790749332676228e+01
7.692523309691272004e+01
5.618471912903935817e+01
5.119341548709296319e+01
6.931302008520185609e+01
7.344473892503097545e+01
5.149088434041961193e+01
9.990775558813088253e+01
1.342682595026735441e+02
7.278401680898062409e+01
9.121752439691523762e+01
9.977580256957756433e+01
7.947732150481854774e+01
7.790766147107130735e+01
5.115288318658922861e+01
6.924881067052835704e+01
7.332770913129377277e+01
5.174697268449939713e+01
1.014049965480705424e+02
1.386762221927603491e+02
7.718941677877100460e+01
1.015830050714320123e+02
1.152575062013356018e+02
9.543532191492178640e+01
9.812900602625202851e+01
6.536484910361109257e+01
5.105476808309182246e+01
7.254289946969051073e+01
5.111239382968761902e+01
9.986618950268997708e+01
1.365866316880075999e+02
7.651924972221799237e+01
1.032334673147986592e+02
1.181421188061148797e+02
9.826164911960408688e+01
1.010721893337984483e+02
6.771167891433087505e+01
6.944931396468150808e+01
7.175644847626769263e+01
5.039873300495552400e+01
9.791413772220306555e+01
1.333013026354865076e+02
7.468863724237604629e+01
1.022847638639905909e+02
1.170957812471423125e+02
9.696474435005799819e+01
9.858887033200076644e+01
6.543155581097774132e+01
6.862434142355142797e+01
7.254425959880170183e+01
7.179890303266631690e+01
5.061240629776952460e+01
9.884686739918177523e+01
1.357929485401436409e+02
7.725527158000599570e+01
1.085989045089957727e+02
1.275344200004393258e+02
1.088182112936233636e+02
1.146034475324638890e+02
7.988597915420487539e+01
9.078606427662047906e+01
1.104836645086141829e+02
9.096054932136601678e+01
7.180004956446639142e+01
5.074254006182840016e+01
9.945595719935417378e+01
1.375076917819993980e+02
7.913736639982916188e+01
1.135365976292070513e+02
5.094152570595817053e+01
1.360584018950555674e+02
1.189197687433800894e+02
1.287757055218554854e+02
9.314859080815661230e+01
1.116129197889905242e+02
1.466291738249201728e+02
1.327973631786407509e+02
5.795501940799687901e+01
5.091577778913072905e+01
6.853856628820967956e+01
7.162918296994695311e+01
5.064341718159830918e+01
9.928241159923041437e+01
1.374879640787435164e+02
7.955148290432035196e+01
1.156160427712802061e+02
1.400599051709322396e+02
1.239881224824499242e+02
1.361019892316915900e+02
1.002481411961956184e+02
1.230106914688224151e+02
1.662468844454343468e+02
1.525238320944635575e+02
6.355637030271415000e+01
5.088432992325382287e+01
6.843962950828274927e+01
7.139375043295170542e+01
5.045045425538287276e+01
9.878151178497310525e+01
1.367204037586003835e+02
7.930412586195390645e+01
1.162946643845464649e+02
1.418340120653723204e+02
1.266207066011815812e+02
1.402819952413067881e+02
1.047180959265259901e+02
1.307584469984937243e+02
1.805784122405248127e+02
1.685760866146585784e+02
6.998868697726429389e+01
5.586935486970696019e+01
7.345964295794071575e+01
6.847478709309633871e+01
4.807328159964217207e+01
9.225416149271217137e+01
1.262095675619673187e+02
7.402876512137193288e+01
1.109278089414803503e+02
1.367982134019018758e+02
1.233420558834033187e+02
1.377072395413526351e+02
1.035546494706729845e+02
1.300074887806941888e+02
1.802362729259697574e+02
1.686855684000521762e+02
7.010018511295130850e+01
5.596177597565979056e+01
5.519549513273754116e+01
4.054034445627949879e+01
7.782926168385941423e+01
1.067244068642689570e+02
6.440043177480276881e+01
9.999870564677524953e+01
1.262419288628756107e+02
1.161772808138826463e+02
1.006291357064707199e+02
1.277321628849987576e+02
1.785057014717070842e+02
1.679865148852752839e+02
7.002111671457683428e+01
5.597762374368132754e+01
3.837481025308689198e+01
9.119009056903843202e+01
5.597834979883180040e+01
9.018598263510205015e+01
1.162803258031606219e+02
1.091430746051877350e+02
1.259615485917024102e+02
9.760883038490628394e+01
1.253805652681170102e+02
1.767645252213579852e+02
1.673639082318192663e+02
6.998555273855512837e+01
5.602438248105521978e+01
7.249051558204786261e+01
8.047520423260800726e+01
4.869399827427101712e+01
8.129844216412227809e+01
1.065615135070880228e+02
1.018858883777743927e+02
1.195280724517362358e+02
9.422583253847911067e+01
1.747486794385509086e+02
1.666681193196269817e+02
6.996154560513009812e+01
5.609103655214438078e+01
5.146185818686105051e+01
3.438819834550275800e+01
6.336743104496601120e+01
8.793961286532028510e+01
8.812736861515044495e+01
1.073828619452766304e+02
8.754826866823526643e+01
1.170244680038524763e+02
1.643957468228016978e+02
6.957768053233361627e+01
5.602026607293307592e+01
3.216773248158001763e+01
8.124364799828877892e+01
8.193802009398223163e+01
1.007846699520543581e+02
8.370900532345400791e+01
1.136988630570523213e+02
1.674080347391170847e+02
1.636154205835555331e+02
6.962973395283935929e+01
5.616819685020080044e+01
6.449079921211978217e+01
8.248797708958909425e+01
8.139028138175712002e+01
9.852142774477681542e+01
8.227055165986230634e+01
1.124084508025465823e+02
1.667209829266035683e+02
1.642367502227729972e+02
7.012434996713513158e+01
5.654914844794899409e+01
5.809928468417132308e+01
6.302621568620122616e+01
8.096882781576394450e+01
7.174679215898974860e+01
1.026008314872041325e+02
1.578228223802840375e+02
1.599631741531328259e+02
6.948895260262230522e+01
5.649904698384708013e+01
4.957312817149821882e+01
6.672697491307982887e+01
6.266043408822910976e+01
9.339768419538437172e+01
1.488645019139208046e+02
1.557990528348706221e+02
6.903933684963408268e+01
5.661651795839195955e+01
5.999463343929661363e+01
5.742714578624161703e+01
8.655833821400482009e+01
1.406064296812007797e+02
1.519384333406024439e+02
6.888097328130095320e+01
5.698525798355820626e+01
5.090934948589890752e+01
4.872889671844561121e+01
7.572009859439914692e+01
1.262497502894638473e+02
1.435440315517638226e+02
6.782430914730599625e+01
5.717286055298617953e+01
5.120783175135507292e+01
1.131818246902630278e+02
1.339827667323488924e+02
6.675173275595636824e+01
5.767801881799421437e+01
5.173684771066736232e+01
7.038002776461311782e+01
8.254551325176764465e+01
1.093995179835060441e+02
6.159434366520524406e+01
5.695163985658196992e+01
8.545959813538314620e+01
5.606961782251223525e+01
5.684808874040407289e+01
5.434619537188358152e+01
6.073440125164690073e+01
6.509292563620793715e+01
6.076309632166115193e+01
4.893543828641935534e+01
5.940077042685043551e+01
6.266285085956607759e+01
3.613561019159070042e+01
4.997842134323914820e+01
5.735592455830520464e+01
5.453401410999070720e+01
6.270552688390142038e+01
8.041582429969356838e+01
3.892100802256501169e+01
7.890093263062391316e+01
8.565648173608695970e+01
6.621316804519777577e+01
5.584461939539377795e+01
7.932938009388595901e+01
1.056904409637278377e+02
4.945615180970202118e+01
5.917133423669694281e+01
7.595853009782693732e+01
5.615503721861244202e+01
6.696441744804847929e+01
5.138627876885078649e+01
9.552839713075938732e+01
9.910353159197711648e+01
7.577913621791398668e+01
8.011382601131906256e+01
8.030392511222474639e+01
6.736391704315266793e+01
9.825708246158856696e+01
8.128824444436874330e+01
8.283519184516900680e+01
9.373298726873976250e+01
7.884925679153440115e+01
5.578619553184287838e+01
8.668445495607842588e+01
9.883171980860208805e+01
8.725018691410647875e+01
8.254471419519188657e+01
6.748550214809843339e+01
6.814016686811947920e+01
1.023409943107647422e+02
9.560762236594563035e+01
1.000174066154396257e+02
9.099102683935726077e+01
9.499719649648123720e+01
7.722231529095594738e+01
8.958279222456958735e+01
6.236914312768308832e+01
7.376554372430231865e+01
9.832064303940371985e+01
1.063469437075060569e+02
1.184666560978987491e+02
8.712048146501162194e+01
9.330134526746390122e+01
7.942996795927183484e+01
6.832739296403337903e+01
9.089485391736357656e+01
8.373165770590303225e+01
1.035999496589300151e+02
1.142932770553750146e+02
1.066306218977562850e+02
9.276433395896349055e+01
9.133115285564039709e+01
9.815738229707449136e+01
9.255080846367468439e+01
1.201958804830925231e+02
5.480382833857958502e+01
1.108694037390205125e+02
1.253132625227443810e+02
1.284571021322928743e+02
1.078501791494519892e+02
1.041628370424721339e+02
1.188552096328794079e+02
1.140037576955133432e+02
9.622109023628398461e+01
1.231083983332706708e+02
1.394199016337464059e+02
8.584929941596303138e+01
5.875701708197648543e+01
1.167778147916813509e+02
1.185367403160419855e+02
1.240319886601577792e+02
1.152889704323219604e+02
1.042787575539230716e+02
8.754826866823526643e+01
1.224165390291543218e+02
1.302112127080322352e+02
1.109922543016794805e+02
1.435440315517638226e+02
5.645890231862885145e+01
6.076309632166115193e+01
