9.172451235733184660e+01
1.097352506746085226e+02
1.401732207360952316e+02
1.519384491851177472e+02
1.861528959017555565e+02
2.032490370663062436e+02
2.207151754692528129e+02
2.758149012831997879e+02
9.267563298710977904e+01
1.171093647988415825e+02
1.300394283446086945e+02
1.605601900833227376e+02
1.773074656674126857e+02
1.878696042483295230e+02
2.086286289717095030e+02
2.685356828036291859e+02
1.558842882083921495e+02
1.754708658504639800e+02
2.264797001183444252e+02
2.376029231765792815e+02
2.521293905117534280e+02
8.806349736704019904e+01
1.012078867345303905e+02
1.275750140203842449e+02
1.436360260780689657e+02
1.554194232317288140e+02
1.738842176057551114e+02
2.032577074940769819e+02
2.245084864052168143e+02
1.674149093055926301e+02
1.975373739983025132e+02
2.209822135670858927e+02
2.357252473948797160e+02
2.353917293239379660e+02
1.387905893405316249e+02
1.589584944930316794e+02
2.142584077339768669e+02
2.180183261593936663e+02
2.288386857138486050e+02
7.831746352978861125e+01
1.008766714695363618e+02
1.165227670073328312e+02
1.292852560523906789e+02
1.467236250056056122e+02
1.510552110488588653e+02
2.064553262754704690e+02
1.958826593843315322e+02
1.577692227843361081e+02
2.167786908667003445e+02
2.067013247785498322e+02
2.306628647981671065e+02
2.510501976409679514e+02
1.485938018485907151e+02
1.750306191471015893e+02
2.029578030901773218e+02
2.219725492476496527e+02
2.271946420569383349e+02
1.008218673263277481e+02
1.160155257804100302e+02
1.312702134503738876e+02
1.496625697583985470e+02
1.536236638319836061e+02
2.123290440237329904e+02
2.066379461751803888e+02
2.190026905702444822e+02
2.064380726158140362e+02
1.932378772975563663e+02
2.194603232959505874e+02
2.302273342484053273e+02
1.897205232754055544e+02
1.867143400797554307e+02
1.999102108779945013e+02
2.176250343548018691e+02
2.339189428106150217e+02
1.322291393805860196e+02
1.871950548062823145e+02
1.853648001958529505e+02
2.137101129556003514e+02
2.390725818623960492e+02
8.557014161512509531e+01
1.008962293671400516e+02
1.170697782141018735e+02
1.199969564643553070e+02
1.686265019620962846e+02
1.733537910990200146e+02
1.646615040827514918e+02
1.905123969616354316e+02
1.740624682718143106e+02
1.949821108806714847e+02
2.105776476765155678e+02
2.219150174447355539e+02
1.813680310578555179e+02
1.734047222045738863e+02
2.017314897707254886e+02
2.171134927185614174e+02
1.666852965397937965e+02
1.679034779400848834e+02
1.840136697587441290e+02
2.054156367186768932e+02
2.264187174110706167e+02
9.984432732142458633e+01
1.165350794535345074e+02
1.655750570408911528e+02
1.724425055016066040e+02
1.607346414324054820e+02
1.818196420877882531e+02
1.998827053829370470e+02
1.158025556944335079e+02
1.981040509505581042e+02
2.037683671845878735e+02
2.193110251651574174e+02
2.461848748052909457e+02
1.725302274544177408e+02
1.926544874024671117e+02
2.060166894099497483e+02
2.048868762900100648e+02
1.500741127491918405e+02
1.710364314922495055e+02
1.895112191544623954e+02
2.057280624653711811e+02
1.830603414888115594e+02
2.023433881685902520e+02
9.749050116405655331e+01
9.525229026630296403e+01
1.384257474445670368e+02
1.470146382449860027e+02
1.394468588316187549e+02
1.533008174826750576e+02
1.725956169206966990e+02
1.878104756463610556e+02
1.837641000020220758e+02
1.894303554198838242e+02
2.057888486356845306e+02
2.300249778838046666e+02
1.707015376372337983e+02
1.790994069906409720e+02
1.968183258241749911e+02
2.268202090016507668e+02
1.807379384770973161e+02
1.859572750189562385e+02
1.227749318279277162e+02
1.429177646245136089e+02
1.632307423408177840e+02
1.830420667683176816e+02
7.214922184885803347e+01
1.068683135353153943e+02
1.167942025207946415e+02
1.132429909927366367e+02
1.262558290769938054e+02
1.411736176022542395e+02
1.498204070301945592e+02
1.667406716795833859e+02
1.705895992060610524e+02
1.868583263101966452e+02
1.876219882212501773e+02
1.588403042868633861e+02
1.661490866975607616e+02
1.848218872002201181e+02
2.118076101577755992e+02
1.407613434614919470e+02
1.506440413368562474e+02
1.689364193607207483e+02
2.004947154063076198e+02
1.185801198549488902e+02
1.362689398648645920e+02
1.534527926131900983e+02
1.625990204772434993e+02
8.993009196289770557e+01
1.014644851086023181e+02
1.011386453345276237e+02
1.141918702161597707e+02
1.283437211321203222e+02
1.361013968223028883e+02
1.433752997533265727e+02
1.623471129702058420e+02
1.911572263992116518e+02
1.815537193965142251e+02
2.297270912208565505e+02
1.609618248447076496e+02
1.792879022882345623e+02
1.731199735467694438e+02
1.471037338131435490e+02
1.623737589787717468e+02
1.674869842879176645e+02
1.299635343724901588e+02
1.379101560318478050e+02
1.574120684841914226e+02
1.855097963926494913e+02
1.171309546479434402e+02
1.276201848250243529e+02
1.457342821931148080e+02
1.778808860630856827e+02
8.310082333753074124e+01
8.565296912243992722e+01
9.830251734873870362e+01
1.107216910312979934e+02
1.185365040497891016e+02
1.245416523916885154e+02
1.369195681712272119e+02
1.440536176724295103e+02
1.732727036113978727e+02
1.743761982850900267e+02
2.223576027496110328e+02
1.724379230641264940e+02
1.656923664758667201e+02
2.129628832042076283e+02
1.430522367997801041e+02
1.626468973854248929e+02
1.600819874129514346e+02
1.312017118714904598e+02
1.446906333518796544e+02
1.535312329698661813e+02
1.213406128657168495e+02
1.302292499030742192e+02
1.523019027736491466e+02
1.844330767194425960e+02
8.831101641454625906e+01
1.011606008028868757e+02
1.136746576769251362e+02
1.229434024516783523e+02
1.311499228253674971e+02
1.354658721352774933e+02
1.574574388855837128e+02
1.585636704813089182e+02
1.598234053896870535e+02
1.625840352498507002e+02
2.030938182658358073e+02
1.489582276802955221e+02
1.452771740468893427e+02
1.904885327516903999e+02
1.205107942748931862e+02
1.411918584662633975e+02
1.430572203611394571e+02
1.150788228845993473e+02
1.272590413832166547e+02
1.404503867171617912e+02
8.575615447788698020e+01
9.202708411361030016e+01
9.880955951855122521e+01
1.058918509032320401e+02
1.077533202333306406e+02
1.288567270581419280e+02
1.268590283538201930e+02
1.692350220192475660e+02
1.477748092184624227e+02
2.154496001188603316e+02
1.335373597999714264e+02
1.384012848992729516e+02
1.243141139182097703e+02
1.297650682094192121e+02
1.743747847845598358e+02
1.187857385785382860e+02
1.184398148923839216e+02
1.601917147718277192e+02
8.916537877260653033e+01
1.076902400196761249e+02
1.123619970795684253e+02
6.876031219700077202e+01
7.309796748246667164e+01
7.904312826131007341e+01
7.853883761249696249e+01
9.558152627533947054e+01
9.377256187561403067e+01
9.854959212743831642e+01
1.346890109632788324e+02
1.294132363540675499e+02
2.048257775297829824e+02
1.230015425320565470e+02
1.817302325407672754e+02
1.103162504293004673e+02
1.165321226083109281e+02
9.548509302906720109e+01
1.015298081497442269e+02
1.404661434019665762e+02
8.896589166823190453e+01
8.895630627144696234e+01
1.219152405279543956e+02
6.379505964233557336e+01
7.020059862086525015e+01
6.832231741124228108e+01
8.518365859065075085e+01
8.389215112161606669e+01
8.725266969650552085e+01
9.273380376787807222e+01
1.367578292671130953e+02
2.518605469993353836e+02
1.099531877361995100e+02
1.775115539064938446e+02
1.039742943629532590e+02
1.555726275936709158e+02
8.633218933673533968e+01
9.243259887868690328e+01
7.976702692424488816e+01
8.604348742552113549e+01
1.220056933226805285e+02
6.452150591749392561e+01
6.079084842919598941e+01
7.857065153669405788e+01
7.740883267049579786e+01
8.154530182178346820e+01
8.757273511852746140e+01
1.311689128317590018e+02
9.576723022197414537e+01
2.104969545433108919e+02
8.971017185068919275e+01
1.480900310117842196e+02
8.119035423632131199e+01
1.228578350442234637e+02
7.190804690921868314e+01
7.902949450035052337e+01
4.569039687194560884e+01
6.277805621035016514e+01
6.184428212477104836e+01
6.639910748440087218e+01
7.239251516299951561e+01
7.465844694050387886e+01
1.254678881940827324e+02
7.982320337732225823e+01
1.671689192320722839e+02
7.100022563141952503e+01
1.207502629851264118e+02
6.352484846519678285e+01
9.773238968727758902e+01
5.209276801440331894e+01
4.881791161164670001e+01
5.314022543655683251e+01
5.845516935644761247e+01
6.134028579727210229e+01
1.353448958114159666e+02
6.464660575944961352e+01
6.785722258820663910e+01
1.414703684909453898e+02
6.224883691768015836e+01
1.067555436265777047e+02
5.595583432753827680e+01
5.711362402000413141e+01
6.040522729274074010e+01
6.276803517334479210e+01
1.362331636118788083e+02
6.181780547572688533e+01
5.630944595324868374e+01
1.185275971006222733e+02
4.110571400916088436e+01
4.516080884729088751e+01
4.911180772270865447e+01
1.084056881750766479e+02
5.111420673093430622e+01
6.090222402790046630e+01
4.552338301654066299e+01
3.951850853720242895e+01
4.186737011045178747e+01
8.797676453539556007e+01
4.232720129582143898e+01
5.053710259432103413e+01
3.929564201471065132e+01
7.393497111261137889e+01
3.630149441436014257e+01
4.308237067860997627e+01
6.316148074068551210e+01
3.183885568220095408e+01
3.752980721946885012e+01
2.504069083337130763e+01
2.920757990398292492e+01
4.906518967370720219e+01
1.115155560644271162e+02
1.047697214574980791e+02
1.004179133744207348e+02
1.115113814479306171e+02
1.476212730125149051e+02
9.803588337067333214e+01
1.477066443838619705e+02
1.134137149406480347e+02
1.462623339744577606e+02
1.062139891680051562e+02
1.863224013027059414e+02
1.831432486983548813e+02
1.448345505750414191e+02
1.000946951613898790e+02
1.868806614844667706e+02
2.033680982852894488e+02
1.432367701574642922e+02
1.052715381161574442e+02
1.795005488118295602e+02
1.908218668217868128e+02
1.340222568309274038e+02
9.011466477454723645e+01
2.076295025554088909e+02
2.258096525790271301e+02
1.679564893755093635e+02
1.717736730948877835e+02
1.295537900015948480e+02
1.045223165305545336e+02
2.080936568527671113e+02
2.149283272852277662e+02
1.634573676283234249e+02
1.740884539610774482e+02
1.348692584301438728e+02
9.691596331819543764e+01
1.988149181744165332e+02
2.060171961567702397e+02
1.677837870878875037e+02
1.613011251098936043e+02
1.377448572203560673e+02
8.560169995131425935e+01
2.318287750834378187e+02
2.399317671201244195e+02
2.378007736509586607e+02
1.983244962347146725e+02
1.978276091072103782e+02
1.671154319446405054e+02
1.935519095124516582e+02
1.182135659069893876e+02
8.348618205008020254e+01
2.333960034835644421e+02
2.309026249630880727e+02
2.392714342527241342e+02
1.991009533434804837e+02
2.108290766443349469e+02
1.620738765492114624e+02
1.733228126077598574e+02
1.047716683175238472e+02
7.733032162982250668e+01
2.288778458705914431e+02
2.401077972203827926e+02
2.254409944962955876e+02
1.881296663668153997e+02
2.167432083286293789e+02
1.429886785292388822e+02
1.401947381742559173e+02
1.060735445779317700e+02
6.628282084948202169e+01
2.600205796113145311e+02
2.669902651741936097e+02
2.601201939818389519e+02
2.199844484117958814e+02
2.396117207377495788e+02
2.693668280633364134e+02
1.864799577741462997e+02
1.888626588889579807e+02
1.332731526419395038e+02
1.380358640541447812e+02
1.031207712650662245e+02
6.542154407598538057e+01
2.500945494592284888e+02
2.686429545565609942e+02
2.785066894915555622e+02
2.128949477407688846e+02
2.330491158630266568e+02
2.421652086444913721e+02
1.712638373249141921e+02
1.679073123191158459e+02
1.276843946659661526e+02
1.376095666031933149e+02
9.055982854378737557e+01
6.006823795026332391e+01
2.766748014620059735e+02
2.909438178852814190e+02
2.995413020646805649e+02
2.790609590231176753e+02
2.431936691535890986e+02
2.581428113393005219e+02
2.892422881735899409e+02
2.095254312140302488e+02
2.081072107479645581e+02
1.979278053365495680e+02
1.578398853925180845e+02
1.669783826321084064e+02
1.248427056915786721e+02
1.312308158801391471e+02
8.723964535186436819e+01
5.647785136295903641e+01
2.711847048252353716e+02
2.862612640307146421e+02
3.059462338652214726e+02
3.405235833631699620e+02
2.371556657198629807e+02
2.516953813879220547e+02
2.490372814823734871e+02
1.960866620485703038e+02
1.962032129364108926e+02
1.973008507426105496e+02
1.528671788549220310e+02
1.635015563736534716e+02
1.209523047570712606e+02
1.222083240182763149e+02
8.326359462439410208e+01
5.437276837497126536e+01
2.693304178184201874e+02
2.801968776767523650e+02
2.999632519265687165e+02
3.089747876002881526e+02
2.358415715606230094e+02
2.355880326204799076e+02
2.255762853570898585e+02
1.840073820299883494e+02
1.944467431391373395e+02
2.033923919745160163e+02
1.504735364166617728e+02
1.532065500781265257e+02
1.150282353197133034e+02
1.207827654882834594e+02
8.027979345902883779e+01
5.005437665321137786e+01
2.948983965985013924e+02
3.064022668700749250e+02
3.203974096110360961e+02
3.554818123563696872e+02
2.645286876537703620e+02
2.787953392397790822e+02
2.714482925906992818e+02
2.558099820085099054e+02
2.199836088082289507e+02
2.218518898706650475e+02
1.825012628824078433e+02
1.889256083703552633e+02
1.930255745946553247e+02
1.501542356420356725e+02
1.539368468011410016e+02
1.113309153426376952e+02
1.216074781423731110e+02
7.512861506409184642e+01
5.293185171933766497e+01
2.825285005795539632e+02
2.936189455866727940e+02
3.062866317356788954e+02
3.004298328681126122e+02
2.482366959679919489e+02
2.489015165193590633e+02
2.443902369645444708e+02
2.435371573718602747e+02
2.013318331246433388e+02
2.083475573966458683e+02
2.174557286778789091e+02
1.694562884193902619e+02
1.731446784234668144e+02
1.708191354081367024e+02
1.346067674050376866e+02
1.439213141595352852e+02
9.729216383046043859e+01
9.994493260455240602e+01
6.408562363833554798e+01
3.851077052924562594e+01
2.785887235546535976e+02
2.926309488940765391e+02
2.878459551012006727e+02
2.733464652250837048e+02
2.375028762064928856e+02
2.366026713484568802e+02
2.452112260566949260e+02
2.543228275196316304e+02
2.007514418470383930e+02
2.072976904909456835e+02
2.067277506606754400e+02
1.633054244953140142e+02
1.706669526322168906e+02
1.742742949562989736e+02
1.278607932092269976e+02
1.369016826113288801e+02
9.000887321930557050e+01
9.355718116008473828e+01
5.925655882264528174e+01
7.052050845249006272e+01
2.764175662431023284e+02
2.739983172072018078e+02
2.722281066373193994e+02
2.781308452409207916e+02
1.958324026299945615e+02
2.024115453817695709e+02
2.024951941302649914e+02
1.598086345708839531e+02
1.693023073434671346e+02
1.793923901512174837e+02
1.224249443096475289e+02
1.248664328052492607e+02
8.365160344170966766e+01
9.016522399731287862e+01
8.320856631111010415e+01
3.048371218298731833e+01
1.115155560644271162e+02
1.209646344498992079e+02
1.113122681517089774e+02
1.215145367753486170e+02
1.345324114644531903e+02
1.035231987057227343e+02
1.209980884607028315e+02
1.456212890944542551e+02
1.371288225935665821e+02
1.230848862099555276e+02
1.197604099591077187e+02
1.483971973724493409e+02
1.552305964730038568e+02
1.574670711492122166e+02
1.061888505337064714e+02
1.187125847806617571e+02
1.487943795441519228e+02
1.648969431892940349e+02
1.833210081306797292e+02
1.405172314431530936e+02
1.197208351991858279e+02
1.179164346885078629e+02
1.484625943362978546e+02
1.699849650435700141e+02
2.006443214461967273e+02
1.687457323472336839e+02
1.545116512568265819e+02
1.135955750836878337e+02
1.172245883371979289e+02
1.476410629033696580e+02
1.720539287676904792e+02
2.108374786904256268e+02
1.893816229197940118e+02
1.845694564088496179e+02
1.427950765938277868e+02
9.424493638537957452e+01
1.167172075619191531e+02
1.469772411010164319e+02
1.732901219007210614e+02
2.182210054064808276e+02
2.067197617001759227e+02
2.152526732158276275e+02
1.818945112453541526e+02
1.350697816182018016e+02
1.033680892694668501e+02
1.160673427167733962e+02
1.455265830335477517e+02
1.719367512084148757e+02
2.187378341869169560e+02
2.130674800744411641e+02
2.297338438228600808e+02
2.032124191712652532e+02
1.591849776382884727e+02
1.285149236442976246e+02
9.450051506565672810e+01
1.155954719715626595e+02
1.444755122136961347e+02
1.709192046574545714e+02
2.189821219501272367e+02
2.176854632780977852e+02
2.411913223650890927e+02
2.215012881541579759e+02
1.812671742501290453e+02
1.523363249052741253e+02
1.162050816587788802e+02
1.041417971033706493e+02
1.153056501200012605e+02
1.438993976821599006e+02
1.705976963202479340e+02
2.200738716938284369e+02
2.225679756288562032e+02
2.526847340739083734e+02
2.402539739875831799e+02
2.052611606787910148e+02
1.802137667569917880e+02
1.437045717604684398e+02
1.344766103499446501e+02
9.692862495227245745e+01
1.150580598992559658e+02
1.433772318998449009e+02
1.701642380709578504e+02
2.204898089312078184e+02
2.257339599040498683e+02
2.609031959981814452e+02
2.547452842793914556e+02
2.252159980257534926e+02
2.049557011913346969e+02
1.692749313828988136e+02
1.649546663101510831e+02
1.184766518221227898e+02
7.734256145463386645e+01
1.148336486646767725e+02
1.428722921681195999e+02
1.696105146710943359e+02
2.203435519498106601e+02
2.275199680139891996e+02
2.663743408606345042e+02
2.653459066114691041e+02
2.409727401461759939e+02
2.258459326823326023e+02
1.922667484550922836e+02
1.945964950240492612e+02
1.429944916724116410e+02
9.401537716128353850e+01
7.251042828524744266e+01
1.691484647898053311e+02
2.201631434715678495e+02
2.288261822232699103e+02
2.705987150953083642e+02
2.738758978812282407e+02
2.542285066505920383e+02
2.442857473031441202e+02
2.237749599310008080e+02
1.690668288587583845e+02
1.136109628433750913e+02
8.948658461042055023e+01
7.196503073538546857e+01
1.145089419561007134e+02
1.421438578313833148e+02
1.687953374302041425e+02
2.200450830855592130e+02
2.299001703853965637e+02
2.740609497435696085e+02
2.809763970230742416e+02
2.655687031741196620e+02
2.332805982712083903e+02
2.518770501525596615e+02
1.955456253514422542e+02
1.343421873225414913e+02
1.076932885414193635e+02
8.649045376951416131e+01
5.746181120332316539e+01
1.143844332817373868e+02
1.418622712199552325e+02
1.684644896306494672e+02
2.198608698786034381e+02
2.306485754120305103e+02
2.767174626427354838e+02
2.866859411251671759e+02
2.750641876251575582e+02
2.749178032566499610e+02
2.513407462979799334e+02
2.791200595434514753e+02
2.232092662480573040e+02
1.582830848902590333e+02
1.316202075249606764e+02
1.109189942657477275e+02
8.056769497914636702e+01
5.773437445643409660e+01
1.142668040891494599e+02
1.415831994573130999e+02
1.680890853687598394e+02
2.194820750888454768e+02
2.309078401577011164e+02
2.782857626224278533e+02
2.905476234011916290e+02
2.819535962584071171e+02
2.857328534815097214e+02
2.654575766808174535e+02
3.012594150181176360e+02
2.463509560400407281e+02
1.786580364481821164e+02
1.519251875828214509e+02
1.307939465853812919e+02
9.757678648954438927e+01
6.322931928190314466e+01
1.141797358279653452e+02
1.413863799500261393e+02
1.678521757355647424e+02
2.193222143666370698e+02
2.313459601002588215e+02
2.799613407484750383e+02
2.942978666070727058e+02
2.884550059912178881e+02
2.959696863360996986e+02
2.790609590231176753e+02
3.230389406563348871e+02
2.699026589634013362e+02
2.002943816533520192e+02
1.745994085594663261e+02
1.545079955330505754e+02
1.197333037982105424e+02
7.754694548366431661e+01
5.043105654212486400e+01
1.141107599160473711e+02
1.412349927351723693e+02
1.676826780209413243e+02
2.192467813546934110e+02
2.317941241457790511e+02
2.814975735555220240e+02
2.976371545872586353e+02
2.942146416464162826e+02
3.051196122273349260e+02
2.914273379084910971e+02
3.432493174003788567e+02
2.923565381623477606e+02
2.215559088265777063e+02
1.975844272039947782e+02
1.793432194706263658e+02
1.437402761925332868e+02
9.725274485677797998e+01
6.882437277162594569e+01
4.855682389519984099e+01
1.140522313580036240e+02
1.411071549798276124e+02
1.675400528961287705e+02
2.191829560681057956e+02
2.321685536337031692e+02
2.827849271302677039e+02
3.004509049432420511e+02
2.991139749404332520e+02
3.130078581095206687e+02
3.022748950066504676e+02
3.613592725612820686e+02
3.129866184523754669e+02
2.416276233501418744e+02
2.198934643595592036e+02
2.041452866805640269e+02
1.684598249797046492e+02
1.204251168002284516e+02
9.172255052278948995e+01
6.640632803366457892e+01
4.997886477211078216e+01
1.140081472799599851e+02
1.410168789885109391e+02
1.674579668705207212e+02
2.192090323966400263e+02
2.326025867864591135e+02
2.840696039300643747e+02
3.031105546685586205e+02
3.036439275433269813e+02
3.202767693298503104e+02
3.123356353034424160e+02
3.783205786848451453e+02
3.326427204354383207e+02
2.611708381616459747e+02
2.421446206984290939e+02
2.295176411445739291e+02
1.943870314633570899e+02
1.186644029062757539e+02
9.021492388466405998e+01
7.109081948056508793e+01
5.893986940301931554e+01
1.584369013164933051e+02
1.138912464440090844e+02
1.406935228485831146e+02
1.668707361400988987e+02
2.181570867772023803e+02
2.313808694530161461e+02
2.824861016528327013e+02
3.016295418726946309e+02
3.027463082956426774e+02
3.201161265569408556e+02
3.131116593050409733e+02
3.814982786650951994e+02
3.375011692220651298e+02
2.665699846870809893e+02
2.484052366062097690e+02
2.363675668918812676e+02
2.014251361176265789e+02
1.234138390053266221e+02
9.163450119923913917e+01
6.832124395435204178e+01
5.057906044457498496e+01
3.227639777048498360e+01
1.649414932734890726e+02
1.138709336157570107e+02
1.406656372394621428e+02
1.668913433291205877e+02
2.183409784213041291e+02
2.319359705192806302e+02
2.838111586896104654e+02
3.040984042029969032e+02
3.067246587618943181e+02
3.217060563945064473e+02
3.960033789509518556e+02
3.545376517998914210e+02
2.838540869467680636e+02
2.685304775810126330e+02
2.598058233831930579e+02
2.258262879693981802e+02
1.494504186224237969e+02
1.146305855825897595e+02
8.874791303197457637e+01
6.884830973426382172e+01
4.660121039710515589e+01
6.481849119925749392e+01
1.138479998783694924e+02
1.406254571265021696e+02
1.668763144482931580e+02
2.184328264097165970e+02
2.323174623945112103e+02
2.847931177683302622e+02
3.060090749901119125e+02
3.098944291964895115e+02
3.288056995910388878e+02
4.082275120336596501e+02
3.691698741934302461e+02
2.989839579503121172e+02
2.864857870404050573e+02
2.811215623761666507e+02
2.484834580368337242e+02
1.751737910998984660e+02
1.379335607110748185e+02
1.101770238291259147e+02
8.890216290906164431e+01
6.359330189584731130e+01
9.608669497397789883e+01
1.081068768452940105e+02
1.386342666320733770e+02
1.878826001620188606e+02
2.066449570510145577e+02
2.584897066193800583e+02
2.828754113472990070e+02
2.912817688473134581e+02
3.154216207434142802e+02
3.970632224590302712e+02
3.627516877823539403e+02
2.962670459129680580e+02
2.856997318280043032e+02
2.816406034338072573e+02
2.499938888446137355e+02
2.139031738568374124e+02
1.392893810913173809e+02
1.111335959684844568e+02
8.953638243605021785e+01
6.394309800672091626e+01
9.643059214252723166e+01
3.032485074384146628e+01
1.080755711813424966e+02
1.529458355842718049e+02
1.768088614579399973e+02
2.273400422614170395e+02
2.549223592701317784e+02
2.682565522305752097e+02
2.951236634530030187e+02
2.993093468811491675e+02
3.530322223966894057e+02
2.913676237475629023e+02
2.832752760147595268e+02
2.809562365818546823e+02
2.507767068912328909e+02
2.154364113608739899e+02
2.039997030969128957e+02
1.121168258007429017e+02
9.019824002986588596e+01
6.431207320393836824e+01
9.679551118434150681e+01
3.036922318305155954e+01
1.098821570815494653e+02
1.395394918147181897e+02
1.885808541720549272e+02
2.196956889122994312e+02
2.386205631656488322e+02
2.684722193680278224e+02
2.769147272054459563e+02
3.597712943605447435e+02
3.382380272678533402e+02
2.829775104810350967e+02
2.781100246762852635e+02
2.781516513531714168e+02
2.501567011734962591e+02
2.161291948826403768e+02
2.049717648872503162e+02
1.802833391501883682e+02
9.085116949116076057e+01
6.468370833355274385e+01
9.716765022736917956e+01
1.418922869563158713e+02
9.889004276846171138e+01
1.453769155670369457e+02
1.797262870088058833e+02
2.041993952841154965e+02
2.367934718425534015e+02
2.496570976239464414e+02
3.321397265948532436e+02
3.186172389018565809e+02
2.701411503985596596e+02
2.731218903087262220e+02
2.480438230776831290e+02
2.159282934583387430e+02
2.053680804148038135e+02
1.815021853452261666e+02
1.430274741793266173e+02
6.506561246782136720e+01
9.755490177847659083e+01
3.046232540020381663e+01
1.157761823889368316e+02
1.483962694926181314e+02
1.760442406154420212e+02
2.095405958200361738e+02
2.249459077468133046e+02
3.066487525831974494e+02
3.004044283574538667e+02
2.602175382320667154e+02
2.467172219973924143e+02
2.165234506591370973e+02
2.064431698174409746e+02
1.834185900336507302e+02
1.446738207667102358e+02
1.152439456913201212e+02
9.806104696239525254e+01
1.067462631384637319e+02
1.391634529097649988e+02
1.739850643372863317e+02
1.923716249451080103e+02
2.716013005019170805e+02
2.739367748328450034e+02
2.431171455035262738e+02
2.505066023698442166e+02
1.130952989815942260e+02
1.454735012647161625e+02
1.633427005172861470e+02
2.389891228883009262e+02
2.485645948267973040e+02
2.263833422493589467e+02
2.380954443911293481e+02
2.513268695286896559e+02
2.060216562135454978e+02
1.860644583393137736e+02
1.475715821559198559e+02
1.177482116410655522e+02
9.425240578464935481e+01
6.667093625753402364e+01
1.136514689560968776e+02
1.300557722068662372e+02
2.007164752546368334e+02
2.176681099886261563e+02
2.050615384079824253e+02
2.213942258939988790e+02
2.386281866843604575e+02
2.303053144289573311e+02
1.869909217854649057e+02
1.490063674628965202e+02
1.191341427439462564e+02
9.533169579453186770e+01
6.732651897933961038e+01
9.985181464567192222e+01
9.172947947064407970e+01
1.549914355653996267e+02
1.795387532674893976e+02
1.774979152831658098e+02
1.986000792913719124e+02
2.201467403779124652e+02
2.182123451767616302e+02
2.041500768555618492e+02
1.864552561617962851e+02
1.497385176767513144e+02
1.202265920178336671e+02
9.631081859699227721e+01
6.796462114528723930e+01
1.005297647781818569e+02
3.082964627037949157e+01
1.120015927851899704e+02
1.416257858860908527e+02
1.488747899859434938e+02
1.736727510316345047e+02
1.987778119286118965e+02
2.033575046596923244e+02
1.955429921393939878e+02
1.953873498222799583e+02
1.501870962865603474e+02
1.213146939382201737e+02
9.737870858307684330e+01
6.868713909041630927e+01
1.013081104513718884e+02
1.029232835768528247e+02
1.182975096632809340e+02
1.457044798981228837e+02
1.732959475189029774e+02
1.843170091435331983e+02
1.834407107313535619e+02
1.870505615773869010e+02
1.818961845137207547e+02
1.220903872784322317e+02
9.838656361500206060e+01
6.943607172690214213e+01
1.021447536239976017e+02
3.103468889109450757e+01
9.851340496181430240e+01
1.242795114106418026e+02
1.514568178630827049e+02
1.670128993689012873e+02
1.722371637834610567e+02
1.789062575347109885e+02
1.793923901512174837e+02
1.501388773924266502e+02
1.000217984550726413e+02
7.056991321715894117e+01
1.033676052755279642e+02
3.118845030983597866e+01
9.890828530673279317e+01
1.230589243625997113e+02
1.424377449106307267e+02
1.541497337699842092e+02
1.645576297700561099e+02
1.721732872902670408e+02
1.478277330891735062e+02
1.239175265494911997e+02
7.157006236333755567e+01
1.045452375910994078e+02
3.134172882382806691e+01
8.735796026544701931e+01
1.095876909442991689e+02
1.276684934980257111e+02
1.421265981020170273e+02
1.579254666271382064e+02
1.410711712619880132e+02
1.217873901767249691e+02
1.011654638918814868e+02
7.218983359533703492e+01
1.054951190569038744e+02
3.147634685656515074e+01
7.959035583598578967e+01
1.007601826263712610e+02
1.168492439472047408e+02
1.400665040426209771e+02
1.315425369340425164e+02
1.181901243823829191e+02
1.006721221346754049e+02
7.277725784468070458e+01
1.065613492445238393e+02
7.712553759514095475e+01
9.100417481596741709e+01
1.198311849841591652e+02
1.193239256587355612e+02
1.129557019470724981e+02
9.961564963108438064e+01
7.340181802211655793e+01
1.078748751959052896e+02
3.183513518442065759e+01
6.157861617330264181e+01
9.408977399338392900e+01
1.014601345758701143e+02
1.036477802824857264e+02
9.650441268789744242e+01
7.347172272575380703e+01
1.090666914065067630e+02
6.705004620977888408e+01
7.845554498100342755e+01
8.923366250234558095e+01
9.016522399731287862e+01
7.248102155162501958e+01
1.098888541597383153e+02
6.413059252346529604e+01
7.586584662586263050e+01
8.273401734007656216e+01
7.126706626636341468e+01
1.111446270296461165e+02
3.260290039409266427e+01
5.412889252726409239e+01
6.830120581885952902e+01
6.684064084144044671e+01
1.109338271401986447e+02
3.293315743548672003e+01
5.084977898485005454e+01
5.852747902243328326e+01
1.078747527421771935e+02
3.321747780950696693e+01
4.753471621817470805e+01
9.939922781906403770e+01
3.339329779170805779e+01
8.126889653206718833e+01
3.319964172404525016e+01
3.048371218298731833e+01
