6.218506249615897730e+01
8.738665744700001881e+01
1.167895804283666195e+02
7.761200198912733583e+01
8.373495326834050445e+01
1.415140121105059450e+02
1.393120422292999478e+02
5.385854490096821934e+01
7.474911538312214532e+01
9.297824501426566712e+01
6.226166545363202687e+01
6.839053475233350810e+01
1.255198746505963072e+02
1.046372811179094242e+02
1.227520581690596657e+02
6.621613472386439980e+01
1.128693106451432726e+02
1.129208506452148697e+02
1.327437659760867632e+02
7.977516099129132954e+01
8.707921229709647548e+01
5.811793112191216437e+01
6.497449388543392956e+01
1.191364509996395071e+02
9.716139029381304226e+01
1.122735607774752964e+02
1.292258581448479902e+02
8.396043625211370909e+01
9.854347844993648664e+01
1.152224020803885054e+02
1.367429110229776654e+02
9.598395871518749800e+01
8.161761241453172033e+01
9.948057482066323587e+01
1.250842563323874259e+02
5.595787724468263491e+01
3.851399755796940383e+01
4.476644760329643447e+01
8.276024826309222249e+01
6.799958657194763134e+01
7.345552910713722383e+01
8.482372138718699262e+01
9.895849655667610989e+01
8.643977411280836520e+01
1.003139050867746676e+02
1.176249661697065676e+02
7.542740141273669963e+01
8.957532216342301012e+01
1.059538146612204201e+02
1.286949779811692736e+02
5.320375523112745952e+01
9.750802935780963310e+01
7.966623102940111778e+01
8.757137306749667971e+01
1.085268263047509691e+02
1.001634755111065260e+02
1.263167117069678227e+02
1.133840704023961763e+02
1.563544015206845756e+02
1.396635031240936371e+02
1.354940487519478722e+02
1.221670875018259181e+02
1.514841752978209399e+02
1.209987093771851221e+02
1.386227431650241897e+02
1.621286681724911602e+02
1.023450568863188295e+02
1.698541208404948293e+02
1.289286150919178908e+02
1.400827630145610385e+02
1.712844467226003076e+02
1.464555648939073933e+02
2.052669613084086677e+02
1.883913074209471858e+02
1.165147866636253298e+02
1.409889439295187685e+02
1.792713527758180589e+02
1.016142336573410034e+02
1.443021179878246869e+02
1.343774323913917783e+02
1.192406403146111131e+02
1.113205136324732507e+02
1.457593436401139115e+02
9.538623461802885117e+01
6.690482956694127381e+01
7.327879688067996256e+01
8.951946502191124466e+01
7.687369552412866369e+01
9.115842467278062600e+01
1.116455664981745173e+02
1.441427609933329563e+02
8.711711178218315865e+01
1.367051882319232448e+02
1.480920952849655805e+02
9.302719553225722393e+01
9.752008440786434562e+01
1.224463311448801903e+02
1.621130519680514226e+02
6.482084047922721481e+01
9.402493392273001405e+01
9.065424731281623849e+01
4.394737620259889610e+01
5.215296656420749599e+01
6.575890174929844534e+01
5.793204517774641005e+01
7.064680600562734014e+01
1.065393855475311824e+02
6.795716279932017301e+01
1.293964793981975276e+02
1.091460082103311890e+02
2.123551122556197299e+02
8.996462704633358953e+01
1.431614771900169956e+02
1.399772630177743054e+02
8.890183417795776677e+01
9.448881502137476218e+01
1.181309739413540143e+02
1.560400327261936013e+02
8.122203805524044640e+01
9.988293730717070673e+01
8.740849088838987768e+01
1.080862170800066764e+02
1.627079546098878780e+02
9.581459113558690888e+01
1.549585494836709358e+02
1.766539142115047127e+02
1.040164660829032641e+02
2.051619350854379888e+02
7.823621797249575138e+01
1.259974048158195927e+02
1.393701700715202207e+02
9.060035743904130356e+01
8.727675107641759666e+01
7.181952647517655919e+01
8.704453661057630143e+01
1.260427287449002876e+02
7.399706779494209741e+01
9.263250555692685850e+01
1.822936448075371914e+02
2.284806730945874449e+02
1.587743358893140169e+02
9.418710554679530844e+01
1.873467787293687081e+02
6.928861320416915248e+01
1.126369673418083011e+02
6.570447090471104445e+01
8.037555496899759078e+01
1.128041690907630112e+02
6.659986865804839340e+01
8.458555219470187581e+01
1.463974007126938659e+02
1.475555001380205908e+02
2.187206954202011673e+02
1.594573276880125263e+02
9.227834138981584999e+01
1.807272540454958971e+02
9.714904443428370939e+01
1.284683356038925695e+02
7.527435693410227202e+01
9.666991626852095010e+01
1.677223423505990922e+02
2.245302316765375110e+02
2.029537640408673838e+02
1.538466830550750899e+02
1.144001634312271989e+02
6.544647468482529007e+01
8.454144107493095817e+01
1.459215773116648052e+02
1.916534395962181918e+02
7.425169445526533707e+01
1.823723664160463329e+02
5.174257998267241021e+01
7.355629738102476267e+01
1.328122149429474916e+02
1.770725745487505094e+02
7.070010905088471986e+01
9.025595160444567000e+01
1.667666321155398350e+02
2.214526620761817526e+02
9.128798195252754510e+01
8.164735289709261679e+01
1.017791721873332023e+02
4.331749854346648476e+01
8.100806342269405036e+01
3.822081643476160906e+01
7.465709151557356904e+01
8.006059656974204586e+01
5.801874506943488541e+01
6.986536005417983120e+01
8.071103925433449433e+01
9.894557703885327271e+01
1.257523869452925709e+02
6.987288861107967364e+01
1.040037569573536302e+02
7.017592286344309116e+01
1.258554216762521776e+02
1.737881122042463744e+02
6.907431860073698715e+01
1.022501628327962777e+02
1.145285842522606572e+02
1.003023002630553293e+02
9.241520624497131564e+01
7.442726815222265202e+01
1.068534380352900541e+02
8.896264989623071529e+01
1.201993770701209598e+02
7.827934851084063439e+01
1.478230348057964818e+02
1.134268786560690785e+02
1.127713810727560428e+02
1.471384304528710629e+02
9.919184529801846395e+01
9.948965645801173707e+01
1.326592523554192553e+02
1.450033788351520343e+02
1.245548580162015782e+02
1.188503077500358529e+02
1.045809115755266276e+02
8.971498396994097391e+01
1.314195069941900726e+02
1.556617744235988710e+02
1.243128128639765890e+02
1.204686031289086401e+02
1.019719278099113353e+02
8.297491102859981993e+01
1.518932309475741533e+02
1.645753709111950229e+02
2.107662947245431155e+02
1.473392822996510745e+02
1.357789238656154680e+02
1.260443159834443492e+02
1.429479356926985645e+02
1.016599237636661712e+02
1.203269339313741995e+02
1.658727768688462731e+02
1.789606953238992730e+02
1.671792281356649141e+02
1.432228056235786369e+02
1.518542646261774962e+02
1.295044515083567376e+02
1.249438865316357834e+02
1.371649905868410428e+02
7.143623852561475474e+01
1.689853325137739546e+02
1.667358735443700368e+02
1.582260325439211499e+02
1.494878807521975261e+02
1.571162109688533235e+02
1.433425856104012723e+02
1.317534395889035750e+02
1.194025093136427387e+02
8.175510920735452203e+01
1.680992086537669081e+02
1.869098207856455645e+02
1.698316948322746214e+02
1.438524695171320218e+02
1.492115900713203871e+02
1.674214355950426807e+02
1.473257537768108136e+02
1.314300795738441536e+02
1.166233548881899367e+02
1.634635960147284095e+02
7.398587970236087585e+01
9.187049011163975365e+01
1.791580334031174573e+02
1.749040488216465121e+02
1.834859291646711767e+02
1.629053201269840088e+02
1.562114623767861588e+02
1.462771023018787844e+02
1.336377941333077217e+02
1.655693965150734073e+02
1.157132592312859742e+02
9.075911108460162779e+01
1.074186446708001483e+02
1.371817141739232682e+02
7.465709151557356904e+01
8.482044117271178152e+01
8.986060051237014079e+01
5.980067139799160003e+01
9.078960863112727964e+01
6.492979221211695062e+01
6.203130037030599198e+01
9.581903529693123289e+01
7.816223709064233560e+01
8.877678091768386537e+01
1.274611571404831096e+02
8.652449610280991976e+01
1.110622213330161401e+02
1.694107842305047882e+02
9.175362912080898070e+01
9.734926849076734356e+01
8.706076537695949469e+01
1.155866337072806829e+02
1.690874908332066013e+02
8.539787128452873333e+01
8.875185565929650977e+01
1.227666377427889870e+02
1.851839355545522494e+02
9.981030917081280052e+01
7.152212655300208155e+01
9.566516439178290909e+01
8.965031381863406068e+01
1.273010279565398832e+02
1.964516373431063698e+02
1.118097536010152737e+02
8.749633563206027986e+01
1.222489659996139721e+02
8.963123951795003563e+01
1.289462845070072490e+02
2.006396736373070553e+02
1.183055114140782109e+02
9.819130818606018352e+01
1.414677623323825344e+02
8.999495740652872655e+01
1.311356835742559497e+02
2.069324512782423255e+02
1.265749628940734794e+02
1.112851499485055058e+02
1.697175478807972411e+02
1.215141552738729303e+02
1.019712420099406671e+02
1.081775424282842408e+02
9.001224261005248195e+01
1.321243376451299412e+02
2.099155251387081194e+02
1.316262405972315435e+02
1.205540403252071968e+02
1.914487724527345449e+02
1.403497848060542594e+02
1.214839246779108777e+02
1.293041035478537424e+02
1.089941692629867731e+02
1.310923376876594659e+02
2.071851939133509575e+02
1.312129749685515208e+02
1.228849159241325140e+02
1.986933279903836080e+02
1.457096780502795923e+02
1.300720245319194248e+02
9.859333888730294859e+01
7.186941749615411368e+01
1.321345853941577957e+02
2.102219059792672908e+02
1.354841114208694535e+02
1.304833551714675934e+02
2.179451163012938650e+02
1.652240826928236004e+02
1.498525450026347414e+02
1.618551239442169276e+02
1.294315013217706394e+02
1.107962392901486908e+02
1.211195528467882525e+02
8.955034283031767472e+01
1.326089590632364263e+02
2.116380366109208353e+02
1.380345428876287599e+02
1.356650784908578942e+02
2.319871555158467231e+02
1.883869103134370562e+02
1.559991027466029152e+02
1.458020661234363331e+02
1.810317263286115121e+02
8.909599955022135020e+01
1.317942291653406812e+02
2.094103433774224072e+02
1.370543422738576567e+02
1.360643608924811474e+02
2.349239682947830943e+02
1.834203842239294318e+02
1.736179408831293642e+02
1.946434003977485361e+02
1.602204069511249713e+02
1.536174679491778647e+02
1.945548427296687350e+02
9.016476120550348128e+01
8.839682451126559215e+01
1.303042428952365412e+02
2.052828629621485561e+02
1.341364645539946707e+02
1.336544498539187771e+02
2.310223921859233656e+02
1.876620239054519175e+02
1.503355052807056040e+02
1.435569363696835410e+02
1.781499697880893223e+02
7.907637722213253539e+01
6.552062243741362124e+01
8.849688730146337434e+01
1.307482755758283020e+02
2.064898572504583001e+02
1.358474539609763667e+02
1.368786799554957554e+02
2.398412398859673260e+02
2.062903952348387975e+02
1.689628111523935274e+02
1.671906437561284804e+02
2.161361893895941364e+02
1.011380565045889171e+02
9.175190812999548484e+01
1.194753317453184138e+02
1.687137963068985300e+02
1.142091352809418225e+02
1.792021609344317881e+02
1.215861163112154060e+02
1.264273788616617935e+02
2.263491970994020051e+02
1.813957012631618397e+02
1.672929837614014446e+02
1.666612190132466367e+02
2.161740441839087055e+02
1.013431005970274583e+02
9.202074273121883152e+01
1.197368436916654417e+02
1.688053878649818955e+02
1.465363588987054300e+02
1.037803347314474252e+02
1.125426712321603304e+02
2.072573356040554131e+02
1.697794914354975049e+02
1.698283152825491982e+02
1.651337859404944766e+02
2.154183583705796821e+02
1.013431380848623036e+02
9.219993921502289425e+01
1.199513498192688132e+02
1.688776763787049333e+02
8.662728413602972921e+01
9.849693559826123135e+01
1.867766469974923211e+02
1.566632013060606710e+02
1.607089208201224437e+02
1.899580281166797988e+02
1.600862188156783077e+02
1.631333959642900595e+02
2.143596493267853020e+02
1.013048194329582543e+02
9.239887444908566749e+01
1.201998130926071298e+02
1.689608802496019280e+02
7.851835291585359755e+01
1.566872774506817620e+02
1.367943464826241211e+02
1.458622159239101279e+02
1.774920362495298320e+02
1.528426077531057672e+02
7.688896882442219294e+01
1.588552782581912197e+02
2.113966754040740454e+02
1.007427559620982294e+02
9.234462782519683799e+01
1.203019023396001330e+02
1.689880679766787637e+02
1.349656877101019177e+02
1.206937096249126853e+02
1.333943877988365045e+02
1.666210245278212199e+02
1.462771023018787844e+02
1.552114095456720122e+02
2.091619141241604609e+02
1.005064680189875475e+02
9.256110727003782301e+01
1.206283077740824581e+02
1.690963152213751073e+02
1.236674637322542480e+02
1.352173919657230385e+02
1.675601861866031754e+02
1.463027935160745869e+02
1.567541512917972284e+02
2.117762766551696245e+02
1.019284084052455484e+02
9.386538947715210668e+01
1.217462530105889300e+02
1.694889207099763837e+02
1.147314667364858138e+02
9.672926067718529453e+01
1.133367633388756275e+02
1.472175072892743515e+02
1.334089552906870892e+02
1.485659412676577631e+02
2.058691552720991069e+02
1.008659328651346527e+02
1.220620663441191027e+02
6.221934756346150408e+01
8.464167293782428203e+01
1.192643462933764624e+02
1.148882189291107636e+02
1.356030428238370575e+02
1.955354190036860587e+02
9.859540318475058029e+01
9.336949548928767229e+01
1.221567887197821847e+02
1.696099648716410115e+02
1.058277433260027891e+02
1.293941606417725723e+02
1.908526857144669577e+02
9.837159333721444909e+01
9.439501455706748345e+01
1.234404213848971636e+02
1.700474208344766396e+02
9.536002091331549479e+01
9.045091812141541254e+01
1.162012626472933334e+02
1.778959397412741623e+02
9.558895582202704588e+01
9.429737429006725336e+01
1.242099878675233384e+02
1.702937816046923842e+02
7.454643568226914851e+01
1.005085473364597135e+02
1.592734592431297358e+02
9.075911108460162779e+01
9.350591666800301027e+01
1.249029137320729461e+02
1.705053798179681905e+02
9.837097945677273003e+01
1.464173029157097119e+02
8.688144521880872162e+01
9.390132485926511663e+01
1.269394513933440720e+02
1.711234602082799938e+02
1.264148762801341945e+02
7.862548369984135377e+01
9.202730233078303002e+01
1.283992013441896063e+02
1.714923927071484115e+02
6.233609701251911872e+01
8.586190559143520318e+01
1.289899282561691507e+02
1.716630489277152094e+02
8.837230801586967743e+01
1.384549053579771112e+02
1.745326361074760371e+02
1.100381678726792813e+02
1.653634553945643404e+02
1.371817141739232682e+02
