4.460524743314455520e+01
5.223658735697970457e+01
8.635766940140977965e+01
1.042199457371579854e+02
7.432095417201442444e+01
7.275044562482935362e+01
1.276508024180100875e+02
1.281898807328353200e+02
4.617843810083964939e+01
7.528814314994058066e+01
8.435481065839530856e+01
6.026994829666378450e+01
6.034886097741195243e+01
1.146518189380973212e+02
9.720503277694140820e+01
1.125891256240891352e+02
5.795481548471642697e+01
1.020926065548878938e+02
1.055328358826919413e+02
1.114788333904562307e+02
8.173857563957348304e+01
7.895689539548776281e+01
5.539271790583296706e+01
5.658769744329516271e+01
1.065460168584853307e+02
8.764883006111011809e+01
1.041038748665533973e+02
1.109528771915864098e+02
7.685289535064121935e+01
9.323651314268346368e+01
1.014980099411268668e+02
1.220188878260911594e+02
8.612395524912079736e+01
7.559743949845994848e+01
9.260602246230359924e+01
1.075960372059239489e+02
4.708765432470036671e+01
3.519493895618433044e+01
3.864078959198631935e+01
7.445264881079974373e+01
6.284079691712785376e+01
7.062278350441579278e+01
8.305640202171014153e+01
8.802039586119803971e+01
8.466452726254229333e+01
9.997747326995042272e+01
1.062810257536800123e+02
7.176225161799681018e+01
8.996759221620172298e+01
1.013291786885970822e+02
1.263476869645745211e+02
4.054953254923343309e+01
4.749632297187656604e+01
9.054551227436726890e+01
7.684837642374918687e+01
8.890114242240981923e+01
1.124304311862279349e+02
1.007977208705858203e+02
1.224372476578394071e+02
1.085438150075797665e+02
1.327331521479219418e+02
1.242724959123354296e+02
1.276927512216420553e+02
1.122261769371689297e+02
1.342508383652604209e+02
1.106215365994850544e+02
1.309470796693659338e+02
1.412127199632143402e+02
8.287288183888128401e+01
1.365913573064078150e+02
1.067145632293693183e+02
1.230218171793916184e+02
1.538691838133080410e+02
1.341986378586199180e+02
1.674293846935900376e+02
1.618379022353971948e+02
1.017948213754992111e+02
1.251797187825479938e+02
1.649236211770665363e+02
9.947512409023670443e+01
1.256502346532333547e+02
1.231486417136215579e+02
1.127863957728913675e+02
1.021719413780795804e+02
1.283793359755517542e+02
8.946530882972014354e+01
6.168977286995088605e+01
7.172385034585312269e+01
8.932487057070100889e+01
7.800818512283946404e+01
8.289570687396918913e+01
1.033827588842404310e+02
1.380848112898491422e+02
8.205497474866574237e+01
1.183538483722602024e+02
1.250923089395598709e+02
8.616932834630596005e+01
8.187978395851911273e+01
1.049353170063221654e+02
1.441218975981817039e+02
6.117220314109786727e+01
7.937505763041288276e+01
8.086376679082073338e+01
3.415153904484107272e+01
4.405599656410069542e+01
5.719622827166060119e+01
5.155096022270851108e+01
5.657650954429701073e+01
8.432064049717703824e+01
5.903347043427194762e+01
1.119042959109929143e+02
9.800800419835825039e+01
1.928766098153763835e+02
8.555940317145297058e+01
1.247732046776577874e+02
1.180620867645070717e+02
8.235291780569345121e+01
7.929442761995868239e+01
1.015591582310478458e+02
1.386358400672027074e+02
7.227201670861084892e+01
9.218275426885389834e+01
8.261549324293089569e+01
9.225030412444230876e+01
1.377942516809047788e+02
9.167515302848337910e+01
1.351685586485897659e+02
1.488085957472733298e+02
9.185149894457622111e+01
1.832129895749430375e+02
7.296278972397658436e+01
1.071172131730417476e+02
1.152906731265805718e+02
8.293624646445441329e+01
7.539868291786723375e+01
6.355299194812312180e+01
7.037792986933754946e+01
1.024396182413970564e+02
6.862826747446315778e+01
8.059956813680707910e+01
1.603533808067910513e+02
2.181676629439942019e+02
1.317177455769522396e+02
8.238293661290494185e+01
1.656864420131225870e+02
6.417407264380616994e+01
9.465933842710929014e+01
5.670708186432673159e+01
6.374303764300356789e+01
9.068011176516704097e+01
6.163052193960996306e+01
7.296384718372709699e+01
1.192660590454400307e+02
1.387503660403064885e+02
2.070661844842897779e+02
1.318138062264372081e+02
8.111730565205243693e+01
1.595805385745851765e+02
7.866531960630929632e+01
1.065138091099711772e+02
7.258337392679872835e+01
8.577176324120630113e+01
1.400665578674334597e+02
2.144352670382519079e+02
1.945749205310684999e+02
1.294770399055123562e+02
9.219532056074805837e+01
6.386276893650839526e+01
7.567193831832602768e+01
1.234287760049435576e+02
1.863359323158083498e+02
7.320928000647343481e+01
1.677147573854111045e+02
4.678299948648680839e+01
6.002083876292088860e+01
1.022594235898500870e+02
1.570815974583722436e+02
6.296086881536322011e+01
6.688463531229982095e+01
1.191875894142533951e+02
1.863627231294555884e+02
7.667619724844516327e+01
5.815681254610120732e+01
8.957700646638375019e+01
3.784813997017296572e+01
7.513710582747529543e+01
3.351776499626243577e+01
3.529454481923472287e+01
5.137651122665181447e+01
6.383071640066791019e+01
4.911284409922568273e+01
6.804302617742426662e+01
7.210088504431104184e+01
8.296683474622088283e+01
1.126923593588382744e+02
6.545916100258057213e+01
9.482107045627202524e+01
5.763439632518824141e+01
1.175624724690476199e+02
1.532060192026052334e+02
6.312935273229532385e+01
9.221910288341874207e+01
1.037361326991329236e+02
9.778110327471975438e+01
8.361821518527334263e+01
6.374526610731876985e+01
9.856666409804999773e+01
7.757518939036731354e+01
1.052972831121822423e+02
6.855199772297015670e+01
1.337544181804468337e+02
1.043077336160464341e+02
1.006399843434104042e+02
1.345083950937029158e+02
8.751967274708729860e+01
8.566962040880842721e+01
1.222868382823825044e+02
1.318839372578595999e+02
1.137125653424609197e+02
1.084899923390410805e+02
9.374540553291465983e+01
7.733677139040466386e+01
1.212553430873967955e+02
1.454216061907679887e+02
1.146619854206089428e+02
1.115366611910174299e+02
9.565351054550571064e+01
6.940428809317917569e+01
1.421987109193036645e+02
1.524836857178276830e+02
1.991628877479596440e+02
1.372260639301981371e+02
1.263015708196101485e+02
1.182230658001790715e+02
1.344099928541367319e+02
8.923233346894922136e+01
9.488323018932175046e+01
1.546823839984596134e+02
1.683429461925518069e+02
1.568988818026300578e+02
1.353351997983123738e+02
1.438176981025565055e+02
1.172628685315143002e+02
1.179231993285455644e+02
1.110721808879158914e+02
5.992262056202249454e+01
1.617001614099819164e+02
1.594017745258804268e+02
1.512336155202098382e+02
1.399137596831218957e+02
1.515395659085639011e+02
1.269197008933635118e+02
1.151001968758664873e+02
1.030504249372410754e+02
6.920173645878433888e+01
1.604928617302193175e+02
1.796498197334779547e+02
1.631047691871721668e+02
1.357579323544697729e+02
1.442946432191251063e+02
1.617342463840494702e+02
1.343829140932630537e+02
1.217649341891057020e+02
1.012124437471598668e+02
1.380115935132783989e+02
6.862541363608698930e+01
6.774398979713754443e+01
1.695934126064452130e+02
1.687203590457689870e+02
1.770571741172225302e+02
1.503738781296558500e+02
1.475321193323921989e+02
1.434214876282600528e+02
1.201077973472264802e+02
1.422476564112587596e+02
1.023697629521694097e+02
8.470779305926859593e+01
9.141588137051597585e+01
1.209574445080625793e+02
5.137651122665181447e+01
5.398023136067697436e+01
7.344566171313176994e+01
5.092487625359623138e+01
6.515314370326252913e+01
5.034156583387195383e+01
4.889386313299595344e+01
6.054250699755195342e+01
5.468110461336929262e+01
5.749924574833588053e+01
4.853841883587679717e+01
6.133526220100043247e+01
6.444168773108295056e+01
8.343708014401222783e+01
1.052396112019373646e+02
6.172986794402213206e+01
7.090246141415103409e+01
1.059534514810903119e+02
4.832393380978456321e+01
1.425974350124156729e+02
8.669924169369078015e+01
5.949447222935001633e+01
7.039415130101971840e+01
1.110964413637085215e+02
1.468946803548055300e+02
8.185798866464652690e+01
4.397788571853230621e+01
4.756161677907297047e+01
4.720107901167235553e+01
5.858823072967464185e+01
7.106417913921727347e+01
1.179421053011016625e+02
1.629996275491608060e+02
9.757598881125250045e+01
6.167732381319264334e+01
8.658929571119614366e+01
5.777741602101636431e+01
7.109002796729517115e+01
1.216835551417334784e+02
1.729873593833879966e+02
1.092681751206607146e+02
7.620945050946745880e+01
1.129415109876706822e+02
4.690594050057697473e+01
4.660431501421435030e+01
5.686287663884942134e+01
7.040805223813408986e+01
1.224942251534352664e+02
1.761686146246285603e+02
1.150798191599618576e+02
8.556325599161493756e+01
1.307788025105075747e+02
6.713954636511896013e+01
4.643117918886815687e+01
5.637387193464552126e+01
7.023535901074276921e+01
1.239612061196579589e+02
1.810429352530927645e+02
1.224790470886890006e+02
9.662530691691812024e+01
1.559475123887150403e+02
1.069746921120274550e+02
8.683694514334406733e+01
9.099691995676458589e+01
4.629520802105266597e+01
5.598614351911783160e+01
7.004989686276049099e+01
1.248898567865469289e+02
1.844097631514518980e+02
1.281245495119886186e+02
1.057597339470743663e+02
1.784069255282825566e+02
1.269724537324926814e+02
1.077025982688914922e+02
1.146111766480404839e+02
9.252103272340228557e+01
6.932404665131569743e+01
1.239994112143087079e+02
1.831091494579484902e+02
1.288440088001833601e+02
1.093258636856454302e+02
1.886442725453886453e+02
1.361634727438494679e+02
1.173210802296241582e+02
1.220520231240467979e+02
9.314765648986845292e+01
6.930305223356869249e+01
1.247551242641959561e+02
1.856288004252923258e+02
1.329016995338095342e+02
1.160736183641858901e+02
2.067901917840660246e+02
1.545411392470465444e+02
1.391772184326416095e+02
1.507441833958128541e+02
1.203926572423792862e+02
9.263958533533273965e+01
6.919285396355246576e+01
1.250945172300277903e+02
1.870098745677525756e+02
1.355792577409258115e+02
1.210275848724081271e+02
2.209387080074288292e+02
1.697036744954356209e+02
1.583004923104597879e+02
1.771902297509471111e+02
1.468609904885874755e+02
1.233019748770651063e+02
1.426855642654859366e+02
6.588562992033826049e+01
4.586608186499915973e+01
5.468503911212921764e+01
6.872970909609387036e+01
1.243454956926029240e+02
1.856275956480042169e+02
1.352742275313637776e+02
1.223333632739510080e+02
2.260966971444919977e+02
1.758650354342346702e+02
1.669051575582522275e+02
1.884315073995011005e+02
1.566786384518051136e+02
1.359652066666304506e+02
1.649661196345243752e+02
8.096911205832138592e+01
6.790681768550663833e+01
1.225249763785789270e+02
1.815672610515623262e+02
1.320949469532172031e+02
1.200672320334327168e+02
2.221614805291266634e+02
1.725380838161834447e+02
1.823562512307998418e+02
1.473512468838883933e+02
1.269066462103003090e+02
1.519141422727177826e+02
7.274850082775105875e+01
6.055938534042077492e+01
5.705088415641064614e+01
6.787446463249713702e+01
1.227555945315946957e+02
1.823753022426907648e+02
1.335596255045728071e+02
1.227942227814329215e+02
2.302679217551797990e+02
1.817633576784913885e+02
2.003651450444759803e+02
1.655032320995473754e+02
1.476498023888150612e+02
1.848173096038314611e+02
9.428068412124602560e+01
8.654283055905358424e+01
9.976618562210215657e+01
1.458896930857341658e+02
4.780914370064763119e+01
1.088726796987276231e+02
1.586000387516898797e+02
1.190528033962336423e+02
1.129525610643802764e+02
2.158997302872244859e+02
1.734279343790342125e+02
1.711696900448529277e+02
1.966522845615295978e+02
1.635067742012124654e+02
1.468760332857608830e+02
1.845862524410061667e+02
9.439946237963424380e+01
8.671145782963975535e+01
9.995672797569567081e+01
1.304723434453040340e+02
1.014095692319640420e+02
1.003676847806337804e+02
1.967285977573836817e+02
1.617794270498450260e+02
1.634281471609284608e+02
1.906850323597889201e+02
1.601889064675429211e+02
1.453349506888565656e+02
1.837801273634969164e+02
9.436475201475796837e+01
8.681591953460085165e+01
1.001222056831592937e+02
1.054004579322431852e+02
8.412343959136588012e+01
8.744050530197630167e+01
1.757687960715837505e+02
1.483900019463226272e+02
1.541380289283331422e+02
1.832549563291246670e+02
1.559508720195825333e+02
1.432902378870213340e+02
1.826431858962986610e+02
9.427419328574819701e+01
8.691807184616719439e+01
1.003078964212016189e+02
6.929821313498449342e+01
1.464635238702111906e+02
1.292207672877690925e+02
1.399288744679703882e+02
1.713382756281785362e+02
1.489832673220396373e+02
6.689623355474958544e+01
1.395538988421775457e+02
1.801739503195351517e+02
9.380130655195573297e+01
8.684745471211601853e+01
1.004126712130097019e+02
1.259393892989901502e+02
1.144608786065968360e+02
1.290149258906952809e+02
1.620530029640743237e+02
1.434214876282600528e+02
1.369009163844424961e+02
1.788424947597440848e+02
9.384040127631438111e+01
8.712354053743088400e+01
1.007836184421526582e+02
1.463515668949018220e+02
1.310411778695536782e+02
1.116637949373300103e+02
1.273817106800203192e+02
1.604054741554633381e+02
1.421062285137912795e+02
1.372875057922881865e+02
1.803944074878401125e+02
9.504520220893449789e+01
8.812899102143595087e+01
1.016767203251447143e+02
1.467370648601241783e+02
1.037539409501865038e+02
8.794730112719769011e+01
1.077198124354899420e+02
1.418770507731815940e+02
1.302024463337712064e+02
1.304978466173848233e+02
1.758133633620397518e+02
9.429593601985894225e+01
1.020240216358886016e+02
5.277413691682829722e+01
7.786165912064085148e+01
1.128183002801872590e+02
1.109027109679241789e+02
1.181998658640098796e+02
1.662949731117751355e+02
9.201523794008929258e+01
8.747561423666850544e+01
1.020428259401184334e+02
1.469420060177554888e+02
1.015763649570537979e+02
1.123448693398470937e+02
1.622295626865481495e+02
9.198810742685057562e+01
8.826567719109044674e+01
1.031581790941395411e+02
1.474361513813746569e+02
8.518498668260501461e+01
8.438417367613543263e+01
9.927118432551677074e+01
1.502764118973956045e+02
8.932131801793109105e+01
8.784029405476026398e+01
1.037536829780699463e+02
1.477362810452452209e+02
6.659669019507630594e+01
8.370884649792564858e+01
1.332261601644523523e+02
8.470779305926859593e+01
8.662775063675925935e+01
1.042383608571129372e+02
1.480205566348690809e+02
8.050131106016183935e+01
1.220785186392886175e+02
8.167167873019127455e+01
8.652081668452422036e+01
1.059425166701071532e+02
1.487803743705084969e+02
1.034092009336368250e+02
7.481234035568726881e+01
8.434833544186955123e+01
1.072875499263897581e+02
1.494550885542254264e+02
5.782827910035558006e+01
7.622710200128040015e+01
1.066179560148291614e+02
1.496880750874807120e+02
7.089111157153992337e+01
1.097683854149769189e+02
1.518018307243911238e+02
8.395285907665463299e+01
1.439598120816162918e+02
1.209574445080625793e+02
