4.800283944835639716e+01
5.637501080764626238e+01
7.336021599486359435e+01
1.215961366560395334e+02
7.178234031565170881e+01
8.147315996224290302e+01
1.479943660404902346e+02
1.273261155786824474e+02
4.829209352771772501e+01
5.961480681587610064e+01
9.637333233042168956e+01
5.723266832579014363e+01
6.741090940916116381e+01
1.321225814711817463e+02
1.100616268841930321e+02
1.202562950544401730e+02
6.361298096143097780e+01
1.214647668982985493e+02
1.104279298348675979e+02
1.319969950378735462e+02
5.575363529143002239e+01
8.366075894716085770e+01
4.954025071552828052e+01
6.144438310758690847e+01
1.237185102835905468e+02
1.107797290409453410e+02
1.105280863350207170e+02
1.311315632297069840e+02
9.885145946769571879e+01
1.001992015684153330e+02
1.205579899901337200e+02
1.429056196835660444e+02
1.032307429692903327e+02
9.115993900314731491e+01
1.065860903344937611e+02
1.350063562163668394e+02
5.335478924196467432e+01
3.235477055506236610e+01
4.366215538326958523e+01
9.153100862548008365e+01
8.419589869636013191e+01
7.748451566042359673e+01
9.525081160777632761e+01
1.137726893515412598e+02
8.542190622622909757e+01
1.052873323852036833e+02
1.260504791705492238e+02
8.778574433800247334e+01
9.198295650468175211e+01
1.144451100608539207e+02
1.409581329779231282e+02
3.115396783055966878e+01
4.569939146375382677e+01
9.740171163531181264e+01
8.983289941844844861e+01
8.474414626561402031e+01
1.118190619775639050e+02
1.042981620482065495e+02
1.326747482881011706e+02
1.136613811931641465e+02
1.611914934351833324e+02
1.440698697972983666e+02
1.348450116438984878e+02
1.246542901100765874e+02
1.574767093940925236e+02
1.092821184952949665e+02
1.357205343089005964e+02
1.655937398489034820e+02
6.630107166027669052e+01
1.413201736919218945e+02
1.273900309208989654e+02
1.232911314793164905e+02
1.632294008521849946e+02
1.418042535306452692e+02
2.059106456890167465e+02
1.906701214483337026e+02
1.207324881695620888e+02
1.463556943474295053e+02
1.864790256320005994e+02
1.012836055854613448e+02
1.478014818135258395e+02
1.376416444778191703e+02
1.168249731671762959e+02
1.114410590199362190e+02
1.476054689468872425e+02
9.381680206333079752e+01
7.229902943247714120e+01
6.999526733466244366e+01
9.032430457265851942e+01
7.794718684052858748e+01
9.453257829698240755e+01
1.150151771733482207e+02
1.471190620183684814e+02
8.999796050593941743e+01
1.396508523090899416e+02
1.528048791368005368e+02
9.530119823283740743e+01
9.917883881034552473e+01
1.245507507697675607e+02
1.648142295561283106e+02
6.472346089239400158e+01
9.626594260876670717e+01
9.207290857996564171e+01
4.250564430617000511e+01
4.685518076673522359e+01
6.341271431188174290e+01
5.716583393370977006e+01
7.187674846183543309e+01
1.080813194679508769e+02
6.830931446290367148e+01
1.309325172230366547e+02
1.084139236907918615e+02
2.186397043266832725e+02
9.116590863549333790e+01
1.438545351302809649e+02
1.397381898576050503e+02
8.835569277104472974e+01
9.305157448450117386e+01
1.173028244033398551e+02
1.553085349412495475e+02
6.259207383400777758e+01
8.658188730727380289e+01
8.083242095949074724e+01
1.051245064205153597e+02
1.595798915156426858e+02
9.494571585106776013e+01
1.524458909849078623e+02
1.808638548777670110e+02
1.020879964005825400e+02
2.078890325819905343e+02
7.814228914750141541e+01
1.251841340454084133e+02
1.366438901481612902e+02
8.933610560177385196e+01
6.817025088825290879e+01
6.329486648777253066e+01
8.317403698715521898e+01
1.235459705824843724e+02
7.385465456761501457e+01
9.093945053953234492e+01
1.841254724511103404e+02
2.246721208436783286e+02
1.542656831763246998e+02
8.804651130502529099e+01
1.793442458885309634e+02
6.513007495980571093e+01
1.052322998813269095e+02
5.569325545977757486e+01
7.229165838889583995e+01
1.016312674156355627e+02
6.014790965790952271e+01
7.472929466769582518e+01
1.311412669058873348e+02
1.291407068354803584e+02
2.148018704232224252e+02
1.575869750609151652e+02
9.012791618073237032e+01
1.761844630285265794e+02
9.729194803103807487e+01
1.319448105140121186e+02
7.803280499086820043e+01
9.891859019766503991e+01
1.727491148438404309e+02
2.274922304330353597e+02
1.990693962270257771e+02
1.566885084406073929e+02
1.118841037567710401e+02
6.544126721004404601e+01
8.512941476613916336e+01
1.475143606810215147e+02
1.913280184095692107e+02
7.075871164840476979e+01
1.841877460630600467e+02
5.152309510160490902e+01
7.549634646331043086e+01
1.362499896559148738e+02
1.801105671774227801e+02
6.924097408303224199e+01
9.117198207019966105e+01
1.654725829759895817e+02
2.190070551898539293e+02
8.821443753545675293e+01
7.337297017428412005e+01
9.237474143981093277e+01
3.947066169347838382e+01
5.658348320439559132e+01
2.911981059757540891e+01
3.713103108900173055e+01
4.246762823130856646e+01
5.654850582954065885e+01
5.310274206695221721e+01
5.393442140701992571e+01
7.296093534919566537e+01
8.288000514861312240e+01
1.143159113065884753e+02
6.409603912113684032e+01
1.018488391880709827e+02
5.629316761259084245e+01
1.178471766271855188e+02
1.680961453663585701e+02
6.511344875428206080e+01
9.191578548652816494e+01
1.124010057172585704e+02
9.689490103678403443e+01
8.813949717404611306e+01
6.771005654395403894e+01
1.036451789022179213e+02
8.722938314125607917e+01
1.146046887853133711e+02
6.588798568354940244e+01
1.451141023586771439e+02
1.101648335266901171e+02
1.133860726033862818e+02
1.482328502905311893e+02
9.610002039447628874e+01
9.220124944136230738e+01
1.312933483328891953e+02
1.437428299823723989e+02
1.227619479807435852e+02
1.247641194883591140e+02
1.005228442821564698e+02
8.439271540627498780e+01
1.282299385823357056e+02
1.587404599463706916e+02
1.220628751494957953e+02
1.079564990654731389e+02
9.857608885241015173e+01
8.237603911648251653e+01
1.462612116945869900e+02
1.647779165066816063e+02
2.097805707995058526e+02
1.461625694372268356e+02
1.325245814955745800e+02
1.211778459149876284e+02
1.413519137157497596e+02
9.955246793080542034e+01
1.194182419592850692e+02
1.617825150941670813e+02
1.745472380820548324e+02
1.738896089574382415e+02
1.413361350204812084e+02
1.439470981237649880e+02
1.282998825586476812e+02
1.225189195946084482e+02
1.343594483161236326e+02
6.766573788893637698e+01
1.648936325970096846e+02
1.612703966703801370e+02
1.393056531589450628e+02
1.434310940941674914e+02
1.525262449829859861e+02
1.413004591359142808e+02
1.312706196787229658e+02
1.169895098286271917e+02
7.262336545269828036e+01
1.617849883525000791e+02
1.805653857626304557e+02
1.622689748328804455e+02
1.405337909385627029e+02
1.399671808141712859e+02
1.612979131838281148e+02
1.448511181784498660e+02
1.286794004174247164e+02
1.152098480846924531e+02
1.624230474974756078e+02
7.071283472129967151e+01
8.191988416471336620e+01
1.738123438701425130e+02
1.671371903459623809e+02
1.677130727464294466e+02
1.577397060171204544e+02
1.520017334876030475e+02
1.402645904873396319e+02
1.325719558733865142e+02
1.654188135683297389e+02
1.117421566673200743e+02
8.957689677062393230e+01
1.043847246552094958e+02
1.210453700023736019e+02
4.246762823130856646e+01
3.954935028342297443e+01
6.082236617117204958e+01
3.667294553964222814e+01
6.588386906645460783e+01
5.538250464651468263e+01
3.304611349647630902e+01
5.994599838309928685e+01
5.808596175552696650e+01
5.078044505924869156e+01
3.229054244414581376e+01
6.154784782901697326e+01
7.097529805191459218e+01
8.081472380136017364e+01
9.914549460331200237e+01
6.155612469786855456e+01
7.781452028300537904e+01
1.028130948735214361e+02
3.165273764331304207e+01
1.540043155609577639e+02
9.102151892663599142e+01
5.845541777153083274e+01
7.585496466902955603e+01
1.046175077785425884e+02
1.630852708626809147e+02
8.612952428624817003e+01
5.167903062357426336e+01
3.049811376092436177e+01
2.983688124434616640e+01
5.677114171439769308e+01
7.511477690715278754e+01
1.075726265055077988e+02
1.773925002251237402e+02
9.690825471042872152e+01
6.820648403939902948e+01
8.074398707244067452e+01
2.944728351543656331e+01
5.584571335417196281e+01
7.497552825951686373e+01
1.105137294575947493e+02
1.909087440515129686e+02
1.090802174995983478e+02
8.581676148050036090e+01
1.141541165481584557e+02
7.715851722491898101e+01
2.905312961208058198e+01
5.473334857506943507e+01
7.390084871794266519e+01
1.103990463470991870e+02
1.955145796645830387e+02
1.145458037882953306e+02
9.683975081158867226e+01
1.378462554056939382e+02
9.404322393112310863e+01
6.787295240502110971e+01
2.882034958262386937e+01
5.413407230631010947e+01
7.352753479939669035e+01
1.112638400137601451e+02
2.017522745122491301e+02
1.218504034343602029e+02
1.097432015049304397e+02
1.676396057478103216e+02
1.212277479574382966e+02
9.086624956645789553e+01
1.087358553550495088e+02
2.860293140705805470e+01
5.352165676639229019e+01
7.289497407009031349e+01
1.110726416251185071e+02
2.042908575496270487e+02
1.257465930320099829e+02
1.183798727719618142e+02
1.896824901713970064e+02
1.420219638348401077e+02
1.076490226692112344e+02
1.306564460496031757e+02
1.069215840742490400e+02
7.159231991075795065e+01
1.090166737286715346e+02
2.011211082231511966e+02
1.242932035948800973e+02
1.200924846843638534e+02
1.972702252346131502e+02
1.489436700178140995e+02
1.110492112869670223e+02
1.294724928974086424e+02
9.737410421470897859e+01
7.214340339416085612e+01
7.141784265756346883e+01
1.093296094328946424e+02
2.037592222852876205e+02
1.278186124129232155e+02
1.271947721608879505e+02
2.164182017472887765e+02
1.693767318090336005e+02
1.310255174654316193e+02
1.593073209025079393e+02
1.270819070371978228e+02
1.120236444380866345e+02
1.211632872451342564e+02
2.813262577408249498e+01
5.213468413068540031e+01
7.115051488020392867e+01
1.092700291727237243e+02
2.050127559818128589e+02
1.299068025395417294e+02
1.321408421089064404e+02
2.307988536011174574e+02
1.854602484874862682e+02
1.472834656676324414e+02
1.838856048636419587e+02
1.519096455434431334e+02
1.463588492920430610e+02
7.718398484909124591e+01
1.793820813656173812e+02
2.797707446135445153e+01
5.163365044686104000e+01
7.034770067693870033e+01
1.078668539973816820e+02
2.023585149387050706e+02
1.283037488189758335e+02
1.320816692567691462e+02
2.336626935488837091e+02
1.893557700011225506e+02
1.508402649573565952e+02
1.872556318415124963e+02
1.537489338497558720e+02
1.524385168479709023e+02
1.925648125235704811e+02
8.461534662067309398e+01
5.682473874391924085e+01
2.779806965193685642e+01
6.930191042959181402e+01
1.058246126891436916e+02
1.977658265335287240e+02
1.248145846445640217e+02
1.292424262610738310e+02
2.297338204167427307e+02
1.858627526277864774e+02
1.466712288431764648e+02
1.778565764354707710e+02
1.419312451115517035e+02
1.405692208931122025e+02
1.764374100353054189e+02
7.720632345531404894e+01
5.723043238717433923e+01
6.272690118779798496e+01
2.775867493929068885e+01
6.925300750501159541e+01
1.059864454224041026e+02
1.988851375286396035e+02
1.263048278962256035e+02
1.323734448178025218e+02
2.388785221732061927e+02
1.965779816704683753e+02
1.953245737383033998e+02
1.593556607443796338e+02
1.637065481905798663e+02
2.150179988397557054e+02
1.004871935485534067e+02
8.424053668101790038e+01
1.129895920475356093e+02
1.544599255601647769e+02
4.899517321507534717e+01
9.354226980789374579e+01
1.753737421786670723e+02
1.129530737173850241e+02
1.223634076968148605e+02
2.260584821156632529e+02
1.892209568110519058e+02
1.543151064920962483e+02
1.921091394947205231e+02
1.575878088096794727e+02
1.629233809251478249e+02
2.147029349466158692e+02
1.005765546778891348e+02
8.444820007873606471e+01
1.132110628744881780e+02
1.545399485835919506e+02
5.324633376312265653e+01
7.697303654147303575e+01
1.454445628560261241e+02
9.622900444572975687e+01
1.092165479703522664e+02
2.082718488911748693e+02
1.784650341299672789e+02
1.484451100982922469e+02
1.869791879685813853e+02
1.547377211828803922e+02
1.614442177299023342e+02
2.138590220510214408e+02
1.005463315458068934e+02
8.462380570540010183e+01
1.134248981781122723e+02
1.546165147226774081e+02
6.294804122455596485e+01
1.153748634887865308e+02
7.869035085601710477e+01
9.511068653073412804e+01
1.886203436490531260e+02
1.662396963299484582e+02
1.416708623041890576e+02
1.809922419478576501e+02
1.514004507309035716e+02
1.597446636782602809e+02
2.129411090496328995e+02
1.005562026465424594e+02
8.487137850749432744e+01
1.137116839072964183e+02
1.547201506005867486e+02
5.624141266844505793e+01
7.598004977322729303e+01
1.605342989247667731e+02
1.478541084095032261e+02
1.307490497616743710e+02
1.710435638709689954e+02
1.457321047370635085e+02
7.441487218765887235e+01
1.564291706113077680e+02
2.107260866413500082e+02
1.002411476177361749e+02
8.499883470188432000e+01
1.139413357059885215e+02
1.548025389929178175e+02
3.973048163876946859e+01
1.373617833603737495e+02
1.315018907825274539e+02
1.209091573822481536e+02
1.617080889849298444e+02
1.402645904873396319e+02
1.534111693296328838e+02
2.089251260462611697e+02
1.001615388487484779e+02
8.534813834233432317e+01
1.143663703059007020e+02
1.549568152920805630e+02
6.462391401761273357e+01
1.392577777825240730e+02
1.300172726452451855e+02
1.215585253365088505e+02
1.620146636796217479e+02
1.404845143557946869e+02
1.551359413432343217e+02
2.116359635769945555e+02
1.016710013879216632e+02
8.673676821821119631e+01
1.155791153879303721e+02
1.553983014603869321e+02
1.094337395012100984e+02
1.026255551719672638e+02
1.033431129016302918e+02
1.433273033756179586e+02
1.288705686018980998e+02
1.475709257616501020e+02
2.060504191267124838e+02
1.007265907277113399e+02
8.688851311927561483e+01
1.159892713637562167e+02
1.555450305220469147e+02
6.330958825857270966e+01
7.684945449269312689e+01
1.159035414258065231e+02
1.112755164167119375e+02
1.349785934554214180e+02
1.958586112692620134e+02
9.853348934721211094e+01
8.656682287599124948e+01
1.161825961692069313e+02
1.556178791076868606e+02
6.756088688879633253e+01
1.023545593115936470e+02
1.012381083721875115e+02
1.282423678695095930e+02
1.906835987603457454e+02
9.824462163305047113e+01
8.770607117061021540e+01
1.175498840699062839e+02
1.561073316195188738e+02
8.016724027430623778e+01
8.408217939357253101e+01
1.142025257729781345e+02
1.772615056941076261e+02
9.546022058701042567e+01
8.788599894758513642e+01
1.184817961158649950e+02
1.564409980744750897e+02
6.583722967339072341e+01
9.584433191068325186e+01
1.556240193928503288e+02
8.957689677062393230e+01
8.681414369548282650e+01
1.188772773767720423e+02
1.565844412143331397e+02
9.676910637337986998e+01
1.457424623423850107e+02
8.668615850588761873e+01
8.832692051027102309e+01
1.214394611328782361e+02
1.573956618424918759e+02
1.245898414905992837e+02
7.850347733726086119e+01
8.768836885859984420e+01
1.234447420547460297e+02
1.580053663756247886e+02
6.215510503630568451e+01
8.362119191346710068e+01
1.251565708298896880e+02
1.586800350654272620e+02
8.793578416334567294e+01
1.352578322321087398e+02
1.621568668066222472e+02
1.043030852492642282e+02
1.533625313548359088e+02
1.210453700023736019e+02
