7.082828179578351069e+01
6.727576353959582889e+01
4.505137074459369018e+01
7.366175889468897253e+01
9.305854783020878074e+01
5.058691492866988426e+01
8.494116484052281635e+01
8.916946462618274438e+01
4.962403572125828077e+01
3.371368064322511060e+01
5.265057400475017602e+01
6.291427119551034508e+01
3.394647886702895079e+01
5.258733200013244158e+01
6.398298821539125925e+01
6.345791934778205956e+01
3.411993611893579015e+01
5.871930458341488190e+01
6.293379512896967043e+01
9.155557675017411157e+01
3.844612136010772474e+01
5.752185552669871527e+01
6.404184397886146485e+01
3.421868501531595541e+01
5.404476664470190883e+01
6.779041320979469276e+01
6.664367777729665931e+01
7.596558879063164227e+01
6.926199529770278218e+01
6.811471900830255777e+01
7.759897303683602843e+01
9.126056875153412307e+01
5.578464326263485873e+01
6.890788711427336466e+01
6.943104219095388885e+01
1.028066671669756857e+02
6.861225571460046524e+01
6.768957381221632374e+01
3.514788191503652115e+01
5.677800401917033213e+01
7.174487992425667926e+01
6.855478601455044441e+01
6.877615170547018408e+01
1.075461476740495783e+02
5.354561671768042430e+01
5.460694564984751764e+01
8.674506623058832133e+01
5.211321734399299999e+01
5.292079111358705035e+01
6.216340394128228297e+01
7.617801942189159092e+01
3.687194863383206922e+01
1.889600513389063963e+01
3.178496317457897646e+01
4.090138316098438054e+01
3.966464549375543669e+01
4.378135156206401035e+01
4.066873294876528888e+01
6.789080596968274506e+01
5.251521500649454310e+01
8.663829489813672069e+01
8.734318668354910642e+01
6.395035232656761792e+01
5.952791603849940572e+01
9.948150270132698836e+01
5.538383812539315443e+01
5.667964957434663376e+01
8.906693326591384618e+01
2.761041892638161954e+01
4.944881703893616276e+01
6.503485733798147805e+01
6.435804967939621690e+01
7.197236333551056475e+01
5.926289081412810589e+01
9.830537468637743359e+01
1.018084236150316428e+02
8.391319331358315026e+01
1.318460824672559966e+02
8.208991801234611785e+01
6.338486490722369382e+01
1.032766280323684356e+02
1.057591310580617829e+02
8.535497943074254579e+01
8.049801118080884521e+01
1.366568911291776374e+02
6.462648238636680276e+01
8.343828525666071982e+01
8.304666912717117100e+01
9.299646305961988446e+01
7.760603192583653254e+01
1.061254134733050165e+02
1.690081062845044073e+02
1.086601663068211820e+02
1.232081540578114556e+02
6.801846983192739060e+01
1.109829172018611416e+02
9.894924572834236187e+01
7.550176070823870589e+01
1.212944652230014526e+02
7.894649954935042047e+01
5.354600808610624085e+01
8.952991123994428335e+01
9.650437094397693727e+01
4.537709092204296013e+01
4.338221022577069164e+01
4.740166284746374714e+01
3.980804660916815152e+01
5.412307193910412195e+01
8.151221195549268828e+01
7.311935157636520444e+01
6.644927538272582979e+01
6.308213910587035400e+01
7.887653780881002774e+01
1.165589814534740043e+02
6.568299829410867119e+01
1.044153880047120850e+02
9.550909354036771504e+01
5.934445437804746604e+01
9.383869703579135546e+01
6.192769415472436378e+01
4.390339469795168981e+01
5.030540343447954399e+01
4.464835929068110687e+01
6.232549626798761011e+01
9.490761546429880013e+01
1.066825276413128449e+02
6.114185459693690206e+01
7.174217597991798812e+01
6.486351232073404560e+01
8.271470841000534335e+01
1.091173993885362847e+02
6.235464575437488577e+01
1.017781484544739357e+02
9.368927265945849570e+01
5.456501645675581358e+01
5.024336438342977829e+01
7.039894172211573675e+01
1.057011198624519324e+02
1.184082896163014169e+02
6.501948791864724342e+01
8.424758121442241077e+01
9.104893511162947561e+01
7.030141709541808837e+01
5.967607030816527924e+01
7.765824703963350828e+01
1.085010933920102900e+02
6.375436792831804667e+01
4.512494428861672446e+01
6.349285809177209927e+01
9.289529007123144311e+01
1.028444299547425373e+02
5.707092752941829161e+01
6.600885536398723730e+01
9.540671906817500769e+01
8.975038192914306023e+01
6.905683043874803673e+01
5.805584376058477858e+01
7.692929066977607988e+01
6.775897363109210403e+01
9.551243177709174859e+01
1.041313321821132405e+02
5.861782225419042902e+01
6.869340638167308555e+01
9.348286946004483866e+01
7.998109964700530838e+01
5.592146509089346296e+01
6.413296992993242895e+01
6.937077929017046074e+01
4.043959438428699826e+01
4.862727374911154499e+01
6.810422540916914613e+01
7.987294410434957115e+01
7.912812766883486404e+01
7.293116272756893181e+01
4.616889903743641810e+01
5.836137100390486410e+01
8.542207275590978099e+01
9.929694641751227380e+01
5.275887926568922381e+01
7.293867037866004921e+01
1.140469595561403509e+02
1.313610328389941628e+02
6.876236549006435439e+01
1.137996471917676899e+02
1.244863666048615300e+02
5.611335360948620377e+01
5.505745358640144360e+01
4.089688355534465103e+01
4.782841115938155241e+01
4.692991052258469864e+01
4.753995738803849491e+01
4.882208261483217626e+01
5.661589147781391773e+01
6.667907416564239043e+01
4.858966490992577292e+01
5.631335590535297086e+01
6.409733860560361052e+01
3.582532519458165154e+01
4.814240091566068003e+01
5.512389433870191624e+01
6.229677168047980018e+01
3.421667957472017463e+01
4.232891837409905378e+01
4.840006752507653687e+01
5.686184128235471036e+01
6.909366968132745512e+01
4.381476025372784022e+01
6.688542596230560378e+01
7.651718590043248014e+01
4.835199004744858087e+01
5.700218846162467656e+01
7.085092533217368782e+01
4.783192040010953150e+01
7.937054245682483611e+01
9.731522066954215688e+01
4.772438441589080327e+01
4.821948958725665335e+01
5.665514282747857777e+01
7.077162129771798504e+01
4.921709202704567332e+01
8.511558708420096764e+01
1.081320833611265471e+02
5.196168182376565881e+01
5.076957434777428091e+01
4.814566717379579330e+01
5.648717576398905749e+01
7.090180484680182360e+01
5.044773516948039571e+01
9.030149321947321539e+01
1.194805534628754202e+02
5.904287661428597289e+01
6.344699430775666116e+01
6.187602260223546580e+01
4.807078004484753819e+01
5.627674081268771999e+01
7.073678052086812329e+01
5.103180679681896237e+01
9.335103530956955353e+01
1.271977651956038073e+02
6.477071392426761065e+01
7.473456395338109814e+01
7.555188450021081792e+01
5.758693816003608390e+01
4.805630531401217809e+01
5.628492899043453690e+01
7.105354855637777689e+01
5.199762363029653756e+01
9.730942123694678969e+01
1.370955006611152953e+02
7.288952002038240607e+01
9.045853533286813786e+01
9.793460116508536828e+01
8.126002227718836934e+01
7.800937013641723183e+01
4.800337648154926740e+01
5.612510037497330728e+01
7.084040059765746378e+01
5.217587511597574945e+01
9.869279597386503156e+01
1.415125110893432065e+02
7.716966816972134779e+01
1.003778432027454528e+02
1.129800222843846171e+02
9.731835493487137967e+01
9.759322515889239469e+01
6.500237303606833450e+01
4.789559758647661880e+01
5.574238656028057193e+01
6.998040542769420824e+01
5.146141097704457223e+01
9.715822029020554851e+01
1.394076900097786904e+02
7.644713878531698015e+01
1.017564971208371816e+02
1.157067343703062221e+02
9.981773587349202614e+01
9.950414313672256128e+01
6.667401534061039570e+01
7.172759452254750556e+01
4.779440168173508852e+01
5.538025989840812002e+01
6.914108285112287433e+01
5.068973608810279075e+01
9.526765715811849589e+01
1.362034823607840224e+02
7.469230780991135532e+01
1.008339436469261585e+02
1.149707126611687329e+02
9.862887976339497698e+01
9.681993722901017918e+01
6.416361955283392149e+01
6.939612253205321224e+01
7.201717789646190226e+01
4.777931652809945717e+01
5.534329814336029330e+01
6.913333109796126053e+01
5.086461066487962768e+01
9.612571752307142958e+01
1.387103072294586923e+02
7.722138961765813292e+01
1.069568399962730751e+02
1.252124213601652514e+02
1.106307617403345489e+02
1.123656626667428782e+02
7.820482490410540777e+01
9.123232493056080727e+01
1.094930796036780833e+02
9.028548399987474227e+01
4.776205928307827264e+01
5.529401003482770705e+01
6.907443628838561267e+01
5.093905934206616593e+01
9.660766788364850299e+01
1.402828294649542045e+02
7.895747828891423126e+01
1.115316439993889759e+02
1.332513014096628581e+02
1.204665274916279287e+02
1.255871973348939150e+02
9.059653537554085290e+01
1.110119172906050551e+02
1.441482193483211915e+02
1.321610258486247744e+02
5.827409866754182843e+01
4.773551375470147207e+01
5.520642034973506895e+01
6.890085480175616794e+01
5.084486498238958774e+01
9.651686240225595270e+01
1.404894679165956575e+02
7.953181834352527346e+01
1.138120404068509544e+02
1.376337610690450788e+02
1.260298727465887936e+02
1.330847703476905792e+02
9.766847993248438797e+01
1.219846523253164321e+02
1.625000020621139072e+02
1.496723859251643773e+02
6.248968451267719360e+01
4.546437031791621308e+01
4.770058683113317244e+01
5.508669228210350610e+01
6.863710077946738863e+01
5.062380525737928849e+01
9.601155243772497272e+01
1.397369227672668046e+02
7.930829491778666807e+01
1.144955736796859327e+02
1.395234202671424555e+02
1.288250921674724054e+02
1.372242382645061411e+02
1.020261427702833004e+02
1.293459424269625515e+02
1.761221217825410577e+02
1.652162187549441796e+02
6.963830642702856721e+01
5.446339931367599974e+01
3.739656944009581707e+01
6.551506941105938608e+01
6.797229051945691936e+01
4.849999683357208369e+01
8.921516936881543813e+01
1.283083641891885520e+02
7.366126764035384156e+01
1.086997282578793289e+02
1.342482458502497025e+02
1.253055258314529823e+02
1.346066166673160183e+02
1.008660384752582218e+02
1.285448855267892441e+02
1.757360977023869566e+02
1.652689074810757290e+02
6.973779779262343936e+01
5.455885342009104733e+01
3.745030782504976230e+01
5.583170223715433167e+01
4.127990754064096279e+01
7.536434358848843829e+01
1.086813467788792735e+02
6.416055752838597925e+01
9.807569924179665577e+01
1.241389520504563677e+02
1.182536667067751353e+02
1.291446552649234718e+02
9.816926627101641145e+01
1.264072594482398699e+02
1.741596414294920692e+02
1.646372877951744158e+02
6.967558966896953621e+01
5.459026337097105142e+01
3.748552023953340750e+01
3.940733514859181952e+01
6.667977719210900034e+01
9.191022730135117058e+01
5.531957484903558964e+01
8.784245697601969027e+01
1.139612301192548784e+02
1.108728676563366520e+02
1.232306566179909026e+02
9.519794252609932528e+01
1.240234258104534746e+02
1.724143823271959093e+02
1.639738142799709522e+02
6.962896560976192006e+01
5.464211524898457384e+01
3.753293115488200016e+01
6.795666153154982680e+01
8.017145203295149258e+01
4.781841775754731572e+01
7.885588975672257561e+01
1.045003702364847982e+02
1.036715580934799306e+02
1.172019223533224022e+02
9.211606723776441186e+01
1.215220708252149393e+02
1.706263663680839500e+02
1.633773048902551750e+02
6.963162726999183860e+01
5.473405826523256934e+01
3.760089726856686809e+01
5.163953706721034109e+01
3.387885117734139584e+01
6.157926161076883886e+01
8.657592408466072698e+01
8.998065940419181175e+01
1.056289909246381455e+02
8.582919860358340713e+01
1.161108990332275823e+02
1.661871605541498980e+02
1.612549008981207237e+02
6.927981213265296390e+01
5.468966631714015847e+01
3.763071685709599024e+01
2.975152351416434371e+01
5.577080571199540060e+01
7.879817020499655200e+01
8.299757163548521532e+01
9.885311864508020108e+01
8.203993296576858540e+01
1.127539668324666167e+02
1.636594880686661782e+02
1.604461931376393977e+02
6.932639369627099768e+01
5.485729457901040007e+01
3.774549541648336515e+01
6.158515546798349050e+01
8.100072974269460246e+01
8.301500458981011832e+01
9.732661035053551757e+01
8.121654557542197495e+01
1.119265369734733753e+02
1.634940619210987336e+02
1.612838541266887376e+02
6.988440755437180485e+01
5.530017948200165279e+01
3.797094757412489940e+01
5.768146811812513874e+01
6.441541638164224537e+01
8.019046430292446814e+01
7.105316138940504800e+01
1.023079398714684629e+02
1.549623494232421876e+02
1.571432367609869232e+02
6.926718861620977918e+01
5.528604836621623519e+01
3.806517721998481107e+01
5.103756937363262836e+01
6.638127625126878684e+01
6.234458708133497140e+01
9.328517589815947986e+01
1.463940740562250369e+02
1.530760927094677868e+02
6.882195684246410394e+01
5.544723089792286430e+01
3.825484499857427068e+01
5.872257896700565993e+01
5.687233732143126730e+01
8.615605435915989574e+01
1.382588765902765715e+02
1.491181118768935505e+02
6.861105705945820432e+01
5.585699218317467540e+01
3.858171532499299872e+01
4.930571619920529258e+01
7.622647256866275711e+01
1.252783395398271438e+02
1.414071276601720228e+02
6.767026599621004834e+01
5.617407846773440383e+01
3.896525567021232206e+01
1.128610965935707497e+02
1.320750703362325282e+02
6.653996761509937130e+01
5.676965259974681999e+01
3.958956754867892158e+01
7.084126037625026129e+01
1.079221993959714894e+02
6.131082843201765087e+01
5.614356084538308522e+01
8.241803435211053852e+01
4.010229860546255765e+01
8.672927034358018261e+01
5.625419705464363318e+01
5.643983804268219018e+01
4.148594251278861833e+01
5.425952303695884638e+01
6.057388922807068354e+01
4.567112149167154200e+01
6.466527383950675301e+01
5.426053236757663711e+01
5.488037635885476107e+01
4.782841115938155241e+01
5.531060078909131050e+01
6.104919712710948687e+01
3.683020989130331202e+01
4.981238366888779723e+01
5.322723219680386109e+01
5.302446443112120278e+01
6.209374741832685629e+01
7.927810921238010167e+01
3.785222227331804845e+01
7.918843913043068028e+01
8.320814875146949419e+01
6.649512677328804955e+01
5.489022777952841636e+01
7.906120049715308085e+01
1.075444501679823048e+02
4.901724102215746370e+01
5.816986462956137416e+01
7.598923230706601828e+01
5.590544154349420580e+01
6.484032230897823013e+01
5.280408873011140969e+01
9.497414915039826155e+01
1.001700458632976023e+02
7.446367961799140289e+01
7.860892053751716446e+01
8.037136079419465773e+01
6.682764949873616445e+01
9.785739672157922087e+01
8.050829172537309830e+01
8.240928651265771521e+01
9.200230811697738886e+01
7.939547674128615995e+01
5.596715422167190468e+01
8.591180340560357820e+01
9.663731661804887096e+01
8.621915992395800288e+01
8.366609086414116803e+01
6.691441613692853707e+01
6.957451835010191132e+01
1.023544928177863369e+02
9.415540637778238420e+01
9.822239063712666507e+01
8.985245376089487479e+01
9.476483208788171453e+01
7.711629582550278883e+01
8.845784026696641433e+01
6.233020341062856318e+01
7.360108509800518561e+01
9.740721278018966700e+01
1.056484892527815163e+02
1.163034887214092521e+02
8.637413461801008907e+01
9.334911510053754569e+01
7.908878304950582105e+01
6.756214923108912274e+01
9.102254823851662024e+01
8.427195502358627266e+01
1.017193211599224441e+02
1.128278439556716251e+02
1.079537140013665919e+02
9.196140003666431539e+01
8.930748935877545591e+01
9.731182753698683996e+01
9.254845420094466135e+01
1.196075813955868199e+02
5.494467284967650045e+01
1.093429445552134354e+02
1.237572258785353370e+02
1.280607800499191171e+02
1.066825164879997061e+02
1.032644442425303311e+02
1.164766918677691763e+02
1.124996187700933490e+02
9.545153994927304097e+01
1.213830375948456464e+02
1.371093798388987182e+02
8.467664928503712929e+01
5.671654522995545022e+01
1.153286289873318680e+02
1.171931826197260023e+02
1.236992829657700668e+02
1.140445116670877752e+02
1.028211061126006740e+02
8.582919860358340713e+01
1.207423596831479529e+02
1.286344534329119540e+02
1.099571364900457695e+02
1.414071276601720228e+02
5.634730930874206223e+01
5.488037635885476107e+01
