8.392002721083173356e+01
9.770061463445429695e+01
8.691311823784516832e+01
1.621965123472772916e+02
1.321428031225358097e+02
9.514229298535352086e+01
1.574824589390104848e+02
1.632772802431808543e+02
7.014997577273386753e+01
6.635271478972798320e+01
1.221445607950987267e+02
9.798415519075099667e+01
7.232673240247238766e+01
1.236821197531632208e+02
1.210069124788691539e+02
1.534905641479014946e+02
6.722201666844824786e+01
1.117877992640868712e+02
1.169806760614019794e+02
1.746746863871274513e+02
7.019937531508757900e+01
1.159310625812283746e+02
8.631412988033885370e+01
6.430654852633718122e+01
1.089129476623225088e+02
1.013067386084254338e+02
1.120964919031781051e+02
1.544117913259446766e+02
1.010400943010337897e+02
1.133685819244373363e+02
1.586973188259303242e+02
1.273407488040830344e+02
1.034844452618114019e+02
1.005652022552922631e+02
1.298559555248372703e+02
1.454828966049543055e+02
1.003140570904433275e+02
7.342094159660558716e+01
5.799975250431425877e+01
1.003843162763451744e+02
9.439964808393430928e+01
1.034787558626268975e+02
1.059436573703829936e+02
1.660959440415105064e+02
8.697085689583654755e+01
9.040301150108018646e+01
1.437467543748744276e+02
7.302201750282951309e+01
8.373238725417866135e+01
1.219572920175061341e+02
1.020508515179859614e+02
4.308567323014288775e+01
3.673843689669820378e+01
6.447595386098942072e+01
6.081564793566891325e+01
6.709680641869883289e+01
7.279645717551245809e+01
9.540983903443121505e+01
9.772742253093872478e+01
1.003155612206018077e+02
1.931274036653126984e+02
1.306537689627315331e+02
1.065426151767775451e+02
1.391239741894834481e+02
1.421300665022144187e+02
9.710316391663313595e+01
1.024045139628482417e+02
1.655327988434011672e+02
6.267755020789376630e+01
1.107924660868894051e+02
1.036164959969907500e+02
1.142374657022151183e+02
1.260376727547873941e+02
1.179219724146656603e+02
2.302057639294169746e+02
1.593133445458377366e+02
2.039311971634222118e+02
1.429102880067470664e+02
1.457102874439277116e+02
1.008495634228227260e+02
1.942670829325534498e+02
1.328535322136732475e+02
1.163194268174624995e+02
1.540679036169287883e+02
1.621292228258874104e+02
1.164090660820016865e+02
9.718758013473279789e+01
1.012672800299332891e+02
1.107718179724788143e+02
1.043523783874845208e+02
2.114451085842287057e+02
1.494127583653870488e+02
1.557882387394317618e+02
8.270533730015618801e+01
1.443354970060800895e+02
1.522851712752681692e+02
1.039349548238441088e+02
1.726533106542262601e+02
1.249443125065681528e+02
1.336019502337175879e+02
7.523126673085424443e+01
1.481826237774515960e+02
1.045879299686357768e+02
5.158137964780063101e+01
5.320870560116638615e+01
6.002883905206394388e+01
5.859509968887515896e+01
1.197233004715836699e+02
1.054048834890035664e+02
7.272297801050802946e+01
8.961196055025513374e+01
1.400107967800841493e+02
1.287993254332913011e+02
8.181974385506885028e+01
1.444895470404901516e+02
1.472511583381554487e+02
1.020431730859482400e+02
1.578531431646333374e+02
1.126665332748852961e+02
1.215092564130070514e+02
7.307074524093002310e+01
8.622884964675738217e+01
8.784922523459448485e+01
1.796132824003822464e+02
1.573945378590114217e+02
8.587114592476793007e+01
1.540598035855007311e+02
1.513431178018314256e+02
1.391903599060444208e+02
1.304607468534973123e+02
7.538720430573134479e+01
1.349070742507450404e+02
1.450995956013582031e+02
1.031765738280346909e+02
7.648510402156863108e+01
8.104518609149184272e+01
1.617328523189384555e+02
1.380787091327882763e+02
7.672106406585487548e+01
1.330977642006505448e+02
1.263444370381084809e+02
9.614204743021237221e+01
1.463181861481355952e+02
1.339729231273934715e+02
1.281629358635717324e+02
7.437797386878656880e+01
1.361239835653823036e+02
8.113810894475088276e+01
1.556490312715935715e+02
1.280340410015164707e+02
7.304006735037421549e+01
1.288088204165939601e+02
1.433517766662404824e+02
1.108782377185109880e+02
8.897278486442439771e+01
1.318391821622954012e+02
1.138728022663703427e+02
1.118909986430357577e+02
1.298359505889409604e+02
9.873714675072187674e+01
5.836825795561722430e+01
1.053447096446860911e+02
1.181634638600953764e+02
8.118180367256866248e+01
7.107497112027617447e+01
9.143686564342506529e+01
5.573710972138141528e+01
3.564284000140629871e+01
6.693776212816871407e+01
7.616257779237766101e+01
5.445820253216672313e+01
7.721421906547017500e+01
7.990095224287604481e+01
6.099239199029748448e+01
1.272433394135430405e+02
9.441732250234940693e+01
1.338139097340220758e+02
1.151020714036700525e+02
1.124804519472732522e+02
8.454252495923056188e+01
1.153820931242055110e+02
5.078357378937973010e+01
3.948448900501915659e+01
5.174665848815521230e+01
5.553186224587074094e+01
7.123839334191318073e+01
8.935804026137979861e+01
8.083265649304219380e+01
8.178725779765217396e+01
8.735076845370102205e+01
6.002052906015821065e+01
8.238592687024051031e+01
9.744932022520976034e+01
1.052093320154029925e+02
8.779860942992662842e+01
1.246519138605658839e+02
5.855987392070460373e+01
1.292249519582298660e+02
1.663169627351594784e+02
8.790077292899502481e+01
9.985349230875625892e+01
1.288439607230328647e+02
1.417152867242466812e+02
8.699725509358833619e+01
7.895287931480619648e+01
1.221238215401598524e+02
9.052722582826572761e+01
1.152832365857533290e+02
8.924511159549724937e+01
1.623518803915678177e+02
1.401011575288117115e+02
1.263886655696058057e+02
1.520058650326931229e+02
1.257906730386932566e+02
1.011415710140833966e+02
1.418325720500231455e+02
1.343967173898725775e+02
1.261638312226458254e+02
1.254335059421490257e+02
1.000571199558782354e+02
7.020535166244873437e+01
1.332293674676299702e+02
1.519240048697108989e+02
1.187434156820439455e+02
1.279519994679633186e+02
8.389332538284887164e+01
1.143178585109008907e+02
1.632880902764143229e+02
1.584047236209775065e+02
1.889319338356150979e+02
1.489648469949223966e+02
1.533804662795116087e+02
1.167054223561831350e+02
1.299549793945839156e+02
1.186289792075781264e+02
9.823808437627859291e+01
1.579946204671514067e+02
1.786615884406222108e+02
1.735988110605975123e+02
1.295502691638391752e+02
1.455887287314008915e+02
1.281269473916691197e+02
9.701729987203634664e+01
1.483466971522779545e+02
5.539085721548434549e+01
1.572551127739410219e+02
1.687402642300625075e+02
1.773940018951391551e+02
1.494152229320795584e+02
1.288779840214722583e+02
1.409788791233952168e+02
1.852051241423257295e+02
9.412863603681896052e+01
8.969788594978200535e+01
1.723331477599110428e+02
1.989105290135428845e+02
2.009890063268971971e+02
1.738112758438913659e+02
1.592545527342821288e+02
1.721613046594645482e+02
1.661984510686022531e+02
1.727873683154373055e+02
1.429435292515337039e+02
1.660076484293115584e+02
7.629608753629341322e+01
8.289587558522941890e+01
2.006284457867445497e+02
1.848062995706354172e+02
2.018091219914333010e+02
1.799615009708901425e+02
1.820761283533506116e+02
1.338145856205267705e+02
1.470305635904649932e+02
2.060988869217288197e+02
1.216357612132253223e+02
8.206762520906002578e+01
1.074400369110570637e+02
4.918978640748195374e+01
8.083265649304219380e+01
8.621967645916083711e+01
8.071751159069539483e+01
8.907996802033365213e+01
9.120160729562165614e+01
9.573596410190128836e+01
8.706143472522836646e+01
8.294366865910976117e+01
8.964004322946803427e+01
5.129355599347574923e+01
8.671823913378058535e+01
8.242420805462316480e+01
9.777360617189374636e+01
6.395187542920854895e+01
8.917291316989960137e+01
8.393238509646417356e+01
1.077320070292304308e+02
8.099494252223900048e+01
1.330401425988989956e+02
8.698095978958036767e+01
1.175036884755550375e+02
8.268513900545693218e+01
1.087805639738925123e+02
8.651308452992272180e+01
1.489673849944608151e+02
1.194207679316061359e+02
8.655688047434662735e+01
8.208508424761832600e+01
1.100567871971411620e+02
9.165083158255541207e+01
1.671406863984155393e+02
1.367573409168917351e+02
7.129462137550663670e+01
8.609936448549082399e+01
8.147474347214526347e+01
1.104433077907176113e+02
9.481526311161977105e+01
1.803588399218403993e+02
1.528176044980893664e+02
8.621939555997690263e+01
1.175064736318368830e+02
1.104452150423166898e+02
9.674541805414619944e+01
1.893988456336549859e+02
1.650734757070553940e+02
9.910680132516777974e+01
1.443808302068570129e+02
1.197101014164686035e+02
1.037401852221874918e+02
8.070052943895845488e+01
1.107646672080121846e+02
9.860120778077936166e+01
1.976997913510489013e+02
1.771935702098523109e+02
1.122822168424966947e+02
1.739219241007568257e+02
1.538882965555585542e+02
1.465171116012014636e+02
1.215179211767789980e+02
7.962076768283533568e+01
1.087891525836926832e+02
9.689288909534745642e+01
1.940331879593607312e+02
1.723061780661456908e+02
1.105829803676853800e+02
1.719119865372269089e+02
1.382624307627258418e+02
7.894838166440214877e+01
1.076462057078109495e+02
9.607892240513859861e+01
1.927646030429344819e+02
1.709048139133653024e+02
1.114443232710418528e+02
1.755716873003376861e+02
1.539159117238044701e+02
1.440425125106754933e+02
1.118730071444624059e+02
6.426539898423946795e+01
1.078630007179677790e+02
9.696167379629724792e+01
1.966036092473169106e+02
1.767269465847161882e+02
1.183086993203925488e+02
1.923577697102993795e+02
1.749222486008607973e+02
1.719094930775919181e+02
1.429060794352597838e+02
9.090168146600900911e+01
1.412457144077853570e+02
7.858651590725705205e+01
1.074348917988174463e+02
9.682320511994805656e+01
1.969475945906891923e+02
1.775191983790842585e+02
1.204541829781840363e+02
1.987351661489309151e+02
1.843580942040289585e+02
1.581951420450762953e+02
1.050857655657845697e+02
1.662472221176991525e+02
8.502562116441733053e+01
7.830406792443911002e+01
1.069846773175029142e+02
9.656056159006770656e+01
1.967259756790157610e+02
1.774587884359396810e+02
1.215795870102797949e+02
2.026809681897814528e+02
1.892273132554226152e+02
1.933966385959300567e+02
1.703149407864698333e+02
1.172010256051215720e+02
1.897094462182733139e+02
1.424991653910776392e+02
5.617332120602507217e+01
7.825080353041327896e+01
1.070406517808254137e+02
9.692302231202511109e+01
1.983684209191410730e+02
1.799860525965440274e+02
1.248368153355981605e+02
2.112625101148471742e+02
2.102396902931026546e+02
1.911342861837735256e+02
1.369323987517215926e+02
2.305779603909919899e+02
1.778439193456370333e+02
7.210822129012849757e+01
7.812435455986295096e+01
1.068890886146805030e+02
9.694874469600502209e+01
1.988492646084562523e+02
1.808427205069602053e+02
1.264298830739579529e+02
2.159810922792109977e+02
2.209238114450195667e+02
2.054923520327874940e+02
1.515570465488879108e+02
2.619759015855752864e+02
2.051694237765331650e+02
8.467603240621588157e+01
8.196522874707206086e+01
1.023862863468645372e+02
9.311969845859951533e+01
1.876973730555352233e+02
1.689135022233858763e+02
1.202761774824643197e+02
2.074887698618617833e+02
2.008893877261723730e+02
2.032390158617328666e+02
1.514632307014374248e+02
2.630642406211581488e+02
2.062120077092731947e+02
8.517761518754997496e+01
1.078587730257150525e+02
8.103352156644976390e+01
8.004666976221831476e+01
1.628650186369247308e+02
1.476224230244728517e+02
1.088055600798100784e+02
1.916203189320043805e+02
1.884848209885476251e+02
2.060309389152265851e+02
1.495537921345027996e+02
2.620300933266549350e+02
2.062150785614879567e+02
8.543116041758430868e+01
1.082751108628848300e+02
1.245916870439931046e+02
9.566859622513747752e+01
1.723993083860348747e+02
1.727396951468493853e+02
1.928724433189516674e+02
1.893620393709140899e+02
2.593882822154475321e+02
2.054481360293335683e+02
8.552318341210619224e+01
1.086059779700137824e+02
1.138159711005882002e+02
9.978991810320323452e+01
8.166287622052935546e+01
1.515654763962315883e+02
1.551833088681536879e+02
1.776599363896463046e+02
1.795016565659675791e+02
1.421742868977618741e+02
2.044410470686927681e+02
8.563370767304274978e+01
1.090222665760948786e+02
6.237823684026977133e+01
6.001267548630828230e+01
1.195938992790565152e+02
1.285847048689585677e+02
1.540087318229622326e+02
1.626804812006551515e+02
1.338145856205267705e+02
2.471790167237414835e+02
1.089532690639838535e+02
1.013149181864055777e+02
1.195708770417441400e+02
1.431703299274807932e+02
1.553035270594779433e+02
1.315477440566748157e+02
2.466222310598447223e+02
2.014351204632463350e+02
1.102399765963864269e+02
1.020066604817173754e+02
1.160566206856472320e+02
1.089430781005494566e+02
1.283612587124112281e+02
1.436929607101592126e+02
1.264962250127548629e+02
2.422303774476418994e+02
2.002098149246738785e+02
8.645358665636391038e+01
7.142656762314244645e+01
9.310145373481154252e+01
1.149804248899761205e+02
1.098341782132171289e+02
2.218475571897914733e+02
1.903444363462479600e+02
8.470002836612714248e+01
1.109457945799860425e+02
8.003457589411029005e+01
1.016940947207708632e+02
1.025836895941092877e+02
2.123166192025780674e+02
1.856432567785495564e+02
8.479452454396881933e+01
1.123857950731607502e+02
1.036336101037909856e+02
1.965604195129192249e+02
1.761337638735029429e+02
8.387273933952774030e+01
1.135356413043683546e+02
1.045746595118577318e+02
4.198908549270272772e+01
8.534939806129395379e+01
1.786406797908176998e+02
1.623710794094752146e+02
8.206762520906002578e+01
1.147809573197255872e+02
1.057862949586723289e+02
4.240417370518442652e+01
8.531485793783359384e+01
1.358143119202937328e+02
7.613243182922484209e+01
1.136018623923868347e+02
1.063753733643601294e+02
4.284796871073617552e+01
1.475720601364137963e+02
6.053892527006279778e+01
1.042581048850398702e+02
1.040525053487603344e+02
4.305672795782548690e+01
8.579777808225647107e+01
6.081538223215268602e+01
1.077279613075642715e+02
1.071516710606333334e+02
4.462413585996616661e+01
1.119394685198974742e+02
1.084866805687846920e+02
4.692552012932006988e+01
7.966467117746569215e+01
4.598723653851402560e+01
4.918978640748195374e+01
