8.807450866807118928e+01
1.058837287865952135e+02
1.357038032024580616e+02
1.485435098058282506e+02
1.792885105211005055e+02
1.977357095509755425e+02
2.129776287398429133e+02
2.695336288142776198e+02
8.849791714355190209e+01
1.124869302364795374e+02
1.260563220158997524e+02
1.537192084891760544e+02
1.716437697143934713e+02
1.815622917973670383e+02
2.013716891868518815e+02
2.603800078340501614e+02
1.512193109715260277e+02
1.691613317777506609e+02
2.213291222527373066e+02
2.314154363702306227e+02
2.462150254723442231e+02
8.474709293877778293e+01
9.808549007356785410e+01
1.224475555820763475e+02
1.395420706865502325e+02
1.508339024790659266e+02
1.668987263589093288e+02
1.993768968638246690e+02
2.194279823222931043e+02
1.605152404136009068e+02
1.935070689226048444e+02
2.156603750573119100e+02
2.297408728229721646e+02
2.309297416530709768e+02
1.346000296179980182e+02
1.542472439056930114e+02
2.089740324453075004e+02
2.127915128721097915e+02
2.255729379521309284e+02
7.550111970134335593e+01
9.655564831838074724e+01
1.129919897823202746e+02
1.253204620286282420e+02
1.409343719761163243e+02
1.489115029915126911e+02
2.016068041022482475e+02
1.916311652668992451e+02
1.552264189057290196e+02
2.113116149645684629e+02
2.018851730019988509e+02
2.247019168328132537e+02
2.466523966956034712e+02
1.424191489937568917e+02
1.713669585376720477e+02
1.980083450692550571e+02
2.163578918360317118e+02
2.229312685610738640e+02
9.543371444205767773e+01
1.114659512874988110e+02
1.262931651283297612e+02
1.432676169169122318e+02
1.508404839581046701e+02
2.065484314226915501e+02
2.006927652842797158e+02
2.139609176004371136e+02
2.019792913112095505e+02
1.893737313236264583e+02
2.133409523095167515e+02
2.275226128674593724e+02
1.859517884319463690e+02
1.826277449316631873e+02
1.966061687405014879e+02
2.137704900481201378e+02
2.304321885953752371e+02
1.310004449498710812e+02
1.836644771058937238e+02
1.821319745872960709e+02
2.092763675421045093e+02
2.360658512181927335e+02
8.303541496179171588e+01
9.811056212432200141e+01
1.139800074562322578e+02
1.196570077843542350e+02
1.665793041346788073e+02
1.712050564927631342e+02
1.629388866674905216e+02
1.870612863009243370e+02
1.682573133599312882e+02
1.907950335537080946e+02
2.046854599760205531e+02
2.165238573138318259e+02
1.757058145393416169e+02
1.685430817528253442e+02
1.948200046536759089e+02
2.132349858302600865e+02
1.610665768750881739e+02
1.622130858930410966e+02
1.792327930971524665e+02
1.998175549457452576e+02
2.210968735103162146e+02
9.092089458790455581e+01
1.118188485370858700e+02
1.579149107667621763e+02
1.646365876210651038e+02
1.529266244479942713e+02
1.752295815440949127e+02
1.912856722272879892e+02
1.080442141654402661e+02
1.924961414941992928e+02
1.958266916387931644e+02
2.158200014592468392e+02
2.401853498957598845e+02
1.691772145161111496e+02
1.868094885831003182e+02
1.998407799362142896e+02
2.010412676494422328e+02
1.444246913605194322e+02
1.667437651448626355e+02
1.834248251846871085e+02
1.998474802050813537e+02
1.753117541136199691e+02
1.968689342349867673e+02
9.206771577445297794e+01
9.217876154399601774e+01
1.332994619900559599e+02
1.416494460715829291e+02
1.339383025169192933e+02
1.498125550064926870e+02
1.668091846939667278e+02
1.812159400378465648e+02
1.778075196943156300e+02
1.838346477166543309e+02
2.003484828017152779e+02
2.248742649001052314e+02
1.655463492450892602e+02
1.717999378804894093e+02
1.931588073612975336e+02
2.206359985856799995e+02
1.739343839138777241e+02
1.810750209762942404e+02
1.179790388674240660e+02
1.391721218730450573e+02
1.576199911091992760e+02
1.772029870845534276e+02
6.984207514909259373e+01
1.030241954316532542e+02
1.125586830410302781e+02
1.088545974422247582e+02
1.235255039634089798e+02
1.367139704135035174e+02
1.435042481980583489e+02
1.631062968268342388e+02
1.613656741218051991e+02
1.825994236763690992e+02
1.823870616637014166e+02
1.529836436004673033e+02
1.600412309752382214e+02
1.787214530199469209e+02
2.056162959573480862e+02
1.355634150782618121e+02
1.435665407323002967e+02
1.644244757696209547e+02
1.932840757995175522e+02
1.151790232272629169e+02
1.309698731318162288e+02
1.468109483056402098e+02
1.574773797042608123e+02
8.574365464019791716e+01
9.642993054747589099e+01
9.598071307065201552e+01
1.104072889322925448e+02
1.228089669338929752e+02
1.301328170499273824e+02
1.365218540248866930e+02
1.551689449164897212e+02
1.844917329110330115e+02
1.777124877504647031e+02
2.239281980121523077e+02
1.599883270222868816e+02
1.744335915273075273e+02
1.689087817126994651e+02
1.392673192288934558e+02
1.587550951019075853e+02
1.628585358922586863e+02
1.262628050874677967e+02
1.333522808003254454e+02
1.528192579440448640e+02
1.805809296750147723e+02
1.138384822381925972e+02
1.229443905715901622e+02
1.430478147192999927e+02
1.727620939282265340e+02
7.920455309470145266e+01
8.251974222709384321e+01
9.718073332134763120e+01
1.087108937951321366e+02
1.167897375953897381e+02
1.196061872260194718e+02
1.359699514609737037e+02
1.424476335663445639e+02
1.709883677669986923e+02
1.689875516454740136e+02
2.179280163082352999e+02
1.661786153814514364e+02
1.621719225448163684e+02
2.073187663020469529e+02
1.421618950882626677e+02
1.581916379436680415e+02
1.561037485283836190e+02
1.244868401614260875e+02
1.419398652304117832e+02
1.499625179214311288e+02
1.188059723352115071e+02
1.265532150606782977e+02
1.489989969086937265e+02
1.810537236363526006e+02
8.314155694413149433e+01
9.820108405529524020e+01
1.099368104584876988e+02
1.199582938315917033e+02
1.244318837219593377e+02
1.348672029640642052e+02
1.534738508555251997e+02
1.550459715225348987e+02
1.551684810779649695e+02
1.596763566343607295e+02
1.986992393340122760e+02
1.436481490333050033e+02
1.425448245016669944e+02
1.856307987401977755e+02
1.204248102366283604e+02
1.381410652688215066e+02
1.404292633399365684e+02
1.093259555734341859e+02
1.251590106784074408e+02
1.377671113841961983e+02
8.249750164889475457e+01
8.859866003649702293e+01
9.690539725233976753e+01
1.006907226033198270e+02
1.075779995689426016e+02
1.245488657941665025e+02
1.251052338130722745e+02
1.655721523244755815e+02
1.429818229900724589e+02
2.106263489612054514e+02
1.295244499372298606e+02
1.357083203786098977e+02
1.230126936900015551e+02
1.258077769657673031e+02
1.708097232389548310e+02
1.143298299759816814e+02
1.164116200389931350e+02
1.562109694937796860e+02
8.857258177399600640e+01
1.047997411504035341e+02
1.098159267850951437e+02
6.445085874316721686e+01
7.096576662075855779e+01
7.437355077666319403e+01
7.770728036389290594e+01
9.153420392820747509e+01
9.271236473991623939e+01
9.532344686712174564e+01
1.315867748237118633e+02
1.295017614370524939e+02
1.991046370883496195e+02
1.192802905620219036e+02
1.779772466153532662e+02
1.076301369030073971e+02
1.148663228442349862e+02
9.511685039534035013e+01
9.890843554327713605e+01
1.381939985416834986e+02
8.562637749865523062e+01
8.793019081394402292e+01
1.193015902232329069e+02
6.184494339678960984e+01
6.639420848439857537e+01
6.813553707827837513e+01
8.224870188945608618e+01
8.410888778697191981e+01
8.560567903724918892e+01
9.185373292542614365e+01
1.343021348358228124e+02
2.433545528179914754e+02
1.102306857352429006e+02
1.728447612678154997e+02
1.011692572962184613e+02
1.527986610271698282e+02
8.445728159254065304e+01
9.118740275615169821e+01
8.014211893575853196e+01
8.427223897612849157e+01
1.205211584581276867e+02
6.153274679026423399e+01
6.067782744747979251e+01
7.565391925955616159e+01
7.787444939156134183e+01
8.000766024440873991e+01
8.549737454754549049e+01
1.291522387427797582e+02
9.490600064381192169e+01
2.036652492260189149e+02
8.986650526940256611e+01
1.441168114759256582e+02
7.898096185534397762e+01
1.205937531468306929e+02
7.019605504416823294e+01
7.767533857135671838e+01
4.456884650668960290e+01
5.910381222303176685e+01
6.181746718737124269e+01
6.458744237686077838e+01
7.003789367103740915e+01
7.437554239297244862e+01
1.214156326613845494e+02
7.952037124358021458e+01
1.623181468073405824e+02
7.161923836017405165e+01
1.181109143479800281e+02
6.250024867903547943e+01
9.654347971084354185e+01
4.990709083300477289e+01
5.100665329023691896e+01
5.352305568545099845e+01
5.819090097828686226e+01
6.256260534164920273e+01
1.328085970013458734e+02
6.489272968383824036e+01
6.822099849159114626e+01
1.384510419755833368e+02
6.333071845775261011e+01
1.057734854196925198e+02
5.457492781738088183e+01
5.562036028312576974e+01
5.934976993185932059e+01
6.376965929708471492e+01
1.342814296752457324e+02
6.295659178678577206e+01
5.666075872019187898e+01
1.152971065668859296e+02
3.977359342303635259e+01
4.371868569889839762e+01
4.885768791859955940e+01
1.044441898093338494e+02
5.091424071857424849e+01
6.033265790642996507e+01
4.522417535198876237e+01
3.761271878467950103e+01
4.090259968701155913e+01
8.385574322956159676e+01
4.197126656557652069e+01
5.001063851957585626e+01
3.763436045502361083e+01
6.982283617214409333e+01
3.594534493948434317e+01
4.265547043911177383e+01
5.827430947859469512e+01
3.131535405987013121e+01
3.712599915585626320e+01
2.565687661647995910e+01
3.016564487600232169e+01
5.140343273638949029e+01
1.064415143378610935e+02
1.008557795736374345e+02
9.658586872803367385e+01
1.069027849634585721e+02
1.427005768660461911e+02
9.523514754554699380e+01
1.435407780042989714e+02
1.064771277869317601e+02
1.410770895312802793e+02
1.020439994869554852e+02
1.808228118215512836e+02
1.802549813281322599e+02
1.395194809540501240e+02
9.495337360559133799e+01
1.810527078668559398e+02
1.950400285643770246e+02
1.383883654058387833e+02
9.999280650715813579e+01
1.732605020912051259e+02
1.849106051601800971e+02
1.290115176486635846e+02
8.709987400355110765e+01
2.014798270031295431e+02
2.179671008512227672e+02
1.620887364066572616e+02
1.663983258603869899e+02
1.248640945079108917e+02
1.000066006604231035e+02
2.006932664981182484e+02
2.084916347812604158e+02
1.585678602036240363e+02
1.667538510107511627e+02
1.313475213512777486e+02
9.314476805023150519e+01
1.928202122496807078e+02
1.983092698165416721e+02
1.631688752852882374e+02
1.589590591060580209e+02
1.335118309625437973e+02
8.125830700589565936e+01
2.243999496660696309e+02
2.315988555373891415e+02
2.303941096134624900e+02
1.925505657170365055e+02
1.918816860737798322e+02
1.630893954682531160e+02
1.882150784694817958e+02
1.141681867086621480e+02
8.088301312405261001e+01
2.265051858151105932e+02
2.237927193741288932e+02
2.286652623149679471e+02
1.935130204021932059e+02
2.063218037932700781e+02
1.571825862422983562e+02
1.685595983113149430e+02
1.015198769195018826e+02
7.410413027586714918e+01
2.229188603964479114e+02
2.337008849564597597e+02
2.223686719460751817e+02
1.844594256936152021e+02
2.122093103077509681e+02
1.395370876829896076e+02
1.360265677213417916e+02
1.039607072775910410e+02
6.437099294824572837e+01
2.529065949396076292e+02
2.594020239682718056e+02
2.523860188989131359e+02
2.140776789118838224e+02
2.346681397360600840e+02
2.627923946245719549e+02
1.819118864527987398e+02
1.838238525244565267e+02
1.297536520098206267e+02
1.354397415780833853e+02
1.001337776326430173e+02
6.304536666900489195e+01
2.434120133265194852e+02
2.616814204604227712e+02
2.731045271334091922e+02
2.087233811197250759e+02
2.275239464572541976e+02
2.369636303322797346e+02
1.675139403176123096e+02
1.642947475548227203e+02
1.252397370169989017e+02
1.348589971666220606e+02
8.872568529274688842e+01
5.909504874540508723e+01
2.691489435146386313e+02
2.831033286942794689e+02
2.912656913690624378e+02
2.750073253582006032e+02
2.371690395005830396e+02
2.525055082990323001e+02
2.825401041880660387e+02
2.052747233956131936e+02
2.039472232790638770e+02
1.927200580315835623e+02
1.540686388091799586e+02
1.639486323297396950e+02
1.217772738260516405e+02
1.278266467828525066e+02
8.531453060273824462e+01
5.445813431904935698e+01
2.644094852968694909e+02
2.788062296045170001e+02
2.998465300954615600e+02
3.324441364611122935e+02
2.325389278322208213e+02
2.463135310928117576e+02
2.430993172111488150e+02
1.916892930052291604e+02
1.921790415494818376e+02
1.946933362739481481e+02
1.493684895597855302e+02
1.593151988654375657e+02
1.187565969048312411e+02
1.184753888401911439e+02
8.215227849992930942e+01
5.319196789609545561e+01
2.630917882453447874e+02
2.747415216640615654e+02
2.929221807821661514e+02
3.024422543123965852e+02
2.308719617634776000e+02
2.310043151268480131e+02
2.212722242788902918e+02
1.799735692182227922e+02
1.907136393441946325e+02
1.993879502774101979e+02
1.478475486019603125e+02
1.492144525549968535e+02
1.127395573449557702e+02
1.211476189221729811e+02
7.829168745087517323e+01
4.841349315761075900e+01
2.877426796712507553e+02
2.990028590306617389e+02
3.135518660903526893e+02
3.474370485335184640e+02
2.591262409585172009e+02
2.729357369639059812e+02
2.658857088443925818e+02
2.489437232417093071e+02
2.155367875960261870e+02
2.174365081482993389e+02
1.794579580139452162e+02
1.842541134007575181e+02
1.878687933908445586e+02
1.471672940589486984e+02
1.516750477372681303e+02
1.098460602457644768e+02
1.184548479582945930e+02
7.408266995360361307e+01
5.027330669629714777e+01
2.761412997337762363e+02
2.882065539461574986e+02
3.000789910117287036e+02
2.936101665794263340e+02
2.432018036510432921e+02
2.440413697244127320e+02
2.400328431652591519e+02
2.409608704286053467e+02
1.980828053493761445e+02
2.043783910079737041e+02
2.128612537033326646e+02
1.662638612445330750e+02
1.702096987385803857e+02
1.656291908594691051e+02
1.325001889280702301e+02
1.429629859017209412e+02
9.563201903547980010e+01
9.946270075826772938e+01
6.293779981557347725e+01
3.826088646649662195e+01
2.731715329391643081e+02
2.866186014214870283e+02
2.824035882387927927e+02
2.682917687560330364e+02
2.336864633327464844e+02
2.318965359761945990e+02
2.410446556540549921e+02
2.498909389182181826e+02
1.977201999635488789e+02
2.040818987832964808e+02
2.014411671270279669e+02
1.606792111454234941e+02
1.681669930286819010e+02
1.756939147833944332e+02
1.264955690578934622e+02
1.347095499295732282e+02
8.877812584847784194e+01
9.178700894095707952e+01
5.891513100829975969e+01
6.871030768788548926e+01
2.717807719457277926e+02
2.685970517416947700e+02
2.670519087397672706e+02
2.743256485389366617e+02
1.927636906998554025e+02
1.992184310157638834e+02
2.005465605014645973e+02
1.573083171908461679e+02
1.681740239395150525e+02
1.757289055935756608e+02
1.202020722404015771e+02
1.233781020582111552e+02
8.291045766091102109e+01
8.835639914680423601e+01
8.200532048109117511e+01
3.006511967284043507e+01
1.064415143378610935e+02
1.154410634664100144e+02
1.072659764768786346e+02
1.158623959352332378e+02
1.297571229384602418e+02
9.989209122205841140e+01
1.152448361484348851e+02
1.402960034015998190e+02
1.324114329072120597e+02
1.176901100672941425e+02
1.140411875644285971e+02
1.430414847387944235e+02
1.503153048363442394e+02
1.520620398112301643e+02
1.035406590614105369e+02
1.129923462963194538e+02
1.433334161411800096e+02
1.596359221311809051e+02
1.773825202412542126e+02
1.376803379707269812e+02
1.112602245048690719e+02
1.122029566803313116e+02
1.429577903553338558e+02
1.645387506254583911e+02
1.943858507792717489e+02
1.658723442051770860e+02
1.468610439749897694e+02
1.084372546223528673e+02
1.115398997121544227e+02
1.421841098197432700e+02
1.666382289098932574e+02
2.046062983335164915e+02
1.865946441671553657e+02
1.770025045576539640e+02
1.381162553946629146e+02
9.113918006433864605e+01
1.110241345960159975e+02
1.414565980108768315e+02
1.676818003248179139e+02
2.115448540809448730e+02
2.033213056225048092e+02
2.064000572917859984e+02
1.758954809545140847e+02
1.304884678770937398e+02
9.856899353187239399e+01
1.103844684740683988e+02
1.400097064406855054e+02
1.662987425910495460e+02
2.119831057321313779e+02
2.094438379506239585e+02
2.205335971577579244e+02
1.967853550818523445e+02
1.539732698862553093e+02
1.225692787180720131e+02
9.104822247469965646e+01
1.099193387426016955e+02
1.389592997333008952e+02
1.652565627389518568e+02
2.121672931192480291e+02
2.138903147967627092e+02
2.317122311359250091e+02
2.147286516642678009e+02
1.755469507822367348e+02
1.455883545413975639e+02
1.135980766878702042e+02
9.944819926399327414e+01
1.096354715116757603e+02
1.383876679367140241e+02
1.649256838331577626e+02
2.132297548216645282e+02
2.186849054939698078e+02
2.429669131708028544e+02
2.331924214820421355e+02
1.990711221099627153e+02
1.725999542018006139e+02
1.415711897506107277e+02
1.306948497645212512e+02
9.363796261870616888e+01
1.093864465039190179e+02
1.378484795196639539e+02
1.644398731044805118e+02
2.135263897363061858e+02
2.216242225035328772e+02
2.507549539805131360e+02
2.470882038436290316e+02
2.181521046787728153e+02
1.959068541601311040e+02
1.665717774984027528e+02
1.604206474120395001e+02
1.151242736581317132e+02
7.348477763190433620e+01
1.091650961559340374e+02
1.373433127570067143e+02
1.638738944524637873e+02
2.133499949983810779e+02
2.233180546448970460e+02
2.560522949610124215e+02
2.574187965556744189e+02
2.334205881655662438e+02
2.158388777332224322e+02
1.892917293695733747e+02
1.896022575630760230e+02
1.397126093894590042e+02
9.103505587123444798e+01
7.037487627464686568e+01
1.634134761322098086e+02
2.131687911852623358e+02
2.245824908403209292e+02
2.601860662221988605e+02
2.657831901755527042e+02
2.463101077560928047e+02
2.334489038493771318e+02
2.179625683115109496e+02
1.649719902583287876e+02
1.098361202983600009e+02
8.698983738481373962e+01
6.961011844435039109e+01
1.088510350854053144e+02
1.366347148622641896e+02
1.630853822424120096e+02
2.131042565203522088e+02
2.257125285747623309e+02
2.637340072060873695e+02
2.729949580997044336e+02
2.576830470545977505e+02
2.303045597586866222e+02
2.463394552425527593e+02
1.919144930803512068e+02
1.311039670084946067e+02
1.064329244034439199e+02
8.537248314729268373e+01
5.581242890782685606e+01
1.087227101650964585e+02
1.363356171195418369e+02
1.627115491961092459e+02
2.128296019287032550e+02
2.263016329599537642e+02
2.661270818976846044e+02
2.783256721266737941e+02
2.666144660854131416e+02
2.628717723993881350e+02
2.476958862334825255e+02
2.724266625983865993e+02
2.184892279881013337e+02
1.540123799337401067e+02
1.297074238665992425e+02
1.088458087188124779e+02
7.788230937304120971e+01
5.656292788074721045e+01
1.086075563434533251e+02
1.360598079271127290e+02
1.623386668533718478e+02
2.124572467594705643e+02
2.265476308024810521e+02
2.676897302851889435e+02
2.821647055089061951e+02
2.733986823370057095e+02
2.733531454725031153e+02
2.618048814307067005e+02
2.943747525194439163e+02
2.415298218935981538e+02
1.743147448883557331e+02
1.504593673841990267e+02
1.292390422093083373e+02
9.583688949324755413e+01
6.213242260108907544e+01
1.085194410287024880e+02
1.358558734655689761e+02
1.620826356210986035e+02
2.122569403166542088e+02
2.269075428922133995e+02
2.692363477856347913e+02
2.857218870724293538e+02
2.795848501393462016e+02
2.829819853004866559e+02
2.750073253582006032e+02
3.153673348867317827e+02
2.642826268503600318e+02
1.951142702947648218e+02
1.725728293090030547e+02
1.520555711367155709e+02
1.169311874249588783e+02
7.700913028345088662e+01
4.908477415907957209e+01
1.084513435014813467e+02
1.357042025607684081e+02
1.619093374164857835e+02
2.121733713897167206e+02
2.273307905413699359e+02
2.707279685781516037e+02
2.889920043063706885e+02
2.851976374556591054e+02
2.917675729191836353e+02
2.872398461082179324e+02
3.351858125171016241e+02
2.863544508019448358e+02
2.159348688120796567e+02
1.954579691129533217e+02
1.765794315766853799e+02
1.404923484891656358e+02
9.763645242970098082e+01
6.745028097828729585e+01
4.681535727206783548e+01
1.083937368554120724e+02
1.355766838427135212e+02
1.617647283801094034e+02
2.121053924544198424e+02
2.276885486488426693e+02
2.719854010453621527e+02
2.917593082645465188e+02
2.899886819465978078e+02
2.993658601142336693e+02
2.980015093227165153e+02
3.529939859423498092e+02
3.066926499669908139e+02
2.356537302078087919e+02
2.177532853119261063e+02
2.011954435438341591e+02
1.649023978145866067e+02
1.217138759244412540e+02
9.041428556954853946e+01
6.498940319539192956e+01
4.806232760833815831e+01
1.083473948723993061e+02
1.354772306677348865e+02
1.616610999164588236e+02
2.120866465464891917e+02
2.280482040503902965e+02
2.731411251057035088e+02
2.942365645126570826e+02
2.942452012050381427e+02
3.061400926297762339e+02
3.076931235159050857e+02
3.692529421792604012e+02
3.256208493829174131e+02
2.544216793493963564e+02
2.394885805443217635e+02
2.258046997644360943e+02
1.899248720898451666e+02
1.166900962773524668e+02
8.835986857725063714e+01
6.867054397661577525e+01
5.543024302089315114e+01
1.082336703872163497e+02
1.351605417163056018e+02
1.610857831689018553e+02
2.110630072755908486e+02
2.268417946694293050e+02
2.716534940775595715e+02
2.928616057282266638e+02
2.934539433657955101e+02
3.060941780925011244e+02
3.085950058611998088e+02
3.725920159220839309e+02
3.306413523427885366e+02
2.599903840055603723e+02
2.461209786990284556e+02
2.330056281919696914e+02
1.973796483709635652e+02
1.223601684602221837e+02
9.121936469000907266e+01
6.754714382042519105e+01
4.979644835883198795e+01
3.299830185865241106e+01
1.626843162393358000e+02
1.082122676710563383e+02
1.351279173673711398e+02
1.610948407739758750e+02
2.112223794448948979e+02
2.273581109306353483e+02
2.728988225861156138e+02
2.952222688134600617e+02
2.972629237416584260e+02
3.169831314996833953e+02
3.866483834693350445e+02
3.472106544446288581e+02
2.767462697163896905e+02
2.659660619956555365e+02
2.559697087799728763e+02
2.211773521769990509e+02
1.480890599886344319e+02
1.141876101041443548e+02
8.770691698640037259e+01
6.781277322327024137e+01
4.753218803934915826e+01
1.081889880134297925e+02
1.350853849261890787e+02
1.610734465851417383e+02
2.113007047613753571e+02
2.277161786254966103e+02
2.738328883093307127e+02
2.970670586898468173e+02
3.003211820273135118e+02
3.239519909836469651e+02
3.985536176716009891e+02
3.615053607973671319e+02
2.914762200798008394e+02
2.837456228758555312e+02
2.769373293551902862e+02
2.433599910913499116e+02
1.735824180145012861e+02
1.375209456717863077e+02
1.088478572278510654e+02
8.746211951188961109e+01
6.449790789805831537e+01
9.459853363277991889e+01
1.038236826004907556e+02
1.337958688076240321e+02
1.817899334930424970e+02
2.024289858720633788e+02
2.486216909511040569e+02
2.747052859290243987e+02
2.823445012128872804e+02
3.015876628370234016e+02
3.875515107957401710e+02
3.550669618954602811e+02
2.886952485153192356e+02
2.828420259164132631e+02
2.772844591245435026e+02
2.447136679133637926e+02
2.102217470168308751e+02
1.388469915662640517e+02
1.097680537957579929e+02
8.807367962620907065e+01
6.484770228587581187e+01
9.493067420801220635e+01
2.921467654037720507e+01
1.036764291003874803e+02
1.475789184535614709e+02
1.726835717123890390e+02
2.184348598164955035e+02
2.474158957305018021e+02
2.599048538697959998e+02
2.821159062544522271e+02
2.946798128819718841e+02
3.453198110913631922e+02
2.837345153106469411e+02
2.802731161391413934e+02
2.764083257040757076e+02
2.453269624389397165e+02
2.114794108092446550e+02
2.073603414278384776e+02
1.107091013749209907e+02
8.870936707984591862e+01
6.521547473467998657e+01
9.528207859781311129e+01
2.925882313938830137e+01
1.058762057227992983e+02
1.359086024553005529e+02
1.811433334735005474e+02
2.132694205778774688e+02
2.312580216206488330e+02
2.567883020831127396e+02
2.726657414822597048e+02
3.509766444293122731e+02
3.307976966647247536e+02
2.755108447454856559e+02
2.751089586438393439e+02
2.735423009989178240e+02
2.446412861905299962e+02
2.119568611830674740e+02
2.082564797652967741e+02
1.783654924263234420e+02
8.934202332700371585e+01
6.558891702894726450e+01
9.564307006355808483e+01
9.579998422445696349e+01
1.394746121128366951e+02
1.744217380341852675e+02
1.979065362151099237e+02
2.266433354376534055e+02
2.458640563564240153e+02
3.240501449875494018e+02
3.115699858039558308e+02
2.671857772005861307e+02
2.684992964786681569e+02
2.425059992281304346e+02
2.115543282428175758e+02
2.085672274364578982e+02
1.794890213187491383e+02
1.425102335435529994e+02
6.597281984534407684e+01
9.601881850814702091e+01
2.935226826881005380e+01
1.102154526500617351e+02
1.434629703321146224e+02
1.702593710038631514e+02
2.005650021397350429e+02
2.214127159794903434e+02
2.990504215741063376e+02
2.935782034389923751e+02
2.531692409128172869e+02
2.410802863193756878e+02
2.118430516013127942e+02
2.095145234855035596e+02
1.812579487906547229e+02
1.441201330244275880e+02
1.137225108356117147e+02
2.599644576630730057e+02
9.650791956778176939e+01
1.034030709173628395e+02
1.348504917796380198e+02
1.672726060106288912e+02
1.898295624713311724e+02
2.654125491739774247e+02
2.680849794881677326e+02
2.367994124917496492e+02
2.478806965121475230e+02
1.057255856905000968e+02
1.382484680356556339e+02
1.599683668369934821e+02
2.323477471825631540e+02
2.422242555035722660e+02
2.197628781865930137e+02
2.349784838640842963e+02
2.464179533243677156e+02
2.087148432365451640e+02
1.835473423957879788e+02
1.469153164823124200e+02
1.161023986324617283e+02
9.261244499759145299e+01
6.757333691138123299e+01
1.076216122193152813e+02
1.268284427690751954e+02
1.946516779466888920e+02
2.116244359261180534e+02
1.987137409568821624e+02
2.182040916966326733e+02
2.336275144080897519e+02
2.244870766048107384e+02
2.070532605193674840e+02
1.842276358164126577e+02
1.482651382862297851e+02
1.173978633858937002e+02
9.363426002699853257e+01
6.822007365253452349e+01
9.822552887432564717e+01
8.911119334811002091e+01
1.500086107704974268e+02
1.741785396974617868e+02
1.717383296476440080e+02
1.955201181920732267e+02
2.152486710078809153e+02
2.125163067903253307e+02
1.981577428505116529e+02
1.834560374236633606e+02
1.489110119454184940e+02
1.183975545909621445e+02
9.455313770008788765e+01
6.884653982143801443e+01
9.887020115239528195e+01
2.971750354854133036e+01
1.075449744151109854e+02
1.364236937002351056e+02
1.433407234798726222e+02
1.703846978301352237e+02
1.937315352840253979e+02
1.976121541984353769e+02
1.890870834225443957e+02
1.969482299662284106e+02
1.491729053501127851e+02
1.193237862022958353e+02
9.551814391360717593e+01
6.953767801483013500e+01
9.959493304168395866e+01
2.981290505608878050e+01
9.858476046185413111e+01
1.139246258972958969e+02
1.432203009689853559e+02
1.691280912578498885e+02
1.794692633896516440e+02
1.772439683706321887e+02
1.885284901207550945e+02
1.784820963314445805e+02
1.200784015784694674e+02
9.650201578337041042e+01
7.029435541932335241e+01
1.004089596943286722e+02
2.992124989274774194e+01
9.361495116712784181e+01
1.215666986286781679e+02
1.474464797294453433e+02
1.626903202076009052e+02
1.659287335561969883e+02
1.800563271714573830e+02
1.757289055935756608e+02
1.491342001019748125e+02
9.805618366321937174e+01
7.141804267093854719e+01
1.015807754544448755e+02
3.007466736151687314e+01
9.583598471035044497e+01
1.193266598759490620e+02
1.389865768642197565e+02
1.481431859018946682e+02
1.654404259670395447e+02
1.684177560266534499e+02
1.468488023637082165e+02
1.217312670815168048e+02
7.241130235213051947e+01
1.027114155009137448e+02
3.022853457840117031e+01
8.324623223429536267e+01
1.067614478568999345e+02
1.221333765594465603e+02
1.425623718312443486e+02
1.541156724575419901e+02
1.400821053380840624e+02
1.195360269804718314e+02
9.907580108419142562e+01
1.036062538653444989e+02
3.036298707256113971e+01
7.733803518535981425e+01
9.603451014021290177e+01
1.170718011942115453e+02
1.364714922314486785e+02
1.307544121763016562e+02
1.160017144598822796e+02
9.858407914574574704e+01
7.359230127089763585e+01
1.046347612205609465e+02
7.353267393869602131e+01
9.107201790759101812e+01
1.164593622212238415e+02
1.188187851818533147e+02
1.108602492732127303e+02
9.752862937675750743e+01
7.420543316794662303e+01
1.058910490127975237e+02
3.072846709857557101e+01
6.087409961128830105e+01
9.058150467003288497e+01
1.011036607625845960e+02
1.016090704055861664e+02
9.438681177842420311e+01
7.421492915186802009e+01
1.069898066303411497e+02
6.439339315035030609e+01
7.921134064432366984e+01
8.788602911982628996e+01
8.835639914680423601e+01
7.326334926600378594e+01
1.077975972612556887e+02
6.352598284640466630e+01
7.445760461435446587e+01
8.111331215009430196e+01
7.207676388484688346e+01
1.090600181830140372e+02
3.153528162052756656e+01
5.276822600769903460e+01
6.674909073071319199e+01
6.743777449963445747e+01
1.087047645510037199e+02
3.188101629211679722e+01
4.908317839238810620e+01
5.860466358966112921e+01
1.053935809597150381e+02
3.218639907957194879e+01
4.661807230400479796e+01
9.651074848094125969e+01
3.240069476259641590e+01
3.226549571650740944e+01
7.738042809226497809e+01
3.006511967284043507e+01
