7.629691786404326592e+01
8.956155876393741266e+01
8.387742465477653298e+01
1.502833180519072585e+02
1.261086833771552307e+02
9.059323591838497691e+01
1.477693371335492714e+02
1.487864988738744216e+02
6.708461232664046747e+01
6.548177204519694783e+01
1.141542225906199093e+02
9.398395223479256799e+01
6.901145304974893691e+01
1.149101519055701459e+02
1.134968151148134865e+02
1.385560134251601596e+02
6.619174693006748100e+01
1.092603352363382214e+02
1.127462489415616176e+02
1.658902728219641745e+02
6.719017869357944051e+01
1.086912915102820563e+02
8.584697440998699847e+01
6.458136308282352900e+01
1.080511468445273806e+02
1.043484452949617207e+02
1.128953964188163468e+02
1.549687112072590196e+02
1.003932304861616274e+02
1.097882396381322394e+02
1.524555670051292395e+02
1.217336508106129003e+02
1.003744496434869120e+02
1.003567084794524504e+02
1.275502364988084310e+02
1.428411866976395288e+02
9.222062333182246618e+01
7.112104514388984455e+01
5.635386846177127040e+01
9.599105986387708356e+01
9.347334249176350340e+01
1.005219611045317265e+02
1.027963129702677065e+02
1.610403534537902601e+02
8.575033361830701040e+01
8.905002951591237093e+01
1.415237096215504948e+02
7.267452595753427147e+01
8.196962802547633942e+01
1.190933278724730684e+02
9.964722991430512877e+01
4.291135480004600566e+01
3.639146753715171201e+01
6.253778041496686058e+01
6.079855881798651041e+01
6.613549043286556639e+01
7.182114237922395716e+01
9.341522243438161865e+01
9.649363675090476988e+01
9.645033303385103807e+01
1.859342989090783362e+02
1.238131698424186027e+02
1.031895369967163845e+02
1.335671305662697819e+02
1.375257256842993456e+02
9.402870723799190955e+01
9.886449102588642290e+01
1.595673780711711061e+02
6.232901126220205867e+01
1.061942563215296076e+02
1.008715787767397245e+02
1.099565070400814193e+02
1.210814755607109561e+02
1.125312996994244088e+02
2.200893427800737925e+02
1.500975314694551344e+02
1.956627312131391250e+02
1.395551619105072518e+02
1.409627195574940970e+02
9.675978510218625672e+01
1.870291867566118640e+02
1.262673701408669871e+02
1.118632623230135295e+02
1.468215032709923662e+02
1.559401471404290760e+02
1.108979836623532691e+02
9.316963506349465263e+01
9.748924059067660153e+01
1.066010990244796943e+02
9.987698402664692310e+01
2.013884191440582185e+02
1.450603895583427345e+02
1.494619754684041766e+02
7.939907887695306954e+01
1.365146328731832455e+02
1.491234081435934797e+02
9.938511044060446409e+01
1.647869870024482282e+02
1.214357389453837186e+02
1.281938661885325530e+02
7.241775227685029392e+01
1.430408980405744899e+02
9.970264494204525363e+01
4.995294990006642877e+01
5.215115482215806963e+01
5.854334153412440145e+01
5.673194962559416865e+01
1.151441668246251595e+02
1.039061264857779463e+02
6.994428623091090458e+01
8.917820052457186364e+01
1.331648489043755035e+02
1.251840363836290209e+02
7.845946476778730982e+01
1.366114585012716987e+02
1.437913971983446118e+02
9.723236775893542472e+01
1.501250190203292050e+02
1.095231492580049633e+02
1.162276269620352736e+02
7.092661053777047186e+01
8.292355378628379015e+01
8.385729069010173475e+01
1.700903448055168496e+02
1.531749318385368497e+02
8.193152163385100550e+01
1.449177342000643591e+02
1.439433616623432499e+02
1.334655291593710160e+02
1.270485712503156037e+02
7.341843544698322432e+01
1.295393899579572121e+02
1.444499718776367274e+02
1.000968848022389750e+02
7.556468864785982475e+01
7.979605194357714026e+01
1.578884875416779607e+02
1.394677434773678328e+02
7.592798345222158218e+01
1.306419553400486961e+02
1.253485417613921555e+02
9.700142797533675321e+01
1.373945028705260540e+02
1.267521802203747967e+02
1.226270605125298516e+02
7.072319197059810847e+01
1.283604640305014186e+02
7.428213979608970874e+01
1.407153996215967027e+02
1.211818614168067967e+02
6.775125117654485507e+01
1.190200412892926352e+02
1.311415517040192071e+02
1.087952833097813823e+02
8.833839657129445300e+01
1.231495894407804741e+02
1.062427336242310361e+02
1.049293450060101520e+02
1.160197866896382095e+02
9.454083857135901781e+01
5.474965543326373307e+01
9.894722044305902386e+01
1.098024046034393706e+02
7.904493734490957024e+01
6.915651676782600532e+01
8.560840778129229989e+01
5.335009057527315690e+01
3.349084284480984763e+01
6.365313137935243049e+01
7.178033915900962825e+01
5.311591817892372092e+01
7.717203737513973749e+01
7.628463139913461077e+01
5.292820265533640622e+01
1.051955914923199344e+02
1.181164500258376790e+02
8.950333341127496567e+01
1.308592099857175981e+02
1.099787172862310314e+02
1.091848141111032220e+02
8.089289221990874523e+01
1.143331705014207245e+02
5.065920361348303658e+01
3.722742549221026565e+01
5.105959980777292628e+01
4.989212327454201557e+01
6.851162687012714514e+01
9.114599320263700122e+01
6.207858015568618271e+01
7.627800739565003596e+01
8.177958668448378887e+01
5.847991642239031762e+01
7.823641275581535126e+01
9.239068881920611886e+01
1.010371073869271754e+02
8.472318036201407665e+01
1.189709485646457381e+02
5.743997700227723868e+01
1.238871708537235605e+02
1.573989690089655653e+02
8.535158269097382799e+01
9.579319192540530992e+01
1.231736116308722018e+02
1.365967217820179371e+02
8.400626649237506172e+01
7.738099293064867368e+01
1.179025892345843261e+02
8.815398172543939381e+01
1.120482693131000360e+02
8.387446652682683634e+01
1.552653863264669098e+02
1.356180567255846938e+02
1.230822850459297229e+02
1.454866624537249038e+02
1.199891582687666727e+02
9.480322842851799692e+01
1.378768268259015883e+02
1.293299209273640713e+02
1.217806691292588255e+02
1.248232333209535483e+02
9.551006515731027946e+01
6.616501723468253715e+01
1.284470261105064708e+02
1.479442623060822655e+02
1.141275040729540393e+02
1.211009959794020290e+02
8.003460500244037235e+01
1.036269748915167099e+02
1.573099379815700161e+02
1.540931893728643161e+02
1.806508992916591865e+02
1.428584834741187706e+02
1.481950131005432354e+02
1.111149755760911120e+02
1.236851410127717799e+02
1.127652370582742378e+02
9.444858774790188249e+01
1.513829390540873305e+02
1.715090147480655673e+02
1.716127541731648023e+02
1.246395545417530428e+02
1.382739653522857850e+02
1.218845994156455959e+02
9.266188217612030087e+01
1.412566067895936328e+02
5.195092492088118519e+01
1.511929587088117160e+02
1.626655321939324779e+02
1.680758483321859842e+02
1.423802808324754494e+02
1.231029647336149537e+02
1.353301015970883441e+02
1.759067792666282344e+02
9.104068426907574008e+01
8.474083008657882488e+01
1.653838241844291019e+02
1.907784535948678695e+02
1.942392515718292145e+02
1.664835811952699771e+02
1.513078482805878195e+02
1.636113960353575010e+02
1.594830768711124165e+02
1.643521622455423312e+02
1.386745194918973141e+02
1.628793948718537479e+02
7.409095795939950335e+01
8.452999189010127168e+01
1.903971387096346461e+02
1.758794537854063833e+02
1.894856146585936187e+02
1.717626599283761948e+02
1.725211591116937768e+02
1.269958852396588327e+02
1.415532280886920375e+02
1.978803571001369619e+02
1.190546413236259724e+02
8.006928199626716491e+01
1.078579589949999189e+02
6.024773912649817476e+01
6.207858015568618271e+01
7.626789105272453639e+01
8.531540584273945171e+01
8.909544042554787779e+01
8.493381515103300217e+01
5.062689776537803965e+01
9.186051231600474409e+01
6.252535072063935218e+01
8.675734795650618025e+01
7.719355394063603626e+01
1.007507256386984977e+02
7.889253859638535005e+01
1.272026310654711523e+02
1.123761750610360224e+02
7.565289742166957865e+01
1.014297213752270466e+02
8.435581250836324330e+01
1.422428881118458435e+02
1.149670543175905237e+02
7.472820698098341552e+01
1.021357597204472540e+02
8.906562423303329012e+01
1.588214473581040806e+02
1.319638194660798831e+02
6.955644651380106325e+01
7.393946751365602665e+01
1.022305652865635039e+02
9.202075161544379966e+01
1.710306140076353358e+02
1.475645521532504461e+02
8.391968526839231401e+01
1.126302727215499573e+02
1.020227690770583706e+02
9.379141444620390189e+01
1.793430338300275935e+02
1.595049354893143061e+02
9.640651389333581278e+01
1.381548864478462519e+02
1.182431539424912472e+02
9.530720217249987058e+01
7.294334417062106013e+01
1.021901212353750026e+02
9.553924368250616794e+01
1.871021549420609915e+02
1.714068357843432295e+02
1.093095197787234838e+02
1.665284128454323991e+02
1.350994547210508188e+02
7.180219541148355233e+01
1.001924056660575246e+02
9.383291115753925737e+01
1.835915619846613254e+02
1.671286800267963883e+02
1.079770090931702242e+02
1.652697392079060705e+02
1.300220109932373020e+02
9.896008143588481687e+01
9.292269845962047725e+01
1.820938237342217008e+02
1.656634726006121809e+02
1.086540829489967024e+02
1.683186236319493787e+02
1.350175936942505928e+02
1.056227852144835282e+02
6.096959758860177203e+01
9.910383930275624209e+01
9.375173431060107987e+01
1.856814364501730665e+02
1.713901532576261388e+02
1.153985144884709229e+02
1.844844366618071376e+02
1.736620551167138444e+02
1.614179320540928586e+02
1.351290655009794364e+02
8.654137441008319342e+01
1.318014619840284922e+02
7.062946163372647845e+01
9.865607372639234995e+01
9.361077184210357416e+01
1.860359513425065074e+02
1.723790337208097867e+02
1.176612766393593716e+02
1.909095194193706959e+02
1.736636259697843059e+02
1.498566654350617284e+02
1.000889190251268701e+02
1.568103867543719616e+02
5.098563930718412962e+01
9.819861907841372783e+01
9.335720499811949935e+01
1.858828937994807120e+02
1.725704467392560844e+02
1.189756364649485363e+02
1.951495805180335026e+02
1.887171639182165848e+02
1.830361157260353480e+02
1.619831348272520870e+02
1.119463373876895247e+02
1.800854728991889999e+02
1.387215208757280607e+02
5.477020728989757004e+01
7.022891969928279821e+01
9.816379032511669323e+01
9.362025129739444651e+01
1.872034042622431684e+02
1.748032270072479264e+02
1.219665744933909082e+02
2.030072791905152485e+02
1.986053295737300743e+02
1.813558068500041145e+02
1.304474545271131944e+02
2.189347936816791389e+02
1.739893001239905175e+02
7.152091272160002688e+01
7.004758320772100433e+01
9.790570438497996975e+01
9.351601942242199073e+01
1.873035297250689268e+02
1.752485765182520367e+02
1.231798474187704358e+02
2.068096949844069741e+02
1.939510791930924540e+02
1.434943949781040260e+02
2.475135504101597803e+02
2.000874034453071317e+02
8.415037385269589265e+01
7.418890384833814267e+01
9.381680352704222514e+01
8.983858171073235610e+01
1.760401408872456557e+02
1.632117762086639345e+02
1.167707480724169642e+02
1.979472997799281302e+02
1.983064800131180618e+02
1.430947422002132328e+02
2.480572655888820464e+02
2.007469534316365980e+02
8.449527230827865765e+01
7.610984368787134713e+01
7.794270333121281169e+01
1.525968587656395812e+02
1.424314453070027753e+02
1.053456019908013133e+02
1.822245485947789234e+02
1.854722276081111545e+02
1.931646503322488115e+02
2.466450382719108347e+02
2.004233821744392401e+02
8.460323011223947276e+01
1.089664194975854628e+02
1.211751223218735589e+02
9.331120316450051178e+01
1.649867752746326914e+02
1.708205108637698686e+02
1.818706763342860597e+02
1.788439343819088663e+02
2.446795277748680348e+02
1.999009968218375093e+02
8.470779699004870622e+01
1.092748040713329090e+02
1.054841765365813018e+02
9.691469083816122065e+01
7.957004459804323915e+01
1.450264573234034913e+02
1.534866500192843830e+02
1.680272396837469842e+02
1.699130468824291142e+02
1.346559629940431080e+02
8.477261611008545117e+01
1.096141896322711489e+02
6.128491503412607955e+01
5.876112532258506604e+01
1.147438072945728322e+02
1.273614149977116767e+02
1.462309555526759652e+02
1.544496670512999401e+02
1.269958852396588327e+02
2.337083247895334637e+02
1.094979151069272660e+02
1.177982612383782737e+02
1.363455038113633293e+02
1.477319634600752636e+02
1.249327300221110306e+02
2.332483265567333319e+02
1.961164391605943536e+02
1.132282315563539470e+02
1.108133186959034475e+02
1.061043630416895951e+02
1.226132108767455122e+02
1.370080906182149647e+02
1.202786485774972363e+02
2.292706301944694758e+02
1.949490947358302435e+02
8.530424368428111848e+01
6.937678845915662862e+01
8.955317218704873028e+01
1.100793392728268145e+02
1.046847301053254995e+02
2.102817408770422958e+02
1.854749702097911950e+02
8.351080466634610389e+01
1.109843222593604679e+02
7.740218316336245152e+01
9.753024934191024897e+01
9.781592158253292268e+01
2.012116460565267460e+02
1.808663645657935888e+02
8.338354340634951711e+01
1.121008584163374735e+02
1.141540076663855672e+02
1.877170305806842237e+02
1.725896089470838888e+02
8.253232342208485761e+01
1.131301925495614142e+02
1.147782309661774036e+02
8.328848204981350989e+01
1.671296952117984063e+02
1.578803695548919279e+02
8.006928199626716491e+01
1.136104369640930258e+02
1.152895141702350656e+02
7.977133891147413181e+01
1.314463482088930562e+02
7.372828493881840473e+01
1.117781429568967155e+02
1.150284316480333189e+02
1.345935688046207872e+02
5.823208937425719967e+01
1.021423759300913332e+02
1.117031416919298579e+02
8.266760096221584320e+01
5.502029632995773767e+01
1.031620933938375089e+02
1.125604027175360926e+02
1.117148584867928349e+02
1.070552426249526548e+02
8.122152574386097967e+01
6.024773912649817476e+01
