7.274535614038155984e+01
7.404510552056569850e+01
7.039276045384006864e+01
9.542213317327480127e+01
1.017705487346196236e+02
4.362361756797352541e+01
6.874667186019972576e+01
5.879431606207268857e+01
5.939686293904465941e+01
5.601606317025604653e+01
7.465928225963305920e+01
7.650092172641421939e+01
3.308637482234821903e+01
4.756878980765822718e+01
5.450411127239608078e+01
4.960666841633857160e+01
3.147602168607418349e+01
5.102027510721782733e+01
4.462626240096700059e+01
5.136331229372164131e+01
4.986602239407175574e+01
6.782899350205583744e+01
6.835281994666515004e+01
3.055652251016452325e+01
4.513714583917024470e+01
5.792336585015522843e+01
3.774938057726475193e+01
6.151063853966078909e+01
5.553530967759402159e+01
3.629474256151055300e+01
5.934383519279314356e+01
3.979869068969802015e+01
4.207198277645941431e+01
4.986265264637776085e+01
4.646986944821631482e+01
4.011883880935372559e+01
6.495120895711185938e+01
5.950896484687050503e+01
2.688122139798058896e+01
4.032179202162342335e+01
5.220128869776258540e+01
4.094438088681545906e+01
3.928902232305328113e+01
4.775087351474691388e+01
3.885550317234019957e+01
3.756638567271149043e+01
4.610633742735893748e+01
4.760436615666534976e+01
3.138964823029449036e+01
5.235797340845308412e+01
3.590165414230231988e+01
5.104347279727465292e+01
2.309022817690966889e+01
3.476925883903127357e+01
4.497929394462863684e+01
3.475847628374881282e+01
2.112860620686717894e+01
5.297879998714864058e+01
3.520068703868562210e+01
6.029540812567717722e+01
5.366613327670291511e+01
3.746900114953943728e+01
2.376401713201599009e+01
5.931978770967973702e+01
3.954375274665456175e+01
3.830485292407551157e+01
3.708129414114878131e+01
4.675779784767660630e+01
2.817423034453612374e+01
4.229309408855769448e+01
5.400989651679284975e+01
4.032968774707254056e+01
2.515778418292448393e+01
6.190873755194621708e+01
5.577214687858847952e+01
3.972529998828105846e+01
6.655325939704304972e+01
3.993679919447835402e+01
4.647448639171309281e+01
6.681606831696852566e+01
5.845032995013348653e+01
4.073953120839420450e+01
3.011378045777922807e+01
7.065362869743077567e+01
4.651594358966942622e+01
7.690337700778704288e+01
8.690970333420158056e+01
5.422093102374791584e+01
3.294392217415713020e+01
7.591943687161101195e+01
7.548747637747511874e+01
4.580096254437427916e+01
5.377083863809256314e+01
2.692024021850929572e+01
3.839995554147490253e+01
3.586746639988282226e+01
3.354641171127526889e+01
5.017959340882346453e+01
3.114788580331874712e+01
3.748839876455856057e+01
4.658960990427586779e+01
4.107873484945525888e+01
2.936791000497220949e+01
4.093675286063711383e+01
2.251300112607809112e+01
1.378063642623214768e+01
2.984383311617855838e+01
2.863132860873847463e+01
1.949232966606775364e+01
1.785281831149772103e+01
2.169442606452168931e+01
3.934986846246971481e+01
3.111633906594994770e+01
2.252131023095205364e+01
3.254564126158667392e+01
2.787889096444966697e+01
2.610646917999164174e+01
3.201117878868308253e+01
1.943756107589273796e+01
2.280399922717574768e+01
2.586563990547711356e+01
1.727288730997465649e+01
3.615277366879512044e+01
3.394080506763025795e+01
2.318791598020702338e+01
1.693476769177078722e+01
2.420007334431943846e+01
2.478173616668713564e+01
3.500397730240827343e+01
2.780809612671948372e+01
1.752165656305093222e+01
2.483560397369804207e+01
2.524490443075957913e+01
2.297594065046391165e+01
2.244843726263922790e+01
3.908193917999015099e+01
2.641939703194432809e+01
1.930888725813339946e+01
3.160057786829015924e+01
2.495828260819295963e+01
3.056558073161087918e+01
2.064392590324966292e+01
2.765427620082192917e+01
2.186817494772911274e+01
1.699355537686556517e+01
2.423623793982226715e+01
3.983030308817402698e+01
3.331567112401624087e+01
2.178926674751692261e+01
1.567151207954603898e+01
2.508926296192770167e+01
1.723436656901352748e+01
2.019826658202658720e+01
1.373471336303521539e+01
1.666228162253145229e+01
1.345928790662679120e+01
1.602717743536108230e+01
1.046906531814643238e+01
7.514673060100658830e+00
1.185020491349205507e+01
8.246407250168669378e+00
1.129958278415141670e+01
2.333021299140214921e+01
1.752334855486967413e+01
3.094943574433927580e+01
2.209573286372649648e+01
3.284039114851243824e+01
2.282051886128520479e+01
3.077181116856949927e+01
4.574102492178148083e+01
3.396320136536992607e+01
3.183865133675135084e+01
4.160239079676731677e+01
2.784262227596864037e+01
3.578490131569380139e+01
5.046762841170062330e+01
2.760311967073542405e+01
3.627316665785963323e+01
1.901438241269015705e+01
2.261657124316654333e+01
2.798711352882912351e+01
4.446030859049912465e+01
5.269499090514912609e+01
3.858929555871046091e+01
7.136475808373462826e+01
7.067418077311978664e+01
6.678847966474202735e+01
5.256689665791906663e+01
6.927059887682629835e+01
5.485459250649517315e+01
7.035129493057839056e+01
6.946293837435092655e+01
8.429976810414740385e+01
3.234233999013190441e+01
9.555827549333730531e+01
1.036364046873469960e+02
5.390480466988609010e+01
4.658777247171803282e+01
8.043228324452570632e+01
1.052612405192584930e+02
3.254685092891530473e+01
4.062108307037613741e+01
6.595226212675179056e+01
4.160235015303516803e+01
4.634557037882691333e+01
3.329189284549420336e+01
9.419426735624280411e+01
9.463064849186667971e+01
4.697501281769901027e+01
5.037700575359791344e+01
5.074867834659580268e+01
1.833433608938420178e+01
7.588720215737434671e+01
5.468808337708223632e+01
4.620361218531372316e+01
5.510762541987243424e+01
2.537036130438602655e+01
3.695052356351972378e+01
5.454326629322921605e+01
6.476174040055587966e+01
3.980635117570918879e+01
4.207656177768663497e+01
2.870633196675744259e+01
3.025516924087749615e+01
8.908462784420723324e+01
7.390150845916646460e+01
7.737640295129425283e+01
5.121753666178810249e+01
6.193701743099737200e+01
4.325938701936485842e+01
2.490394890896744684e+01
4.606966605510030632e+01
3.055356567156196590e+01
6.085870465235772997e+01
7.487520686615624754e+01
8.693013893748045007e+01
5.290289064290722365e+01
3.971521714457311703e+01
4.355351043843009506e+01
5.578477279951368217e+01
3.700749968301410320e+01
2.483166495144386232e+01
6.734439248940373091e+01
6.230476389584109853e+01
6.597850209996089177e+01
5.514263716433417528e+01
4.936801810910372268e+01
5.051487295213824780e+01
5.827620414597255660e+01
2.532684676726278283e+01
4.191268576334979201e+01
7.903922662063676796e+01
7.896897392781671954e+01
9.299838524861014832e+01
7.081615924103226689e+01
6.160901998607255337e+01
3.449469073249637319e+01
5.719147788029741974e+01
7.698406915420318342e+01
4.285951430312299237e+01
4.130392510293192743e+01
3.578889494590638520e+01
2.911977767030947462e+01
8.371147340245168778e+01
8.038210633179156162e+01
5.951270511597127921e+01
6.349519418605139975e+01
6.785685600545625107e+01
8.517603869444214126e+01
5.634293462845717215e+01
6.167288494422195555e+01
4.031383757502250376e+01
2.951658340451785278e+01
3.802664520370013435e+01
4.405750516086266089e+01
7.136475808373462826e+01
7.738099373789975743e+01
6.963774362226622827e+01
8.046215176084150755e+01
8.939979701475013485e+01
6.996149588377265616e+01
9.661400980626287094e+01
7.665512028952048240e+01
5.259546715340442802e+01
8.081675660636095415e+01
8.095235314901530899e+01
1.009713554597464622e+02
8.525051120445559150e+01
5.497676477770932735e+01
4.400920174158853371e+01
1.068387043853333154e+02
9.987606471086880333e+01
7.496250665538919122e+01
7.045047603832580307e+01
8.182805726760247467e+01
8.203366827262306060e+01
1.099206692041119737e+02
1.083803444793593940e+02
8.838804937187754263e+01
9.060999313886075868e+01
9.097545105412601174e+01
8.222453504925211121e+01
1.115972566078924615e+02
1.133677680692476599e+02
9.706737639593060862e+01
1.052794795960506065e+02
9.414340939313842682e+01
8.239788640747386239e+01
8.259335309108881518e+01
1.130496210251653082e+02
1.176248139923940101e+02
1.050979603903954143e+02
1.215084718555322070e+02
1.122015297435879262e+02
3.492474453385115396e+01
3.348787755456895354e+01
8.281670459802629125e+01
1.144015570684868237e+02
1.214315320981029629e+02
1.124592096708250892e+02
1.375434113509397775e+02
1.352984449862883025e+02
4.532986797017196068e+01
4.741742625287635349e+01
8.286623460198788393e+01
1.149567369700174453e+02
1.232227148136117449e+02
1.161933877155688748e+02
1.463290523431998338e+02
1.471512638200223080e+02
5.036708140179928250e+01
5.330426109800813350e+01
3.429978839630450693e+01
8.290236504107500082e+01
1.153693261635980889e+02
1.245593841956298036e+02
1.190292041621609940e+02
1.532552569505876079e+02
1.573736827828456626e+02
5.532508871271511453e+01
6.013197464055039632e+01
3.518868219986246260e+01
1.389098029197897866e+01
8.297178368578107666e+01
1.158406304613473878e+02
1.259348307409086800e+02
1.218432263862431597e+02
1.600764766066357367e+02
1.684900932057901741e+02
6.128642520864567445e+01
6.944438235401257487e+01
4.275936113709897057e+01
1.703397069102825867e+01
3.588807743883860013e+01
8.304699240261687976e+01
1.162860622096782066e+02
1.271819532775111981e+02
1.243577482843272008e+02
1.661793070970483086e+02
1.789179588274963351e+02
6.717645829059415519e+01
7.927096240571478347e+01
2.255556180670775035e+01
4.872158528637861963e+01
8.308425584865412361e+01
1.165570241034083381e+02
1.279838021101729026e+02
1.260269752442012674e+02
1.703705438206934559e+02
1.861246698909530437e+02
7.139323634421974418e+01
8.660243207320721126e+01
2.691288873762243128e+01
5.812141862927924763e+01
5.264616809027666022e+01
8.313257016668383415e+01
1.168422130177571745e+02
1.287774164433890007e+02
1.276308908439647922e+02
1.743293749967492090e+02
1.931222345904805877e+02
7.557650532902117391e+01
9.411630391289151021e+01
7.133702759054570208e+01
3.256450317225444735e+01
7.290933820620482209e+01
6.756798455503614775e+01
4.164815848969511336e+01
2.835914636103837339e+01
8.316276360262686751e+01
1.170416041488026053e+02
1.293497659439051688e+02
1.288086321360423199e+02
1.772932754910802942e+02
1.983979741721772712e+02
7.881056555192223811e+01
1.001071251982699550e+02
3.753152621087192387e+01
8.616028426326477074e+01
8.119984955033577023e+01
5.021265113702969529e+01
3.384156809974589919e+01
5.646145562081716918e+01
8.317061971961381062e+01
1.171451910955285314e+02
1.296874346719367566e+02
1.295474315383709438e+02
1.792469366530081345e+02
2.018775693276990069e+02
8.102252197342006923e+01
1.043540693452152368e+02
4.129616589353967271e+01
9.605470577565390045e+01
9.116678350460537672e+01
5.630592325947277743e+01
3.745130148227868006e+01
6.007695781999671425e+01
8.772010154429115403e+01
1.024150598346035110e+02
1.069724536144900497e+02
1.537360995675433344e+02
1.773534647566137608e+02
7.366535515833039938e+01
9.778384224331011865e+01
1.133918210836231424e+02
9.560547088603655652e+01
9.105399422701948708e+01
5.634163757517540461e+01
3.748866275664216374e+01
6.011568639361840383e+01
3.620181579060862731e+01
7.396255282610786708e+01
8.208782272163117000e+01
1.237777857525988026e+02
1.470821951796288829e+02
6.395679850665339927e+01
8.827580877952983940e+01
1.055307831260924871e+02
7.930047992463596529e+01
9.017180906943828234e+01
5.607851542704443659e+01
3.741123767782005416e+01
6.005933757418220154e+01
3.619520666470302928e+01
6.079510013249137046e+01
9.654683561679492243e+01
1.175059781880302410e+02
5.409423886627539702e+01
7.825002723701128104e+01
9.693194739683684702e+01
7.468151402974217490e+01
3.841475620274032821e+01
8.913153489614080627e+01
5.577718911997019546e+01
3.732754995660285857e+01
6.000114637735638468e+01
3.619060315268067285e+01
4.969061233771562058e+01
7.567269848100497143e+01
8.940145946299395519e+01
4.397413180277861500e+01
6.727799872643791446e+01
8.690757644696307693e+01
6.894046442039982026e+01
3.666148714206887149e+01
8.927402025140193587e+01
8.757005599960911013e+01
5.529030900276449501e+01
3.718034026046226614e+01
5.989428882218294348e+01
3.617582397077963208e+01
4.968483329309854213e+01
3.390782008511456525e+01
5.534615932857164466e+01
7.509042302468198216e+01
6.162893197086036423e+01
3.421305155911001350e+01
8.517603869444214126e+01
8.508709373020626288e+01
6.413319135665609849e+01
5.445102953027041082e+01
3.690507648903862759e+01
5.968678769682415464e+01
3.613796784931420092e+01
4.967046012727367099e+01
3.013193653038367614e+01
4.909654142433916491e+01
6.747907017871681035e+01
5.582420214602340280e+01
3.238997343357198844e+01
8.185737917979597000e+01
8.307021684385856020e+01
5.384627277478116980e+01
3.674427896186642784e+01
5.957973842636142336e+01
3.613411836049504444e+01
4.966897896009377433e+01
7.669956254635212645e+01
5.525791969490558131e+01
3.253436582707973201e+01
8.075465260614082297e+01
8.212372558708723602e+01
5.367925441796705144e+01
3.677253994424071948e+01
6.733013187703191704e+01
5.962301045895691232e+01
3.617836852787937119e+01
4.968455173326861285e+01
5.329504987039744179e+01
3.989107536639019003e+01
2.609697149392565052e+01
6.825913589016073502e+01
7.322227370870365348e+01
5.012177791491936318e+01
3.544776352319313872e+01
5.858190419956586936e+01
3.594454515256648364e+01
4.960003797765627098e+01
3.075086673425730055e+01
2.201948718199039234e+01
5.767116829796349720e+01
6.435773827350352860e+01
4.627948575102772821e+01
3.395609003432829809e+01
5.737900957023924065e+01
3.568309663326564163e+01
4.950655308052042614e+01
2.229775595404473520e+01
5.132212500160255075e+01
5.648376778884908589e+01
4.230949909541983089e+01
3.228422522633620417e+01
5.594896922780628756e+01
3.538161880474189758e+01
4.939943968447015266e+01
4.392898893155177831e+01
4.633371572360502455e+01
3.643897020688966393e+01
2.951658340451785278e+01
5.343455215018683191e+01
3.481589055328387161e+01
4.920131006577928900e+01
2.703780038256824270e+01
2.560309025726369114e+01
2.400733863267795698e+01
4.824156410372583537e+01
3.355427386464216966e+01
4.877127809315823015e+01
2.894222837288446826e+01
2.327140452394294456e+01
4.515818312361097497e+01
3.273026610630238764e+01
4.845053179449028846e+01
2.847398558505545552e+01
4.397218032578128799e+01
3.207864920840146539e+01
4.806721286667970361e+01
3.890636671022143389e+01
2.974949328463970488e+01
4.689667011360948834e+01
2.438606686292216708e+01
4.385527534006315165e+01
4.405750516086266089e+01
