7.545062124810472426e+01
1.031564500775799189e+02
7.692793946126087690e+01
9.302397748917921660e+01
1.004218980053091599e+02
5.595990635822814596e+01
8.550344802388799792e+01
6.328233595405774281e+01
8.189213001554365690e+01
5.991731585384942349e+01
7.220422202399711864e+01
7.581950937611004804e+01
4.277170065448484593e+01
6.009768648668776336e+01
6.488595293345771609e+01
5.544797208565283597e+01
3.843995956181028362e+01
6.136027579123484088e+01
4.707869462367824553e+01
5.454319503573698569e+01
4.800873608181556307e+01
5.950235771122657269e+01
6.170675737894770663e+01
3.596631524604427455e+01
5.224496935915751550e+01
6.739708400258413690e+01
3.962828802206640688e+01
6.056601341596287114e+01
7.341653308551640578e+01
4.333260896230256520e+01
6.638173641182538631e+01
4.833419216247765604e+01
5.588649086190286397e+01
6.297379935914369042e+01
5.522893285538859232e+01
4.982150462493508769e+01
6.602281590081946661e+01
6.449969657265454259e+01
3.853568434789531949e+01
5.796425666288779865e+01
7.608026332228632782e+01
5.324338188540999539e+01
6.322062679907573823e+01
4.491136762165081819e+01
5.343765713772521053e+01
6.380881111099984793e+01
3.834139313245234604e+01
6.002051810572967128e+01
4.482328321458346210e+01
5.192657182839536034e+01
2.951722095747897257e+01
4.414372334011552113e+01
5.680123954571733691e+01
3.691540769778065822e+01
2.845559367519443938e+01
5.465178578593349101e+01
4.026578239302214257e+01
6.088773493049004770e+01
5.683946769810899724e+01
4.202290533342628720e+01
3.118078619480989389e+01
6.027355428280890237e+01
4.489988130855466864e+01
3.778920372865518829e+01
3.949617844702147096e+01
4.761178204058730046e+01
3.060852116836240455e+01
4.698040268735172731e+01
5.969820260391176703e+01
3.828810611003933673e+01
2.974017709263372211e+01
5.641608254583479720e+01
5.258956499056443334e+01
3.932389083288041576e+01
6.327673505838674117e+01
4.449518079875929288e+01
4.733704832762614956e+01
6.073143006158682056e+01
5.535474333818176973e+01
4.082554847909157303e+01
3.390580562510942997e+01
6.247358231312420429e+01
4.555004514098990143e+01
7.258430717870500359e+01
8.372444070160737795e+01
4.872339373493322512e+01
3.628459883235071715e+01
6.621161221264198105e+01
6.566780053719985233e+01
4.627489438707368663e+01
4.928195604686349185e+01
3.267718350790846671e+01
3.936662497245464465e+01
4.003334944514876526e+01
3.623543433768636390e+01
4.761661029433038550e+01
3.411288474401585091e+01
3.702217910321957817e+01
4.541539946295617369e+01
4.111767944467842995e+01
3.088247327553431276e+01
4.860308441740047414e+01
2.639718178013846028e+01
1.912096052866704099e+01
3.354198885080424475e+01
3.207760825373014058e+01
2.457555776283022198e+01
2.189071098637883139e+01
2.523105726976648100e+01
3.851101806120172455e+01
3.477265324820316295e+01
2.683194212952756175e+01
3.254508574492361106e+01
3.086834263854612459e+01
2.804628973613564469e+01
3.359968656013366939e+01
2.367559218362972828e+01
2.536868561539384004e+01
2.737012194026118550e+01
2.090169537579713932e+01
3.663493921468546688e+01
3.446870977385182044e+01
2.649522150316794722e+01
2.115197164654382078e+01
2.542466890017171721e+01
2.804390045312171864e+01
3.395777206612702059e+01
3.060616148299551398e+01
2.243732929198180059e+01
2.667553537557892795e+01
2.917374843801956175e+01
2.606835602403190677e+01
2.736057108862162224e+01
4.597913770466863781e+01
4.088335679697202352e+01
3.070311126252748579e+01
2.452870164096908923e+01
3.214745154816797168e+01
2.883819516982003606e+01
3.256219119644563165e+01
2.200682806702111449e+01
2.583793261047094347e+01
2.328860496644531963e+01
1.938719064714757323e+01
2.312374240894762067e+01
3.576742200824962481e+01
2.921722583243066751e+01
2.088028552859162801e+01
2.330427290486627356e+01
1.576987610982430255e+01
1.713526374109574135e+01
1.534863222028569929e+01
2.147881447810114963e+01
1.513381911386417755e+01
1.196917426542951368e+01
1.493721865810560168e+01
1.160821900545751362e+01
1.586047075642975024e+01
2.438788830449829348e+01
1.853977072597334086e+01
3.004421960008108528e+01
2.423638261998540955e+01
2.898851776263304814e+01
2.249789173855172209e+01
3.064091426885714142e+01
3.658290842030297085e+01
3.466255177209693272e+01
3.512939629839092248e+01
3.761301084172843900e+01
2.804110161307409044e+01
3.695822278284364870e+01
4.215282073865814283e+01
3.194132764033673055e+01
3.441817084511139768e+01
2.563390864659049484e+01
2.633191391725971897e+01
4.139776270195763885e+01
4.007985956360938218e+01
8.341464277989470588e+01
7.018432184179728495e+01
8.270023635700124487e+01
5.450454012917384006e+01
8.844509136325579846e+01
5.533372013522861010e+01
7.380436550745204727e+01
6.747178120646738364e+01
7.960980246294298013e+01
3.792775095494299364e+01
9.444177878977734508e+01
9.868154664142649324e+01
5.611450386591081951e+01
4.751714122853044842e+01
7.967440894209599378e+01
9.932625898557354560e+01
3.928189136868157760e+01
4.597231592686265600e+01
6.741153887254583310e+01
4.956256017107573086e+01
5.231306791333668116e+01
3.197190884485793205e+01
9.394498705990901044e+01
9.468919078102130982e+01
5.539438027207044968e+01
5.877134598617855943e+01
5.109503849971558509e+01
2.334506894041429348e+01
8.021820754959617261e+01
6.413884602868056106e+01
5.188127020734923178e+01
6.492188480064091038e+01
2.762896201796118945e+01
3.515376835169466574e+01
6.008224118524354651e+01
7.343124277753094020e+01
4.429373375204725960e+01
3.036859320851563382e+01
3.218296950812327140e+01
9.079261308963954491e+01
8.399187949757737215e+01
8.682956472209386334e+01
5.760932966326341642e+01
6.568531218928939097e+01
4.180048943782040993e+01
3.029150209753872502e+01
4.414597333688220004e+01
3.112360344098940956e+01
6.768436757139996018e+01
7.976285026269079026e+01
9.746464070592455187e+01
5.582308302798815447e+01
4.157550457889176698e+01
4.320233476812911988e+01
5.175523491366850237e+01
3.674823030638332710e+01
2.716897232770850223e+01
6.995982108764304996e+01
6.616873240747929685e+01
5.301771575872442810e+01
4.965522565236604180e+01
4.909190919345714832e+01
5.450082263724348763e+01
2.807546682409531158e+01
3.877471899717550485e+01
8.280584748173740195e+01
8.433370221539210831e+01
9.392712057399664616e+01
7.098793187421779294e+01
5.945997070594588507e+01
4.247559276100034964e+01
5.562987496254612552e+01
6.914228832738255903e+01
4.322238431566542971e+01
4.341374884808584511e+01
3.348275949615613456e+01
2.746391794067330849e+01
8.446925975929579522e+01
8.068746022694408282e+01
5.934479615592584878e+01
6.217136905257756041e+01
6.574684465440662962e+01
7.738972337779568988e+01
5.513533991245488153e+01
6.003062085673361281e+01
4.006263867458727645e+01
3.267000237401529716e+01
3.662326694445669517e+01
4.198092361947962559e+01
8.341464277989470588e+01
8.418009375360713875e+01
6.754879045337672494e+01
8.767926479966259024e+01
8.707722162471620209e+01
8.023179612233214186e+01
9.629925136080568393e+01
9.921778894273180072e+01
5.625350105949823387e+01
8.862564268961344283e+01
1.016327301611335940e+02
1.166222982893477251e+02
6.289386354846225657e+01
4.576746161261687007e+01
8.902843768173168826e+01
1.071045004384236989e+02
1.361885483044437422e+02
8.381375585523622362e+01
7.108059077849682694e+01
8.987471450541444540e+01
1.098447040324411432e+02
1.473588971021656278e+02
9.706454667704612405e+01
8.833532866847433240e+01
8.563368524504981849e+01
9.021930937654632032e+01
1.112133662890044974e+02
1.536868175427059100e+02
1.051149539999558726e+02
9.981321773633962380e+01
8.712132682388059379e+01
3.495707516247616553e+01
9.032956205285894669e+01
1.126915214688171147e+02
1.597664780616097460e+02
1.139047386730589295e+02
1.151864726832539532e+02
1.044898158338200886e+02
4.202104182479208561e+01
9.055636418940815702e+01
3.553300965841317804e+01
9.077215553797360315e+01
1.139317505667271462e+02
1.647079767300666049e+02
1.213957559332801992e+02
1.294067441401816438e+02
1.243660227057204111e+02
5.329036437380877800e+01
5.111044654879570714e+01
1.145141322289126435e+02
1.673786535904845607e+02
1.255788519678244910e+02
1.378852583050545775e+02
1.359743891672993357e+02
5.971400796089092466e+01
9.083776496214134966e+01
3.059309441749289604e+01
9.088525767121743115e+01
1.149452789426900665e+02
1.693704052156808473e+02
1.287680744068636329e+02
1.446136358592391389e+02
1.460032401919732195e+02
6.601802734639554160e+01
6.721080431481902906e+01
1.859484326746488492e+01
9.095328745738603970e+01
1.153837398843437967e+02
1.712102438749241458e+02
1.317031798368365969e+02
1.508339760618544858e+02
1.560194192021750439e+02
7.291265318067630119e+01
7.747395565203845536e+01
2.177376137801968525e+01
9.102671508843488368e+01
1.157946160480134665e+02
1.728427635443402437e+02
1.342940840536435019e+02
1.563369999811054356e+02
1.652605525873939882e+02
7.960098410824878101e+01
8.801410973874747867e+01
9.107108347711451302e+01
1.160736027208845371e+02
1.740008066078011382e+02
1.361560082847846331e+02
1.603887972697493183e+02
1.721746703498345425e+02
8.478522874467410020e+01
9.657517031668542984e+01
5.133592530503240425e+01
9.112073725024312409e+01
1.163450756172923946e+02
1.750658320670359274e+02
1.378487737356064429e+02
1.640398742497300191e+02
1.785406436726781578e+02
8.967155560999513852e+01
1.048862037244373653e+02
3.890132542503317126e+01
6.341674237166115091e+01
6.088754882618020758e+01
4.352320947387710959e+01
9.115060356235557038e+01
1.165310651989044715e+02
1.758319104609805379e+02
1.390819911662169375e+02
1.667552116032204879e+02
1.833134282999937739e+02
9.342564139719944194e+01
1.114892282184766259e+02
4.428316667206212998e+01
7.372368320193706381e+01
7.115089355823806727e+01
5.058570728952906848e+01
9.116621387156156686e+01
1.166550528796795447e+02
1.763801135337938604e+02
1.399811047652147522e+02
1.687832473367556076e+02
1.869086739773062220e+02
9.632401978249508545e+01
1.167483101555236260e+02
4.891248081149365845e+01
8.281555482248404587e+01
8.055539019951461910e+01
5.765287203159972762e+01
4.014644070357871897e+01
5.358799132515213870e+01
8.934761151634118903e+01
1.404905533875630113e+02
1.159183522013741907e+02
1.457270159832127376e+02
1.657212149637108212e+02
8.838353189370292284e+01
1.106058042130954249e+02
1.261221939827908045e+02
8.301257948063465619e+01
8.080676985840497650e+01
5.783983012523871992e+01
4.026664018751567653e+01
1.017333943849887277e+02
8.857006526387306167e+01
1.178727837336808619e+02
1.387368089639961966e+02
7.747085793142777277e+01
1.010422785728456461e+02
1.187571385995775017e+02
8.041987459446445996e+01
5.774387417562278557e+01
4.027410935842882367e+01
5.366659200404953367e+01
6.176889031449936596e+01
8.946456521141173823e+01
1.097998788703540640e+02
6.521559048350270871e+01
8.970185171326701834e+01
1.094809841382024445e+02
4.633133050620241278e+01
5.752185218050814797e+01
4.024189942188834124e+01
5.364165215312721102e+01
3.763742633489857070e+01
7.397701257495045013e+01
8.784812489659735490e+01
5.529385253298543290e+01
8.052072679199788752e+01
1.019957690141532964e+02
4.538065800945818040e+01
8.030189145927971595e+01
7.951743320622891531e+01
5.758008905800286925e+01
4.035289264688483257e+01
5.371383156042256957e+01
3.767366709626130472e+01
4.666589581805308740e+01
6.418487941907636696e+01
4.286916580176328040e+01
6.716910034728364565e+01
8.925804912686318460e+01
4.271277162034537156e+01
7.738972337779568988e+01
7.774701596531360792e+01
5.691879844731719373e+01
4.017494835141454956e+01
5.359368053379608909e+01
3.765304705989975531e+01
4.666471953747466017e+01
3.479481509237913173e+01
5.750303858580309679e+01
7.858513374243676708e+01
4.010102631909041548e+01
7.439820779145870233e+01
7.584917948475704463e+01
5.622576058378914610e+01
4.001652480299806314e+01
5.348680773530193022e+01
3.764240423003136016e+01
4.666910060980356434e+01
6.739218571604725128e+01
8.102392115857996657e+01
5.147445312333638867e+01
3.910624559077233187e+01
7.287787339967320577e+01
7.457830070010933809e+01
5.580379732956401995e+01
4.000899154294352655e+01
5.347013190629736812e+01
3.766612250219090896e+01
4.668800104635266734e+01
5.980621290915996724e+01
3.970588584047840186e+01
3.224602397789884378e+01
6.322327229930025538e+01
6.750589894909801103e+01
5.255419384787036563e+01
3.880100497106799651e+01
5.267142645622423913e+01
3.746099283567330929e+01
4.662839895758614972e+01
3.166683639273968254e+01
2.700397370838135913e+01
5.445504677146830375e+01
6.005049547198775173e+01
4.883669189599093130e+01
3.737893377832589437e+01
5.170507606089385888e+01
3.721918643967962481e+01
4.656170944381281629e+01
2.723529410225338410e+01
5.062256693505457150e+01
5.407950907482614156e+01
4.521181933479623183e+01
3.591217170039059425e+01
5.062013093062470404e+01
3.695715696715510035e+01
4.649539521261011998e+01
4.106568340293459585e+01
4.318721873519725563e+01
3.825081576816283757e+01
3.267000237401529716e+01
4.820545882117136216e+01
3.631179463735371371e+01
4.630921825676480097e+01
2.936535022774454262e+01
2.860528371903142641e+01
2.748652305832848697e+01
4.405094701513758082e+01
3.513877203545548156e+01
4.596374531646377903e+01
2.950416085269238309e+01
2.623467738194796084e+01
4.103535028119333106e+01
3.416833559965391487e+01
4.569069902331745681e+01
3.163365381267578869e+01
3.989365028769341137e+01
3.335121269916174924e+01
4.542641268448401348e+01
3.708428916655136476e+01
3.129763209463943596e+01
4.465506769888652627e+01
2.576953006603453389e+01
4.227243456015700218e+01
4.198092361947962559e+01
