7.261770680342557682e+01
7.441947401954013230e+01
7.148784825988063574e+01
9.640883246765316983e+01
1.042119826359020038e+02
4.513519426338785223e+01
7.176953590879298872e+01
5.732381411935709536e+01
5.942974670352501931e+01
5.617475944557514111e+01
7.422094426901055897e+01
7.703047976168518574e+01
3.367443237979959747e+01
4.869689111724264308e+01
5.395251742665817574e+01
4.923126459623092188e+01
3.208933577686217831e+01
5.252951495595628018e+01
4.311233187338499562e+01
5.036117955918272315e+01
5.001301649308746988e+01
6.748063666380937775e+01
6.892575551921758858e+01
3.118426027158621139e+01
4.634659957670847064e+01
6.003800605379696265e+01
3.571030255280911092e+01
6.129206579133455079e+01
5.753054342871531190e+01
3.438645277669991884e+01
5.917156347761491730e+01
4.315740419905406355e+01
4.989238553932905518e+01
4.662223663618029690e+01
3.977224245915328282e+01
6.468571378514477033e+01
5.993095781688318624e+01
2.740932817681120781e+01
4.133637836562533607e+01
5.416506933954327963e+01
3.816257181187521041e+01
3.989547775193427981e+01
4.722000013430748311e+01
3.811925812301891625e+01
4.555720652265301851e+01
4.921612456414912629e+01
3.003263243542140870e+01
5.256247367363219780e+01
3.569934483447028839e+01
5.179820917159452165e+01
2.351883914048500657e+01
3.536577894536679167e+01
4.639003604162694927e+01
3.265542424489219542e+01
2.134701207621825958e+01
5.338317563051856496e+01
3.500322711449209123e+01
6.183589378858735586e+01
5.319548404641289352e+01
2.429944086347097709e+01
6.024119348032500199e+01
3.950274606213059769e+01
3.695150558468502311e+01
3.822144228367262286e+01
4.671411119596039896e+01
4.519069268740393142e+01
5.737068469002273474e+01
3.940439180565454791e+01
2.602905908362955500e+01
6.440636081129690638e+01
5.594562414171118547e+01
4.006337669992942807e+01
6.608294961333312756e+01
3.982122067740321114e+01
4.629346230371070448e+01
6.893566674185424858e+01
5.821864623756753332e+01
4.086722411577132164e+01
3.089249342081450678e+01
7.201676006974645361e+01
4.653603869954673655e+01
7.734011183039736181e+01
8.721554063110623645e+01
5.310508245818047612e+01
3.366977806596861456e+01
7.821490467256423074e+01
7.502262176823978734e+01
4.566959391303587523e+01
5.359262712753465507e+01
2.691851304817470947e+01
3.839051903519560938e+01
3.572638372235307713e+01
3.355320682814652145e+01
5.000515647691410948e+01
3.113843601075664225e+01
3.745228766378936314e+01
4.803427315282447552e+01
4.085493108466118883e+01
2.942930959328490204e+01
3.962784612250794680e+01
2.246474710058463842e+01
1.409818999984282328e+01
3.080266845916321472e+01
2.849530889863487459e+01
1.939573299577424947e+01
1.787650745460316060e+01
2.157214031060128789e+01
3.930768158220933373e+01
3.100456434962022456e+01
2.262185982393250683e+01
3.268680672524068598e+01
2.776982093711585264e+01
2.617236913717683677e+01
3.193674351011297574e+01
1.943357769553702497e+01
2.282213181858146100e+01
2.624233854227625784e+01
1.764654696162193304e+01
3.741460460398469223e+01
3.390148892816887383e+01
2.313560223213788447e+01
1.706883194844888507e+01
2.439279951972769211e+01
2.511946294957388304e+01
3.520500208645255213e+01
2.782997343261075329e+01
1.773097406808033227e+01
2.511920372027758575e+01
2.528341931571795698e+01
2.325445541678080374e+01
2.321628946290914897e+01
3.935511803566021172e+01
2.650977285166176500e+01
1.963440272960722410e+01
3.204125785681686978e+01
2.511691301413614141e+01
2.931435425628348668e+01
2.022574713121032630e+01
2.653111753149046237e+01
3.749376166649806663e+01
1.944833717479420088e+01
1.359476420245418105e+01
1.622482662592903324e+01
1.676291738794030195e+01
1.085805720037656741e+01
8.034378356386607578e+00
1.266353643942586871e+01
8.844481779151438516e+00
1.166413196059064106e+01
2.328637523154320732e+01
1.872533281813068129e+01
3.075157662836004846e+01
2.307569585051504646e+01
3.474799868719561147e+01
2.436740046567278029e+01
3.173922522146177272e+01
4.824435488557533347e+01
3.415908612185494775e+01
3.140355507088396436e+01
4.203071606774359736e+01
2.852767257540366685e+01
3.554032938498804839e+01
2.747730462128044948e+01
3.821380163355154025e+01
1.865302384241326550e+01
2.152326333430512406e+01
2.893562228858533558e+01
5.130565997432644565e+01
3.807246970979154099e+01
7.134253195834523353e+01
7.066506581469069204e+01
6.678781583241234898e+01
5.297797254386291854e+01
6.954872588026971414e+01
5.616062686902339607e+01
7.110911835397598679e+01
6.991306561861796354e+01
8.440217316059029429e+01
3.311229846407946553e+01
9.540099043931265044e+01
1.032839131924370122e+02
5.405757646821655982e+01
4.722141569858391108e+01
8.043466838883637138e+01
1.053673493798618637e+02
3.296444653423636595e+01
4.080974110606909733e+01
6.623610325666798815e+01
4.184741131198247643e+01
4.769314595967675530e+01
3.179655162925056189e+01
9.383236229341366652e+01
9.428385928579304220e+01
4.725550610516599193e+01
5.064935968581338699e+01
4.947599378363122469e+01
1.894668510368127912e+01
7.579942784382410537e+01
5.467809601673726405e+01
4.504449439500287156e+01
5.565259066869619176e+01
2.444087734041050908e+01
3.653967910989317147e+01
5.320646274174620061e+01
6.495672711889444884e+01
3.912003127569889216e+01
2.939518061715562069e+01
3.003391799641381255e+01
8.723867847326107494e+01
7.367022081715231252e+01
7.716586868592591486e+01
4.999751652478228436e+01
5.904517627132648983e+01
4.240766372932657902e+01
2.510016771342405661e+01
4.672286641604473090e+01
3.065354799783289508e+01
5.922396222124344689e+01
7.208476181223626611e+01
8.672062896185866521e+01
5.172973153156927850e+01
3.651091203215892023e+01
4.363200484398065271e+01
5.656838041290037467e+01
3.624850789542398388e+01
2.458811222981900002e+01
6.573308208333541813e+01
5.939106170910137195e+01
5.337663231309727507e+01
4.939503190874749805e+01
5.056247841369646778e+01
5.735326751009303337e+01
2.513843699531069831e+01
3.983877575983582631e+01
7.699506667061062615e+01
7.593045273991236854e+01
8.733008069426148268e+01
6.878556430705820901e+01
5.849168011292059077e+01
3.383857698644582968e+01
5.702375369156681728e+01
7.646935780957358020e+01
4.281187788338809241e+01
4.149524672398741387e+01
3.583496363339293822e+01
2.908901431172518670e+01
8.112666362238846318e+01
7.714428068167160291e+01
5.363119799224204343e+01
6.110259266705813275e+01
6.652333141320278287e+01
8.450060597809833496e+01
5.602488827887885492e+01
6.065352043076337907e+01
3.981161917524736538e+01
2.937465186583810350e+01
3.857016112859484736e+01
4.303734407831145603e+01
7.134253195834523353e+01
7.733127439431355299e+01
6.968794155290926540e+01
8.038244296776082365e+01
8.935306792565783951e+01
6.988788320426669998e+01
9.666815205941520617e+01
7.683776043164031933e+01
5.316323657780505130e+01
8.075903481527247152e+01
8.087617282571329724e+01
1.009455091990614619e+02
8.531314270531836996e+01
5.525757195663593535e+01
4.667573803905502672e+01
1.067583933350774004e+02
9.982205469692874544e+01
7.515066293272971620e+01
7.196175894489589098e+01
8.173972756240591764e+01
8.224783115965469449e+01
1.097759350490685648e+02
1.081737344021061489e+02
8.843979370817983465e+01
9.112872921579852914e+01
9.080166361329787605e+01
8.212213222311814320e+01
1.113796719327556417e+02
1.129684724717015172e+02
9.684739135930843190e+01
1.046591080417861832e+02
9.359590102789769617e+01
8.227996876190921682e+01
8.249693418308397952e+01
1.129045726788664297e+02
1.173655624730266709e+02
1.051206694057632944e+02
1.209642714239570296e+02
1.119110431970109687e+02
3.502410751283886015e+01
3.379412052101031350e+01
8.272038756109874669e+01
1.142531400127988235e+02
1.211533095412050614e+02
1.124647729154592355e+02
1.367636574367804769e+02
1.347118215071512282e+02
4.532188550674622718e+01
4.766579787245057531e+01
8.276844218590382241e+01
1.147964215932778416e+02
1.229016024784194769e+02
1.161289917946439516e+02
1.451686026273196433e+02
1.459893400777704073e+02
5.004461693092987673e+01
5.302299240765037069e+01
8.280856631640904197e+01
1.152192682800912849e+02
1.242501705494452722e+02
1.189907130137688256e+02
1.519831478854797240e+02
1.561123351200127161e+02
5.496009902770148869e+01
5.976540240188288777e+01
1.415766079224807328e+01
8.287960380250100911e+01
1.156941222165262388e+02
1.256270528439730612e+02
1.218130833535554700e+02
1.587135251420256168e+02
1.671238096329898326e+02
6.087677657864775682e+01
6.899857918080905961e+01
8.295548690740980646e+01
1.161405262243056171e+02
1.268718448567351373e+02
1.243282149384234287e+02
1.647376263044407949e+02
1.774383708145837772e+02
6.671019778111015341e+01
7.871660818691017880e+01
2.249774892494237832e+01
8.299398035898356341e+01
1.164140935903912606e+02
1.276746058205621352e+02
1.260017474685458581e+02
1.688665982138981576e+02
1.845619563331160009e+02
7.088274417692485940e+01
8.594916431997617678e+01
2.650050141955266270e+01
5.836058163885097372e+01
5.200803120053432593e+01
8.304250828024534314e+01
1.166989799053770867e+02
1.284644380607773257e+02
1.276019788354342523e+02
1.727649844825632499e+02
1.914666295591399603e+02
7.501615491127134305e+01
9.336057017083334131e+01
3.184624012793856096e+01
7.260108366680393033e+01
6.613472677642282349e+01
4.185463418098778021e+01
2.806023166885911380e+01
8.307379043519520678e+01
1.169012328660918456e+02
1.290402933752736772e+02
1.287882557559285601e+02
1.757032130524727620e+02
1.967158276175530034e+02
7.823875022002258106e+01
9.931834489248265641e+01
3.656036721399667044e+01
8.545088815694103346e+01
7.925674896541312364e+01
5.062170692642693126e+01
3.430103969048042245e+01
5.559951621849363335e+01
8.308290701323259952e+01
1.170079096796120126e+02
1.293813741287990808e+02
1.295340333449559580e+02
1.776315813096164788e+02
2.001688617691229695e+02
8.043681945070558470e+01
1.035235714248618990e+02
4.000383332200904363e+01
9.455885736274784392e+01
8.808976494587123796e+01
5.604547583115822817e+01
3.760925159630674131e+01
5.972126857802447830e+01
8.758918090093253284e+01
1.024425143729222043e+02
1.073820902946497995e+02
1.529126534970500870e+02
1.766614700776687528e+02
7.349223151638270224e+01
9.747912814106035739e+01
1.126897473673686676e+02
9.425829805410239715e+01
8.803602440244740990e+01
5.607828035223238317e+01
3.764355361572393832e+01
5.975917443540496521e+01
7.399361500555382065e+01
8.237489806099135592e+01
1.231002195455106545e+02
1.467568447218639562e+02
6.396578878601746965e+01
8.824239588571941795e+01
1.052102119917435346e+02
6.863704770857724213e+01
8.719848663382995824e+01
5.579866180441113244e+01
3.755677821314908726e+01
5.969764141957053027e+01
3.716386473723137840e+01
6.098971082464672122e+01
9.602954427598835707e+01
1.175181213593541401e+02
5.428594605587058197e+01
7.850548543560847747e+01
9.705124585083275690e+01
6.499596838319344272e+01
3.743244628997277346e+01
5.548603012107297161e+01
3.746537021646097543e+01
5.963621299999093139e+01
3.715571057427721513e+01
7.532177116257916794e+01
8.961220509802791412e+01
4.429094076258871127e+01
6.775305769014020996e+01
8.744023076961241259e+01
6.042972780651623310e+01
3.582750510983316872e+01
8.837296658786650028e+01
8.478976165188458936e+01
5.499542901406427120e+01
3.731275080725473003e+01
5.952901371009465947e+01
3.713744875447141425e+01
5.217040718656186726e+01
3.427851467172384758e+01
5.586579872733697272e+01
7.587055973703645861e+01
5.448880013498134645e+01
3.354495751244575530e+01
8.450060597809833496e+01
8.246495652006160526e+01
6.470229039587862019e+01
5.415672015843820475e+01
3.703270886356042979e+01
5.932315135101483605e+01
3.709555906053227403e+01
5.215146333837707715e+01
3.247007556204438572e+01
6.919098518135554343e+01
5.037781642644172564e+01
3.203179733113923078e+01
8.163452675859929286e+01
8.071367613535871044e+01
5.357990357028257478e+01
3.687722162096196854e+01
5.922595852886993839e+01
3.708902558004928807e+01
5.214462770696847826e+01
7.774424558738873259e+01
5.134137831654876294e+01
3.245875139257631758e+01
8.099947804268134632e+01
8.000331375650476673e+01
5.341307953366398209e+01
3.690220149061954658e+01
6.818737855412641125e+01
5.927409267045786834e+01
3.712817000310138127e+01
5.215228710995689454e+01
5.279941341934545562e+01
3.778998831301547057e+01
2.615633622764231703e+01
6.867923891294466898e+01
7.143209342195432043e+01
4.987325089915983511e+01
3.557239416912739216e+01
5.824282349055079067e+01
3.688532439339935820e+01
5.205932867063275893e+01
3.026452362412706165e+01
2.222408223241073699e+01
5.836885346749530612e+01
6.296267048494352281e+01
4.605895527620101859e+01
3.408147707085059608e+01
5.705865966892266528e+01
3.661357272068691060e+01
5.195461785571108493e+01
2.286769192061142064e+01
5.261027126119546438e+01
5.560839996283134923e+01
4.215113000168124557e+01
3.243244915391023397e+01
5.567083385186291622e+01
3.630223731640534623e+01
5.183272226466051791e+01
4.288523164327222759e+01
4.428460644670884250e+01
3.559556203808891439e+01
2.937465186583810350e+01
5.296496103891089291e+01
3.565394223757791536e+01
5.159238127808970376e+01
2.676168132022306523e+01
2.527387755653512968e+01
2.403107543581181815e+01
4.793218365044860008e+01
3.438092710873486624e+01
5.113935326731638042e+01
2.869536947712662567e+01
2.366346075023357542e+01
4.529265039106032731e+01
3.361221311741937257e+01
5.079364716317551398e+01
2.836349839737664880e+01
4.420456497216692782e+01
3.293429976465534992e+01
5.033200779023368199e+01
3.927259992162678515e+01
3.053467589908444424e+01
4.902472251588213226e+01
2.459829326143724160e+01
4.557983159671502449e+01
4.303734407831145603e+01
