9.158679930451398832e+01
1.088071888594209327e+02
1.393782644564130351e+02
1.504886378246702066e+02
1.850025789294809897e+02
2.040342577943629010e+02
2.197106315623814510e+02
2.727131524803857019e+02
9.241223852995953791e+01
1.172868015495493381e+02
1.298041357869363992e+02
1.608861713238950415e+02
1.794454853181867975e+02
1.879872784417023013e+02
2.096701468464551681e+02
2.691654042075115285e+02
1.579934519584628845e+02
1.763850258314082851e+02
2.263388443536253192e+02
2.395063421852235024e+02
2.549527762416457506e+02
8.870100665517327343e+01
1.014759833703955536e+02
1.282929158233500573e+02
1.457287301880782877e+02
1.559294299790144009e+02
1.756795584785207325e+02
2.035923103469624209e+02
2.254735730555694317e+02
1.685034646095559765e+02
1.971881758944266210e+02
2.211772801849274117e+02
2.380747441757148124e+02
2.351940740966431918e+02
1.386895785229255296e+02
1.594374614411879065e+02
2.144002583648687050e+02
2.187559607774658161e+02
2.289847736797760831e+02
7.820562321801197925e+01
1.009023281429320491e+02
1.173938791052893009e+02
1.288349712131319507e+02
1.470919164699241151e+02
1.504096859668856609e+02
2.048860803298894098e+02
1.961179145508620820e+02
1.575718659703662468e+02
2.157952682633259940e+02
2.075706071679701665e+02
2.324203524577027054e+02
2.525958514865409370e+02
1.491143283955217100e+02
1.744878498646176297e+02
2.026275414753861526e+02
2.235427853196359251e+02
2.264457359577054376e+02
1.013268785196534338e+02
1.171550078247721132e+02
1.311785495791161225e+02
1.502701007540271689e+02
1.534341576342676206e+02
2.117796778163556439e+02
2.071812865449197432e+02
2.182915020431885580e+02
2.047094736424628252e+02
1.941302242476447475e+02
2.212818917293479331e+02
2.300362857540608275e+02
1.887844367284049554e+02
1.867096471574374732e+02
1.987511937668094504e+02
2.186776461789938537e+02
2.341484065514200381e+02
1.317513536398985252e+02
1.859218075541150483e+02
1.855839777501314529e+02
2.146610455443775436e+02
2.398632503575310295e+02
8.593194660869023949e+01
1.003203024324615029e+02
1.168063263573023960e+02
1.193543514808721824e+02
1.675703829923908188e+02
1.712316045536188369e+02
1.647537436660269066e+02
1.911489424223276501e+02
1.767724133797140382e+02
1.931375742293095072e+02
2.127307624629614509e+02
2.210033312559748424e+02
1.792770642854102050e+02
1.736601144351427592e+02
2.026080608274141071e+02
2.163558371024849123e+02
1.657003855845965177e+02
1.673547314913923003e+02
1.823988730082122629e+02
2.058431641389412619e+02
2.261119718266251937e+02
9.879090432617799422e+01
1.158453228138696858e+02
1.646309089564101384e+02
1.701692754751595658e+02
1.627211807154781411e+02
1.795119580511487811e+02
2.012273472221831412e+02
1.149712781442079148e+02
1.978775505309723144e+02
2.067576890733091943e+02
2.189108327380443484e+02
2.472981732554929408e+02
1.703262654936613387e+02
1.929398112689464426e+02
2.071618273956186442e+02
2.056044180145998723e+02
1.527112010173613612e+02
1.696446887684520846e+02
1.915688702810271877e+02
2.051017604803276129e+02
1.844319932872727748e+02
2.024365789014756558e+02
9.796711756524760517e+01
9.617165562829327996e+01
1.397546940561079793e+02
1.467942791644061913e+02
1.426946327602548763e+02
1.521669725376524696e+02
1.738469219519441253e+02
1.898406022708412308e+02
1.845260184988397043e+02
1.918242790099634476e+02
2.046809819435159170e+02
2.299187075450498696e+02
1.698997518627587908e+02
1.808902717582115258e+02
1.958732693126351592e+02
2.270887146645645771e+02
1.810698151945389611e+02
1.861119998259476915e+02
1.245872650078288331e+02
1.413169637871429813e+02
1.644496750229530733e+02
1.820200651765473765e+02
7.242457588962948023e+01
1.072241474818572300e+02
1.151678742461995171e+02
1.142346685048918573e+02
1.234403515668022777e+02
1.395563776084349570e+02
1.500272245700254530e+02
1.647485024082559164e+02
1.742106951869908755e+02
1.858754309592492575e+02
1.886220178797850053e+02
1.602161106235196826e+02
1.684913097141906633e+02
1.841830910337417606e+02
2.119195023873049308e+02
1.412993328966241506e+02
1.529231225718569362e+02
1.690252922904358570e+02
2.014601624451204884e+02
1.180074017694663411e+02
1.371764924248085435e+02
1.543272834272332261e+02
1.632172854557535118e+02
9.617154088728116790e+01
1.043625814248552643e+02
1.055191484017360324e+02
1.149012616419210389e+02
1.301870527316033588e+02
1.389617991370057268e+02
1.466063275828266228e+02
1.632150134759449145e+02
1.875363426747836115e+02
1.827159377027365110e+02
2.300318227989814375e+02
1.616851797004025855e+02
1.778031570985750989e+02
1.730508397473000173e+02
1.494162380125005143e+02
1.613749867784978278e+02
1.681331061469694816e+02
1.309979393665499572e+02
1.392092331905187450e+02
1.564072265921284952e+02
1.849272431182816661e+02
1.175862595418298469e+02
1.292456839033074232e+02
1.456243302241547610e+02
1.782884322795192418e+02
8.377126104672360896e+01
8.763647618741066481e+01
9.709188274982737710e+01
1.103833739216809846e+02
1.190605866972512388e+02
1.252426788075447774e+02
1.354074624069637878e+02
1.437378161946875252e+02
1.741638446042398414e+02
1.743371535575407734e+02
2.218038026932352125e+02
1.686247391300694574e+02
1.662330149133467785e+02
2.124299783609318695e+02
1.434141225071400356e+02
1.608454682918496417e+02
1.595329936647779334e+02
1.319968160612807537e+02
1.434344425385648378e+02
1.535887958128620880e+02
1.216564293047658936e+02
1.301494722454879422e+02
1.502484213904251362e+02
1.824905567545279439e+02
8.922462380660702763e+01
9.917029887086523843e+01
1.128249254500038745e+02
1.231399697060233649e+02
1.307504577977669840e+02
1.350476679729644616e+02
1.546540297404507669e+02
1.568501410846502324e+02
1.600368823856692302e+02
1.614278948513687055e+02
2.020774389748763156e+02
1.454200980098105447e+02
1.454811634587570666e+02
1.894185591551321011e+02
1.205161099043749573e+02
1.390473019954668530e+02
1.418380352142941376e+02
1.146196356435218888e+02
1.258140910848986351e+02
1.399346743088654819e+02
8.418680443256020851e+01
9.187237867537858449e+01
9.975436961899382027e+01
1.053985268777380213e+02
1.080166497337629323e+02
1.257276800021901124e+02
1.269520199146978285e+02
1.679096108122828355e+02
1.474820169765160642e+02
2.156994743910758814e+02
1.342700662087809462e+02
1.378753582810025193e+02
1.256209470928779552e+02
1.300908584537086483e+02
1.741478130002233513e+02
1.169028050567323191e+02
1.194989497108201135e+02
1.601496565039054758e+02
9.067928267966424016e+01
1.076426786968775247e+02
1.129525238169198360e+02
7.036479409415912301e+01
7.585740203946876647e+01
7.990460244009298663e+01
8.076780568821689599e+01
9.559301787706648668e+01
9.645364861660365818e+01
1.004610433535069944e+02
1.367520473113337118e+02
1.282625060970134712e+02
2.045036263185182577e+02
1.222998486503442450e+02
1.812523224581576358e+02
1.104533004592487089e+02
1.155459752031386245e+02
9.638274239005453126e+01
1.015326792323826908e+02
1.398951867504185316e+02
8.746269589277576983e+01
8.979330471910887468e+01
1.218388226242937691e+02
6.494536564408880963e+01
6.840289124198919524e+01
6.843699531770074884e+01
8.281466367424116015e+01
8.390724658918324508e+01
8.664545205819077012e+01
9.111009393283278257e+01
1.349919819979406839e+02
2.522664881243120476e+02
1.088034466132659617e+02
1.768755284454653918e+02
1.031886706472970872e+02
1.548491594404249270e+02
8.659683190803382047e+01
9.174455229151647018e+01
8.022317884925750775e+01
8.546397509486202182e+01
1.205124727156972710e+02
6.247025360993687570e+01
6.148500424621681049e+01
7.697637496703171678e+01
7.811712165731528046e+01
8.154424569010498658e+01
8.669260021184054210e+01
1.301837810040173906e+02
9.414589403909738508e+01
2.104518706604249019e+02
8.880596714046674833e+01
1.475217901661575013e+02
8.042889787423295900e+01
1.219655086135056621e+02
7.219450723420521854e+01
7.832460184066678721e+01
4.671641498130703241e+01
6.199531602521628315e+01
6.305484335432483078e+01
6.684992972423685842e+01
7.200261682406335240e+01
7.396929645178974511e+01
1.249882001838259384e+02
7.953660512146556982e+01
1.707447967507489182e+02
7.251355399234380172e+01
1.234726590789980349e+02
6.626372241251853268e+01
1.013002179808557486e+02
5.864457566475496009e+01
5.583386398611093426e+01
5.880184913793286228e+01
6.298259499276164775e+01
6.537005760940742505e+01
1.447486359509946965e+02
6.808205272389535878e+01
6.684571200226683629e+01
1.424449185948742809e+02
6.216315230721829721e+01
1.072630824215821832e+02
5.434633970031392636e+01
5.546385055603985847e+01
5.802997997629732652e+01
6.032933849861333186e+01
1.323081392621652128e+02
5.899007364411176724e+01
5.490338395153477080e+01
1.154807301604566163e+02
4.181121331858361145e+01
4.446542787732978042e+01
4.790522207017347966e+01
1.058607577666714121e+02
4.884389649327749083e+01
5.913809458287912690e+01
4.405199165148347618e+01
3.937521027074878077e+01
4.167699270490055596e+01
8.770341459143719476e+01
4.131254193470379477e+01
5.018351805066629368e+01
4.008041686286136951e+01
7.487731801061470094e+01
3.586984105371452358e+01
4.325359585410070196e+01
6.418391452677570896e+01
3.145183686331680661e+01
3.767271994122689449e+01
2.426380797259039568e+01
2.892466791530955561e+01
4.945082833651736109e+01
1.116494176645930025e+02
1.050993778204870353e+02
1.001811179098594522e+02
1.119901260816379676e+02
1.475598537382579991e+02
9.800055292998473533e+01
1.474313025975248763e+02
1.131299847434948163e+02
1.459133173436008803e+02
1.069210228984083813e+02
1.858455719387918634e+02
1.823822866440785049e+02
1.454347302207908967e+02
9.971144176235702616e+01
1.871302159764679516e+02
2.030114896451085542e+02
1.437868994656899133e+02
1.079732306793108449e+02
1.797757552984629683e+02
1.926487966922426551e+02
1.347891351512651568e+02
9.057180708777914901e+01
2.077829134778800722e+02
2.269243263333379161e+02
1.693400379866394303e+02
1.712905915523345186e+02
1.301368849519988942e+02
1.066886659305291687e+02
2.088228628340723958e+02
2.154391472063386743e+02
1.635301748396738617e+02
1.756720286764344792e+02
1.343327541126228368e+02
9.671442320034211093e+01
1.997919593971520840e+02
2.069130800804748276e+02
1.677642942315627295e+02
1.609344589005673356e+02
1.373583925935337788e+02
8.726186656210563797e+01
2.326245365908559677e+02
2.415125265131704566e+02
2.370606885843068028e+02
1.983483160527088955e+02
1.987055962259775015e+02
1.664499397176709579e+02
1.926009761495612054e+02
1.197464366123983837e+02
8.284871688810042656e+01
2.338776145033961882e+02
2.312836309475088115e+02
2.417246564025795124e+02
1.988777398438657826e+02
2.099729643199224824e+02
1.623781066178368917e+02
1.722442045822133991e+02
1.052894009520046552e+02
7.714092216690370662e+01
2.285125039747828168e+02
2.400968563406551652e+02
2.247735814040450464e+02
1.881242511080759243e+02
2.154033747928592959e+02
1.428185129849480006e+02
1.427075618523253127e+02
1.053172630507186938e+02
6.729538093391134623e+01
2.599391507201135596e+02
2.665017683818156229e+02
2.607816964984698416e+02
2.203229212858946084e+02
2.382747640511668408e+02
2.676027668717562733e+02
1.858866287705220088e+02
1.894591303425584101e+02
1.337541811442934261e+02
1.365739138959802403e+02
1.030343643733758228e+02
6.796528972841201721e+01
2.506049612382619785e+02
2.684567084304673585e+02
2.773884549193069802e+02
2.127361910701861802e+02
2.335209754223805589e+02
2.408895670722482691e+02
1.713197016361440035e+02
1.688325589874973787e+02
1.274875449998353076e+02
1.375499174466040984e+02
9.364680245386600177e+01
5.963339109650524250e+01
2.777506002746197851e+02
2.906773258577787260e+02
2.997678898265054386e+02
2.784217456599403704e+02
2.434640235833834083e+02
2.583932335182382189e+02
2.877614885006375403e+02
2.091737101971203288e+02
2.081633562697232094e+02
2.018129273142907607e+02
1.581387908578458905e+02
1.656803721251040713e+02
1.266155627860629522e+02
1.317344153830668745e+02
8.755769719571115672e+01
5.840397231184232396e+01
2.711622975431008058e+02
2.869211855703668448e+02
3.044515270078533149e+02
3.385012117037690018e+02
2.367870997093706649e+02
2.514328120987567843e+02
2.504692783295430161e+02
1.959406964769978856e+02
1.965427785391528062e+02
1.950192904915390670e+02
1.541345638071771020e+02
1.636980477764440991e+02
1.217373640739320422e+02
1.261063879427200760e+02
8.219818847556078367e+01
5.440817168647780733e+01
2.694643055611217619e+02
2.798844475044699038e+02
3.004820732835170816e+02
3.073172785117383228e+02
2.357215436155586303e+02
2.356502357492273632e+02
2.268109828995399653e+02
1.859991325954634647e+02
1.937805400586182429e+02
2.029778091297681613e+02
1.514082493617202374e+02
1.564406981233172473e+02
1.149648389158636235e+02
1.199192835428082446e+02
7.948077787266142025e+01
5.071000758010998766e+01
2.951692837248816090e+02
3.069412018823041421e+02
3.209037432617218428e+02
3.538520784791315350e+02
2.645212175471393152e+02
2.787119566837082516e+02
2.719683430672368445e+02
2.612598814194388410e+02
2.216270795410992491e+02
2.225921402086157173e+02
1.829050378758483930e+02
1.913957790521529603e+02
1.937356981134945499e+02
1.502756188302400346e+02
1.556767551639165958e+02
1.103740203501315449e+02
1.188355715347447727e+02
7.699334289585507918e+01
5.314153186621459923e+01
2.828271464603823802e+02
2.933194564190996516e+02
3.061223961997746983e+02
3.023514597863569406e+02
2.495342344516876665e+02
2.492707696836091600e+02
2.453119601318430227e+02
2.412286934927215611e+02
2.026389778984556642e+02
2.097273266494542554e+02
2.176620621770775585e+02
1.698346944784040602e+02
1.751633717380380517e+02
1.771974590399709371e+02
1.344960445215238565e+02
1.418139596284706556e+02
9.655585636019448259e+01
1.001557728041710220e+02
6.419473104184851309e+01
3.839993086268935940e+01
2.799540692137686051e+02
2.928188395665071653e+02
2.882971287794616160e+02
2.751811711539755834e+02
2.388318970318753145e+02
2.393573259131013060e+02
2.448240469462370186e+02
2.542427736259804476e+02
2.007745444307167304e+02
2.091294628295794382e+02
2.113036660957340303e+02
1.638821412619643070e+02
1.711636097989814687e+02
1.734721296863864382e+02
1.274618180773940708e+02
1.356098990708616725e+02
9.040374458233250721e+01
9.398995375681926134e+01
5.895831384216031523e+01
7.132377135826232006e+01
2.776338374898147663e+02
2.763531451408313160e+02
2.735833845432094336e+02
2.769555736731164757e+02
1.962641407534484301e+02
2.031553942609397154e+02
2.057337051733535418e+02
1.601967667992496160e+02
1.678995356552707960e+02
1.753423609750176695e+02
1.219212030052299838e+02
1.254129301230878042e+02
8.460071432606127928e+01
9.097247455040270836e+01
8.354007417282204528e+01
3.019257462531198755e+01
1.116494176645930025e+02
1.212977096138844360e+02
1.118763529859132575e+02
1.218698242295003098e+02
1.350231779724338708e+02
1.034002776675454243e+02
1.213891532063798735e+02
1.461861356742993223e+02
1.369911015595117192e+02
1.235902576847101813e+02
1.201535157157141356e+02
1.489385051714218662e+02
1.550113084307107272e+02
1.579729898088353934e+02
1.062108461212797010e+02
1.190739175332586512e+02
1.492062698696823873e+02
1.644053654169985919e+02
1.834318287787135660e+02
1.399736326504122701e+02
1.188168839307964788e+02
1.182805749679072136e+02
1.488695724798549236e+02
1.694874915780286528e+02
2.008225328853408769e+02
1.682251700776196515e+02
1.538692946909168882e+02
1.143724005107425512e+02
1.175779540919824910e+02
1.480031714575289072e+02
1.714794424986698971e+02
2.109298428211824330e+02
1.887583796483874892e+02
1.840738044847283561e+02
1.441161762659820624e+02
9.429880971123782274e+01
1.170723961454221040e+02
1.473372773542210439e+02
1.727198136263884294e+02
2.183497168281359677e+02
2.061013008532405877e+02
2.148444414648426743e+02
1.835458498133834553e+02
1.347141520011589364e+02
1.164260944563637281e+02
1.458897467372704568e+02
1.713933177049093786e+02
2.189260365187559785e+02
2.125219483461539767e+02
2.294818253225029423e+02
2.050218534636823051e+02
1.582209605212403574e+02
1.314087642833126210e+02
9.514952819944264206e+01
1.159592832198370758e+02
1.448503923429531710e+02
1.704203070082315321e+02
2.192818321874138974e+02
2.173232669388781346e+02
2.413435203531418267e+02
2.239712940561688015e+02
1.806481680547702240e+02
1.552264077764226045e+02
1.168132699188888068e+02
1.042514455428880069e+02
1.156582859681354307e+02
1.442341492384058199e+02
1.700223065219165903e+02
2.202228640877559940e+02
2.219948876674980625e+02
2.525749485127515754e+02
2.425462974528803102e+02
2.040741008075253831e+02
1.822923999505993038e+02
1.430750234971673649e+02
1.330461466046894259e+02
9.583395698597578871e+01
1.154152150457256596e+02
1.437240149129953295e+02
1.696246746336648812e+02
2.207262153877272226e+02
2.253027904435837740e+02
2.611039012689047354e+02
2.576086122014411330e+02
2.244402528183522350e+02
2.075474800497332524e+02
1.689726764833525294e+02
1.640363735897431638e+02
1.182974896507053302e+02
7.921006848804906042e+01
1.151905633924968129e+02
1.432158895187576775e+02
1.690731287464681714e+02
2.205915044304015851e+02
2.271198585439287569e+02
2.666891461750172425e+02
2.684873671985031933e+02
2.403547638558598862e+02
2.286417941026884080e+02
1.919786540118314235e+02
1.936385712485876525e+02
1.427926768476367840e+02
9.639386538244582425e+01
7.280711986125621138e+01
1.685961268702937161e+02
2.203838372398917329e+02
2.283962878182024951e+02
2.709117658838663374e+02
2.771146235451685698e+02
2.535908754423458333e+02
2.470683532536879170e+02
2.223469187659949569e+02
1.681884630980227655e+02
1.156326034313424316e+02
8.812057564983523150e+01
7.061013722084666711e+01
1.148553523120910853e+02
1.424507510119049698e+02
1.681937304282470507e+02
2.201693465133444363e+02
2.293426993787369668e+02
2.742146159460495483e+02
2.841053513561468549e+02
2.647281507275449144e+02
2.324870017263354782e+02
2.501368889120676897e+02
1.945058268314522252e+02
1.370595629006212732e+02
1.067347815880770980e+02
8.649441101492050166e+01
5.811961222138496197e+01
1.147296483247079237e+02
1.421637523940922279e+02
1.678556288126995071e+02
2.199710992215842396e+02
2.300753557424543772e+02
2.768720717949467485e+02
2.898813313115380197e+02
2.742139589773776720e+02
2.775642866902514356e+02
2.504063960739377706e+02
2.770704114378556255e+02
2.217586998660680990e+02
1.612098632874029533e+02
1.300093378643590256e+02
1.102666270552802672e+02
8.050203582131608471e+01
1.146152497878207583e+02
1.418935748026296437e+02
1.675034771775601428e+02
2.196424773978181690e+02
2.304157448269052679e+02
2.786022905203107030e+02
2.940204690610202078e+02
2.813948135473920047e+02
2.887871417623282468e+02
2.649038491897153449e+02
2.996736855606109771e+02
2.453120679684958532e+02
1.825321425141575276e+02
1.506458205812687652e+02
1.307202926263828431e+02
9.819676110643661104e+01
7.535499675762196148e+01
6.146385052529690540e+01
1.145267528508436214e+02
1.416911537258079079e+02
1.672578402344609856e+02
2.194654919500407573e+02
2.308330493112478052e+02
2.802636874401134719e+02
2.977991271508816453e+02
2.878811234091385813e+02
2.990420652457342499e+02
2.784217456599403704e+02
3.212613950240604481e+02
2.685940830981855356e+02
2.044725839933268503e+02
1.728886345747049518e+02
1.540870132199499096e+02
1.199871004200926450e+02
7.547444620630523104e+01
5.038745833140222175e+01
1.144567510188916941e+02
1.415356808733213256e+02
1.670822184678239921e+02
2.193786324025509487e+02
2.312680580379392836e+02
2.817960230302450668e+02
3.011770872929095049e+02
2.936454881870492386e+02
3.082432725002842062e+02
2.907544854739082325e+02
3.413642460468333866e+02
2.908818687949515152e+02
2.261370133406585978e+02
1.955832645311766385e+02
1.787793147152447659e+02
1.439053983343997913e+02
9.477263087801834729e+01
6.730334008782295996e+01
4.837461468627707006e+01
1.143979571706161522e+02
1.414062961210029812e+02
1.669384716756021305e+02
2.193137691970169101e+02
2.316442897241743140e+02
2.831022376279348691e+02
3.040557329484346383e+02
2.985910067698804369e+02
3.162365605258656274e+02
3.016490127509271701e+02
3.594932916797155826e+02
3.114900243797451935e+02
2.467266883976930103e+02
2.177803699280016474e+02
2.036668468603010638e+02
1.688172428939609517e+02
8.940256861931966625e+01
6.614730951155054584e+01
5.068120741870043844e+01
1.143540684858742225e+02
1.413160463714410469e+02
1.668579510480543888e+02
2.193444008217159080e+02
2.320872928446623007e+02
2.844154271612484877e+02
3.067910228625571563e+02
3.031811885764997214e+02
3.236333754256533553e+02
3.117871287542618006e+02
3.765215434308406657e+02
3.311823191142436826e+02
2.668288096495066952e+02
2.399830176205863381e+02
2.292025325384866790e+02
1.950336577434752883e+02
1.156403435386048244e+02
8.988926079383716683e+01
7.163015117486891370e+01
5.961076127032369953e+01
1.142353889085564731e+02
1.409861413311032550e+02
1.662620810747263249e+02
2.182729152928937424e+02
2.308463978421477520e+02
2.828118407863491370e+02
3.052771067908560099e+02
3.022915070618936397e+02
3.234135677678688694e+02
3.125530359489191596e+02
3.796943133008640530e+02
3.359717654352772342e+02
2.723341174905601179e+02
2.461923307921199466e+02
2.361128470461435143e+02
2.021979927335186460e+02
1.201677860888996321e+02
9.127543838064228510e+01
6.846827956539394222e+01
5.055381638351565954e+01
3.169483223760196822e+01
1.729324862258726228e+02
1.142154731024392049e+02
1.409591380673780918e+02
1.662850873266138763e+02
2.184632474281434895e+02
2.314116259533258813e+02
2.841640959240214102e+02
3.078160368257457549e+02
3.063235688510669661e+02
3.212272673723485354e+02
3.942808922360592305e+02
3.530752387629077020e+02
2.901519791428416397e+02
2.663289554006249773e+02
2.597854833449796388e+02
2.269866933014862411e+02
1.458529178256709713e+02
1.145772114783683691e+02
8.926401484955559340e+01
6.917555060271355671e+01
4.640632476337884782e+01
6.563085631064696202e+01
1.141919955017898616e+02
1.409169248129865650e+02
1.662665640897804451e+02
2.185489615386139235e+02
2.317851736140426624e+02
2.851416672474553025e+02
3.097460412064049819e+02
3.094931446095986871e+02
3.283186830445218334e+02
4.064640768367972328e+02
3.676420440248527939e+02
3.056267712207888394e+02
2.841576556704833934e+02
2.811541336983919450e+02
2.498382332077453327e+02
1.710436925967134982e+02
1.379893357491839652e+02
1.108549623975512191e+02
8.934743119116879484e+01
6.348437627217702328e+01
9.774602700856138426e+01
1.081129069092660870e+02
1.378671712262543565e+02
1.876430494796906601e+02
2.058195956999730356e+02
2.584385418365162081e+02
2.859478505382626281e+02
2.906292503225653832e+02
3.183227143843285489e+02
3.950975888425825246e+02
3.609696344581955145e+02
3.026461628978959766e+02
2.832170178995089032e+02
2.815659617113531112e+02
2.512956806408269017e+02
2.239332842165870829e+02
1.393462223834294491e+02
1.118067316439487371e+02
8.997430274118954685e+01
6.382936062444810688e+01
9.808947173287376131e+01
3.048027090427427055e+01
1.076434001953011261e+02
1.529121208314672913e+02
1.762133135011453646e+02
2.274088346385346711e+02
2.577473733699555396e+02
2.677755206305195088e+02
2.978098385420078102e+02
2.987128089966979587e+02
3.512992376726632529e+02
2.976426444017226345e+02
2.808172209325662152e+02
2.809150801151774886e+02
2.521307129476380737e+02
2.254177217639601167e+02
2.021975921082140246e+02
1.128019963665988712e+02
9.063832045087555400e+01
6.419819837844295307e+01
9.845839756439210078e+01
3.052430165140384588e+01
1.102939500142749978e+02
1.393696982910651343e+02
1.889018252627079448e+02
2.222888911604601674e+02
2.383998127728933127e+02
2.709625574287321115e+02
2.765121649272389277e+02
3.582921220730655705e+02
3.366423383249179437e+02
2.891181091196935427e+02
2.757361109639476808e+02
2.781750336205750500e+02
2.515803818706393713e+02
2.260326650790075007e+02
2.032778569388349297e+02
1.761160047005018328e+02
9.129554583272492607e+01
6.457082172043637058e+01
9.883555059118864961e+01
1.420169989449994148e+02
9.875873027972022555e+01
1.455524165888421066e+02
1.816523508371728610e+02
2.039063855709606798e+02
2.387316589992091451e+02
2.492019205576858667e+02
3.307057877531210579e+02
3.169529340226478098e+02
2.677331153278450415e+02
2.730890883917200540e+02
2.494372582506685774e+02
2.256316151911348982e+02
2.037430241749688093e+02
1.773222681809228902e+02
1.431691071835433888e+02
6.494973644601850538e+01
9.922426492730950542e+01
3.061646036081586786e+01
1.161705905341654557e+02
1.499355234593146804e+02
1.758289689326877578e+02
2.110625859899724617e+02
2.245590951521832608e+02
3.054030095821613031e+02
2.987502319348074593e+02
2.656686673559513565e+02
2.481227887108815366e+02
2.260364879566313334e+02
2.049238465815259929e+02
1.792314527205797106e+02
1.448486325295639574e+02
1.159575960139195416e+02
9.973418660949752734e+01
1.075049484459374440e+02
1.387711740670988831e+02
1.748205361027911522e+02
1.919054184643499354e+02
2.704037178322425348e+02
2.721850933861841781e+02
2.480069282051355515e+02
2.480390503405215270e+02
1.122646598048986988e+02
1.454921843925475002e+02
1.627909094053193542e+02
2.378694617942454670e+02
2.466824997586371069e+02
2.306833964921235065e+02
2.355310943091106708e+02
2.510278118074618874e+02
2.225451484631167602e+02
2.046612983085098847e+02
1.818273890163212911e+02
1.477768526677615739e+02
1.184552972562596125e+02
9.467251732399678588e+01
6.654091923301358236e+01
1.139737963735700390e+02
1.302231359135380728e+02
2.005286908388245877e+02
2.162915844554434273e+02
2.091034886813105516e+02
2.191116036970609287e+02
2.384753528485797460e+02
2.316386727411141067e+02
2.035066934538289445e+02
1.828297160246382589e+02
1.492887016393862609e+02
1.198714239351445059e+02
9.575962036829452018e+01
6.719880513163376179e+01
1.015346182813611904e+02
9.196831642029381726e+01
1.550685186110803784e+02
1.780678003008226256e+02
1.806241862185469529e+02
1.961897941702006847e+02
2.197161949184037439e+02
2.192786292131228549e+02
2.117312086249664276e+02
1.822480652469580775e+02
1.499993837606875502e+02
1.209313568353557002e+02
9.671005372331042338e+01
6.782187757060938793e+01
1.022055841988258891e+02
1.161519069596639469e+02
1.422765397107976924e+02
1.524712522924875771e+02
1.721837922077575058e+02
1.988765836624317274e+02
2.047483875646095441e+02
2.026065179591162178e+02
1.946342339475384335e+02
1.810685186887734517e+02
1.505663420214110886e+02
1.220649574224982530e+02
9.779125504964105176e+01
6.854933978715646958e+01
1.029950519717828428e+02
1.035871924360198904e+02
1.211139495795813303e+02
1.443188772493939211e+02
1.732682809787147846e+02
1.855133540906333565e+02
1.894197637708358002e+02
1.863942208958115145e+02
1.779097991357104434e+02
1.228042507569269333e+02
9.876449037885777216e+01
6.928070599655114847e+01
1.038229847121841658e+02
3.117943174105812787e+01
1.000743799567997740e+02
1.226030512291971490e+02
1.511280188611318351e+02
1.679273532157435795e+02
1.768495951049395103e+02
1.782875178621619057e+02
1.753423609750176695e+02
1.504596630848093071e+02
1.003367950359496916e+02
7.038228748851379635e+01
1.050277809024434532e+02
3.132838370978701548e+01
9.730234683780054183e+01
1.228133019409597040e+02
1.433631333864746864e+02
1.573702114180269973e+02
1.641167707640618403e+02
1.682548210896483454e+02
1.481504159940052148e+02
1.245054261273540845e+02
7.135547632524087192e+01
1.061895898595095957e+02
3.147707203484023353e+01
8.832867788497175354e+01
1.113818951078946498e+02
1.300571168986843134e+02
1.423818951160192512e+02
1.547380179481958180e+02
1.416886143807431608e+02
1.225010300955430296e+02
1.014800328752721583e+02
7.200259116391488590e+01
1.071661990299451048e+02
3.161209508958958025e+01
8.096276850494537314e+01
1.011886305573316918e+02
1.170563798895743446e+02
1.370799979520427030e+02
1.320596036792162522e+02
1.187661803332977257e+02
1.008820243761251447e+02
7.254287780145386932e+01
1.081928187637856951e+02
7.593673456654734366e+01
9.143585181642626480e+01
1.173027948120339516e+02
1.198841542110774157e+02
1.134493226780322459e+02
9.973763989161558641e+01
7.312869308657354850e+01
1.094712358928347840e+02
3.195603405642852479e+01
6.239627603950885515e+01
9.234897131335931419e+01
1.022224681410762770e+02
1.041328393875608356e+02
9.656789720432782076e+01
7.317546948158120301e+01
1.106305618065368463e+02
7.064876891019108029e+01
8.195086355445475590e+01
9.119613335407419186e+01
9.097247455040270836e+01
7.253804576049090258e+01
1.116980192559589966e+02
6.437577961002217819e+01
7.632498292061853817e+01
8.274660433245581714e+01
7.101219942556984677e+01
1.126804687521174486e+02
3.270312583983212562e+01
5.474207477975907210e+01
6.804184327834904877e+01
6.639563736913557079e+01
1.121555926705508881e+02
3.299109350312861721e+01
5.066075071923621209e+01
5.816726697879795438e+01
1.088972870456778139e+02
3.324295370363383029e+01
4.782898768585064175e+01
1.004017279952069117e+02
3.339272222608169471e+01
8.228136975893173144e+01
3.315091578370034142e+01
3.019257462531198755e+01
