7.244437475915259483e+01
8.548520495640673289e+01
8.354563507741140427e+01
1.501368868051518177e+02
1.276463352753058444e+02
9.180073176200774299e+01
1.463123388958056523e+02
1.508979865832085068e+02
6.001620866254829423e+01
6.271917473527864928e+01
1.117401303274488384e+02
9.434844945744806921e+01
6.967520227845237457e+01
1.160226779482622135e+02
1.116224525135942969e+02
1.424822593216955511e+02
6.771192954867365188e+01
1.088726588499241075e+02
1.134835100206502005e+02
1.703245245830981958e+02
7.105446139129672645e+01
1.131344442337026237e+02
8.937483273110343873e+01
6.659037861299482586e+01
1.100420324677236721e+02
1.008642362991213304e+02
1.121196154280537058e+02
1.564125859098400895e+02
9.705599746490364055e+01
1.093899250614133507e+02
1.550543923815901337e+02
1.241073559994217845e+02
1.017602182481557378e+02
9.801335775470164435e+01
1.276816072179749852e+02
1.457897592246986278e+02
9.212048490978634163e+01
7.243892657161373450e+01
5.727556710509045246e+01
9.703018862822582946e+01
9.037764293982340291e+01
9.952339332006913253e+01
1.029570259225823463e+02
1.627702758490376880e+02
8.566469169167139341e+01
8.997363212375651642e+01
1.442468038246668982e+02
7.125698468658025320e+01
8.218052945948986121e+01
1.213964681493134634e+02
1.015702506804591394e+02
4.369196258451149362e+01
3.721919777709010191e+01
6.411812306582362453e+01
6.033919598591555200e+01
6.693909298422636311e+01
7.295744115450629863e+01
9.612928762937909255e+01
1.004218593296242688e+02
9.874715109588450446e+01
1.883761920859109580e+02
1.280671297879796953e+02
1.031537724806815532e+02
1.351459998297950449e+02
1.405729244723818567e+02
9.384617849548672552e+01
9.984318172143267134e+01
1.623884081680498355e+02
6.228328990737207249e+01
1.063809563450391380e+02
9.925672482678702124e+01
1.092108259515001834e+02
1.206247370705475817e+02
1.145761546684610153e+02
2.212842876027440298e+02
1.537969160134690014e+02
1.958477422138540760e+02
1.429427021940480813e+02
1.404845910316812194e+02
9.870580406048067346e+01
1.882843074011633462e+02
1.294812654337067954e+02
1.114419863421948662e+02
1.477378228990993136e+02
1.579575077527079543e+02
1.090429117815951514e+02
9.309137543497966760e+01
9.684552478727384539e+01
1.062000612187103741e+02
1.014924847572675048e+02
2.006898239844704506e+02
1.474528903478392294e+02
1.481189536740728840e+02
8.332662397839386870e+01
1.387159692659345751e+02
1.510417176339542209e+02
1.011535921896105208e+02
1.644318577971348532e+02
1.236203049622890831e+02
1.272338534839326911e+02
7.364821657858712456e+01
1.431690119773749643e+02
1.013328807949351642e+02
5.068458341920693044e+01
5.183590719519093426e+01
5.849109798758991730e+01
5.774214351939053813e+01
1.148626624807063905e+02
1.046260592231803059e+02
7.062626507501704509e+01
8.689870713278237702e+01
1.317626708897072376e+02
1.242992782072069389e+02
8.141592356447378620e+01
1.374595046420874098e+02
1.442145339658875685e+02
9.776096188688542554e+01
1.491686945217213918e+02
1.104201944389205892e+02
1.144842441761103942e+02
7.033141161562573984e+01
8.267355980499925749e+01
8.493113330828319363e+01
1.687477809754721250e+02
1.529794171589501559e+02
8.401712297932648710e+01
1.442071429598563554e+02
1.456500866458942198e+02
1.289507774488349128e+02
1.239801415771838435e+02
7.360961509513127510e+01
1.262012129819008237e+02
1.405203841954884467e+02
9.733779132352407260e+01
7.365654511580279973e+01
7.814256471320042863e+01
1.510017311426249194e+02
1.334058516403768806e+02
7.417837556866543025e+01
1.217167441700371455e+02
1.184910121377329659e+02
9.046642496500206221e+01
1.402492888320452096e+02
1.238571992435340121e+02
1.216212701206999469e+02
7.246383151057855798e+01
1.276473746548430910e+02
7.774206425516112517e+01
1.457421394252860125e+02
1.256112776359439209e+02
7.148482193218778491e+01
1.200192393789499619e+02
1.381208418653159526e+02
1.058416418890707007e+02
8.381274499081386864e+01
1.264850633483369933e+02
1.059286428426271272e+02
1.073468675734581126e+02
1.177683147604377325e+02
9.586194763089777382e+01
5.635247351724954967e+01
9.788333246999921755e+01
1.139355930194257951e+02
7.722530831932181172e+01
6.822105798849759140e+01
8.922958257018235884e+01
5.518074718609807405e+01
3.466033220142917770e+01
6.347291411192897925e+01
7.511192607294154300e+01
5.325424850524770903e+01
7.660489345182786280e+01
7.621299019590678370e+01
5.402084296279431896e+01
1.029182278889469444e+02
1.199790765066338167e+02
8.931304396357948860e+01
1.282352605099495122e+02
1.069934789678313649e+02
1.087863868157699869e+02
8.296495619057411375e+01
1.134235727480623979e+02
5.248543038578088726e+01
4.172699215140580975e+01
5.339514802887548228e+01
5.492311133734258988e+01
6.647292822926961264e+01
8.244546556753356015e+01
6.762399432208901828e+01
7.675354410030254826e+01
7.906633737505651993e+01
6.003567970077163096e+01
7.786399102600211108e+01
9.260525052504402765e+01
1.007058606256219377e+02
8.458676143577996243e+01
1.196903348934366988e+02
5.779216441305649710e+01
1.242904995409998889e+02
1.575050044670983311e+02
8.591726747291841093e+01
9.500720815125694685e+01
1.231172329807572936e+02
1.368287129263305815e+02
8.433620549440381353e+01
7.598498937455188695e+01
1.183988065176352080e+02
8.866139822158676509e+01
1.101591557165813100e+02
8.547998405853857662e+01
1.549593683441295013e+02
1.356412535593347286e+02
1.207265803523595338e+02
1.449709901633136155e+02
1.196171586313020612e+02
9.496308893018306208e+01
1.356290447145811981e+02
1.287853731982883403e+02
1.210059937251686790e+02
1.190590752986036733e+02
9.644229674545914577e+01
6.819559611170065239e+01
1.272242488701890295e+02
1.437201456924589991e+02
1.133337381821672807e+02
1.224417866924783453e+02
8.104785102024165155e+01
1.047569901602227844e+02
1.552927584995360064e+02
1.497398916469839776e+02
1.783406918461636508e+02
1.415011408061418194e+02
1.449201784491312992e+02
1.122441953771988210e+02
1.243891949581168461e+02
1.126320593803641117e+02
9.444069062965645855e+01
1.501688846679650169e+02
1.685002602013156832e+02
1.618849213028503016e+02
1.246506490244628935e+02
1.397956643869664504e+02
1.235969101849695306e+02
9.545313344124593868e+01
1.425398201163137628e+02
5.378374735274628904e+01
1.504317977714628967e+02
1.602856520796937332e+02
1.689598454758726689e+02
1.440520846597403022e+02
1.252613520023694775e+02
1.372371148158683525e+02
1.771192727726837006e+02
9.339108190271623755e+01
8.421591930811963778e+01
1.647901885200607808e+02
1.884540306380647223e+02
1.893411840511413970e+02
1.667815554496176560e+02
1.536970414222786587e+02
1.653987460673959333e+02
1.618748373853675560e+02
1.674546613441724219e+02
1.394296857157791578e+02
1.637319362189203389e+02
7.301257618458046750e+01
7.890109415130403647e+01
1.913898433733064905e+02
1.761834423014335869e+02
1.922324797013990860e+02
1.751728090027777398e+02
1.765153523059655640e+02
1.320673949426939942e+02
1.447493841917417683e+02
2.011606052179982385e+02
1.180766137904613373e+02
8.263929329706333249e+01
9.917462113208621588e+01
4.452225702734737212e+01
6.762399432208901828e+01
7.146036166380021371e+01
7.891009570000888118e+01
7.271834852802538762e+01
8.674023930651409842e+01
8.907586952308338368e+01
7.792639190465662580e+01
8.502182760831469466e+01
5.156027032600599824e+01
7.033610624657832489e+01
6.958174833116515856e+01
7.616197212355609736e+01
9.133189601487066511e+01
6.369468220826507832e+01
8.668142762247623523e+01
7.695870744699578836e+01
9.985879436748004423e+01
8.027571943742587735e+01
1.270765642529322434e+02
6.958003230920864723e+01
1.111460053174732252e+02
7.530698951187001455e+01
1.002622372141198213e+02
8.567312226100513328e+01
1.418927251816230068e+02
1.148331880187031686e+02
6.904341343237192063e+01
7.448344980025319728e+01
1.011394373566655673e+02
9.073818329873336097e+01
1.589780995076265810e+02
1.317866075013696161e+02
6.942495299769277040e+01
6.847792968405725844e+01
7.370803485007411382e+01
1.012343935503028405e+02
9.380531558484416621e+01
1.714127198215746830e+02
1.475984454186609582e+02
8.393977395178805523e+01
1.121607176006669704e+02
7.305509717069236331e+01
1.010179640426709966e+02
9.563283432804527706e+01
1.798647437194364329e+02
1.596656007099421686e+02
9.646221857821302592e+01
1.374966877019308242e+02
1.134312364008034137e+02
9.897037218452922502e+01
7.269590005527106769e+01
1.011112730826688733e+02
9.733421540537096917e+01
1.874472934303795171e+02
1.712776421150392139e+02
1.090552211205488788e+02
1.649660858577567524e+02
1.446259739320213953e+02
1.391500396175727872e+02
6.778598286482838375e+01
7.155335362059518900e+01
9.909750473299280316e+01
9.557794614435007929e+01
1.839672712458497017e+02
1.670807186249145389e+02
1.077288783638649221e+02
1.636299382215949549e+02
1.331904712089908003e+02
7.078839477616416787e+01
9.780584859145281484e+01
9.457178788167010453e+01
1.823100519635256944e+02
1.654570423632205518e+02
1.082449320655864682e+02
1.663147806047328459e+02
1.440378772515146295e+02
1.374734973367172302e+02
1.070157508278115444e+02
6.267110664715941937e+01
7.065542537770190279e+01
9.787777179360021762e+01
9.532474541774517718e+01
1.856631085014867608e+02
1.708709512803867483e+02
1.146884282894267670e+02
1.817157532343641719e+02
1.630483371676173192e+02
1.633729920579856980e+02
1.364012582757870575e+02
8.873804857269848867e+01
1.318054837918487010e+02
7.033273425258985867e+01
9.742185967344335040e+01
9.517359262178192125e+01
1.860383865587334640e+02
1.719296264234858995e+02
1.169982135429319499e+02
1.882010645862443425e+02
1.715240619569156877e+02
1.758948676699053806e+02
1.520798352844826695e+02
1.036929910585608923e+02
1.589597752840762723e+02
7.001227598733088087e+01
9.691170117310217336e+01
9.483985236266195784e+01
1.856866392689599081e+02
1.718631445121437764e+02
1.180564811779115360e+02
1.918263933155775476e+02
1.766601469270713096e+02
1.842210265961421669e+02
1.636282666450281340e+02
1.156651955911813019e+02
1.824082938956539124e+02
1.410481731575167998e+02
5.824939025332108855e+01
6.993883778165718468e+01
9.692962731233507157e+01
9.518354017988163207e+01
1.872412385725436366e+02
1.744123144939687791e+02
1.212956134544939317e+02
2.000889187868642125e+02
1.876051205568671207e+02
2.003700462850768531e+02
1.838099713621488434e+02
1.352922164503904980e+02
2.223348422753195734e+02
1.764704185615449035e+02
7.402507761128180164e+01
6.978765706789398848e+01
9.673474796934372932e+01
9.516557609486841329e+01
1.876155834958697426e+02
1.752415623936311135e+02
1.228300212182817148e+02
2.045111918340122941e+02
2.103675354547946199e+02
1.974984563860024593e+02
1.496643344213172782e+02
2.528681367587297473e+02
2.040517887234038028e+02
8.675861898560611962e+01
9.073205982236946454e+01
1.762124985818116443e+02
1.635830159327128968e+02
1.167271585528086177e+02
1.962192018699575726e+02
1.872536814774768175e+02
1.948794099931417634e+02
1.492286259703654707e+02
2.534688946159253931e+02
2.048557366824192911e+02
8.718938843687585916e+01
9.986927610388454468e+01
7.055185585803199899e+01
7.705052525827673549e+01
1.517894317625407155e+02
1.428006644977438100e+02
1.054712330685729995e+02
1.810343145078637690e+02
1.755011365889321553e+02
1.953580059160375129e+02
1.470666226015392795e+02
2.521011588185764083e+02
2.046683443268509279e+02
8.737798118635457456e+01
1.002362974293788085e+02
1.227311964226217214e+02
9.399291869107480579e+01
1.645359693649721180e+02
1.620211618769671134e+02
1.836476981398801342e+02
1.817477802881501532e+02
2.498804325191742635e+02
2.041070575431163547e+02
8.751419930283957171e+01
1.006148462975067019e+02
1.060120867533736799e+02
9.835545028785755051e+01
8.034114271525743334e+01
1.450068706300059489e+02
1.459656377016507349e+02
1.693319968643150446e+02
1.723564407874535789e+02
1.400373323038894853e+02
2.031200752986349585e+02
8.761074668616210204e+01
1.010382943081596778e+02
6.229012777171262627e+01
5.955955294484670048e+01
1.153116119693170560e+02
1.218308269745660084e+02
1.474285127109006908e+02
1.566870115361604689e+02
1.320673949426939942e+02
2.384421247383387765e+02
8.705581568452612373e+01
1.010586788958351860e+02
9.241093347028413518e+01
1.136812931638128816e+02
1.370134833613707599e+02
1.494269138900213250e+02
1.295725329508664743e+02
2.375298260867819238e+02
2.002058560883842802e+02
1.022815482901268638e+02
9.311894956164850612e+01
1.097258850216818615e+02
1.039050057003548488e+02
1.228176133586710392e+02
1.381565493133544464e+02
1.243566872670497929e+02
2.329303613584557411e+02
1.988345903614972201e+02
8.829443417132125660e+01
9.381173263401282725e+01
6.909613315854080895e+01
8.951412621854888130e+01
1.108159534526913461e+02
1.080100327856727915e+02
2.132857288057400069e+02
1.890310575375079907e+02
8.644314532251605954e+01
1.030158575737568611e+02
7.700028876006149403e+01
9.781095294890766922e+01
1.003987234443819290e+02
2.032348210846502923e+02
1.838872384136428195e+02
8.624772619222171954e+01
1.043198744178291264e+02
9.486472138396896980e+01
1.869648750210836283e+02
1.737945794944936040e+02
8.486970286229062310e+01
1.052856825627538200e+02
9.581721062335320482e+01
3.326749229664237362e+01
8.214999752926949839e+01
1.600079764037902237e+02
8.263929329706333249e+01
1.064870088743461451e+02
9.713904740050207920e+01
3.371016150861763094e+01
8.223514577905248757e+01
1.689087596420584987e+02
1.332373017702864502e+02
7.605611202099260026e+01
1.054119456836283604e+02
9.793842369500389111e+01
1.363535428192136862e+02
6.011220563883937018e+01
9.701366624428045782e+01
9.618341687999422618e+01
3.455051652728763401e+01
8.448112706800121430e+01
5.642446225826666506e+01
9.898605627470097090e+01
9.936335520021738432e+01
1.035592510027120738e+02
1.017240867872131389e+02
7.712875638780273846e+01
4.452225702734737212e+01
