4.949490677067654332e+01
5.644940604520921568e+01
8.930080910068134870e+01
1.116403844909599030e+02
7.554093961801450519e+01
7.755143623451425583e+01
1.356358755133348666e+02
1.318140026159989304e+02
4.924849727593061033e+01
7.702325935920707423e+01
8.975333640066376972e+01
6.087906130551115780e+01
6.376003786027328601e+01
1.210402267895055388e+02
1.003040244346370571e+02
1.161433074303083970e+02
6.071005388098391364e+01
1.067567443627679751e+02
1.060274921058058055e+02
1.158952273457144031e+02
8.224768836395797678e+01
8.318747489746186830e+01
5.544712370205420626e+01
5.896842827794680630e+01
1.111929003393115067e+02
9.051974274273399601e+01
1.032405237211081612e+02
1.139027510619791457e+02
8.051403156861894672e+01
9.380425827783740544e+01
1.057318437351497522e+02
1.262819251498283251e+02
9.132847163387417311e+01
7.764245592983252209e+01
9.457757974556827207e+01
1.124283317460717342e+02
5.013349896907921277e+01
3.607773334496728523e+01
4.122329097989136670e+01
7.997687944206830934e+01
6.651877993450423787e+01
7.140997065875562555e+01
8.515105727537900293e+01
9.285482130333426198e+01
8.373127453407643372e+01
1.002996620928377070e+02
1.097770503297637816e+02
7.430891848634369978e+01
8.940505154095770024e+01
1.041389610350220352e+02
1.288729164866105634e+02
3.993662131348615674e+01
4.870166432194722006e+01
9.472091409276264073e+01
7.875000063250483606e+01
8.701164625068996372e+01
1.110684318756143938e+02
1.018268665771494881e+02
1.241999774088434094e+02
1.122057337784555813e+02
1.406379254903798426e+02
1.304374681022633524e+02
1.311886965949166211e+02
1.175490167288592573e+02
1.409278213390570045e+02
1.131108089925917568e+02
1.351308807885976364e+02
1.493656680255319600e+02
9.092379877005205913e+01
1.557058211359070015e+02
1.167261240903008002e+02
1.280110282712653600e+02
1.611117421264360132e+02
1.418406372057985720e+02
1.812995968634096187e+02
1.733845287816918699e+02
1.066399163918059969e+02
1.303755998227455279e+02
1.701952380147831434e+02
1.017879869087303462e+02
1.318541727949796325e+02
1.279710800997088427e+02
1.147962672501855792e+02
1.061916383234880072e+02
1.339944275822496138e+02
9.511702918698935605e+01
6.318106836864935616e+01
7.030707441372489086e+01
8.834644333766780733e+01
7.796063288644369038e+01
8.481289088887893968e+01
1.051288574208259377e+02
1.391215420083595120e+02
8.458491180246251417e+01
1.252803053179105035e+02
1.330249784609308108e+02
8.889933906190823620e+01
8.746751858340752506e+01
1.112947232549856409e+02
1.512706572904147606e+02
6.354346220404612922e+01
8.428341681497204263e+01
8.473796480015174382e+01
3.790436300794834068e+01
4.671479016628832426e+01
6.094809610307830638e+01
5.530304507593138652e+01
6.199624496013394293e+01
9.254919899917601356e+01
6.277543524247540319e+01
1.201614504502525449e+02
1.007660361657982122e+02
2.014018654511907869e+02
8.793393205770563270e+01
1.319474793176252376e+02
1.248780083754103600e+02
8.451003437474105340e+01
8.411326558557649946e+01
1.072843641021660233e+02
1.454312089070629952e+02
7.115031590903458891e+01
9.290516469352893125e+01
8.450897067396461182e+01
9.672443790382166640e+01
1.452381643675414580e+02
9.363536661916472781e+01
1.424264390426057787e+02
1.620843910665087719e+02
9.559161868267484863e+01
1.935336967361283200e+02
7.604175025459043979e+01
1.150051390882977245e+02
1.240008074949890045e+02
8.625743791185041687e+01
7.987379916240135458e+01
6.808160641003128433e+01
7.674315424704167299e+01
1.118726501348931066e+02
7.223527648905486842e+01
8.520705440510278095e+01
1.719925673711825596e+02
2.219492941569089055e+02
1.432419433358826950e+02
8.553639550282896664e+01
1.743573560047452702e+02
6.666534964629757098e+01
1.011506617897787947e+02
6.250573644857123412e+01
6.968532255398059760e+01
9.798176746751725830e+01
6.348466102347896367e+01
7.537770766733116545e+01
1.289136988224673530e+02
1.397545353165754420e+02
2.107376224440660621e+02
1.435814750357030221e+02
8.404068929163136659e+01
1.671504810028107499e+02
8.542085777143850578e+01
1.153767589201941917e+02
7.469729388093173839e+01
8.898608807078029770e+01
1.520841879175558233e+02
2.168695589741991228e+02
1.980810344520259036e+02
1.422526621498096517e+02
1.029913514796146075e+02
6.697597953319963437e+01
8.021537090433267281e+01
1.366373802650958567e+02
1.913514059138124992e+02
7.522979187569157489e+01
1.741784465016808383e+02
4.972201792856926517e+01
6.499257934541056159e+01
1.156373770592232546e+02
1.643720258366786311e+02
6.610497654330852413e+01
7.473613687080998602e+01
1.380975232849746988e+02
1.979968390754358154e+02
8.181053621366376660e+01
7.027547873527656463e+01
9.692655522504196597e+01
4.105542955609379874e+01
7.754056068277874658e+01
3.545621047758481126e+01
4.273006902168020815e+01
5.683883944624346185e+01
6.690769663459249728e+01
5.230712071302789212e+01
6.873049853538029197e+01
7.541598640458134639e+01
9.008095033618303660e+01
1.200599558992270204e+02
6.736682388913672526e+01
9.876768199056498077e+01
6.263196952866578471e+01
1.213864295897548828e+02
1.627682806438566843e+02
6.524904623970174100e+01
9.624175548651074052e+01
1.089502164130306738e+02
9.850523678249366810e+01
8.712225778138603971e+01
6.817433559158459389e+01
1.022882729070506542e+02
8.284628051465500675e+01
1.133190388036818064e+02
7.127890617583186383e+01
1.405846210948134853e+02
1.084319533601792926e+02
1.067049163519338180e+02
1.410275755952484644e+02
9.203113621448821391e+01
9.077298955091251287e+01
1.280743240249649659e+02
1.390097777835511295e+02
1.190257518866758488e+02
1.148763075582873938e+02
9.769293563288717053e+01
8.429635952723180026e+01
1.267706958309516665e+02
1.526756272793429901e+02
1.192308305988812265e+02
1.140918258837602792e+02
9.899615864123977360e+01
7.485222886866299064e+01
1.479785246428023697e+02
1.609641953252132112e+02
2.081313812699824268e+02
1.427870362731065654e+02
1.313302660508282997e+02
1.218485675241402078e+02
1.380634028113513807e+02
9.501106777909220114e+01
1.050047304682145182e+02
1.615809178249318165e+02
1.757193718571065233e+02
1.662955684558845917e+02
1.404011900633343828e+02
1.471210733321670432e+02
1.233640153595583371e+02
1.236942274680465772e+02
1.210079680648496634e+02
6.642321952911758842e+01
1.672597945015331504e+02
1.640439803457035453e+02
1.533152264700334797e+02
1.445655703597663546e+02
1.559883241538757943e+02
1.336901127929430686e+02
1.215803519270455553e+02
1.101458412001739191e+02
7.377680605680691883e+01
1.672160737231123449e+02
1.864094206189195688e+02
1.692921993509098115e+02
1.410504513316176372e+02
1.480119300728703706e+02
1.656063972797096255e+02
1.404259522337065960e+02
1.274259654846237737e+02
1.078198192334705254e+02
1.475922132476495392e+02
7.183399586305935713e+01
7.883692270395408741e+01
1.769548072998469763e+02
1.748152966804789799e+02
1.810791775113341373e+02
1.564663910575980879e+02
1.531982373140935465e+02
1.487285585565583972e+02
1.269738089883698535e+02
1.515773633374917040e+02
1.081217010261775613e+02
8.900742471298826786e+01
9.939790840486661239e+01
1.285543748747230666e+02
5.683883944624346185e+01
6.064106062794431296e+01
7.561608528575941079e+01
5.829174502193067298e+01
6.898419720361164309e+01
5.346150280342657624e+01
5.638034830316995283e+01
6.424012114337362789e+01
5.790057648479005081e+01
5.799842063254799029e+01
5.623975124485011179e+01
6.559370826198345128e+01
6.883185154316559817e+01
8.563820503404775764e+01
1.154447333778152966e+02
6.614445485248553780e+01
7.574519167002242170e+01
1.087782390877557361e+02
5.610317066801868435e+01
1.564000816799308211e+02
9.053861126931209924e+01
5.535684249182999395e+01
6.389743247952890925e+01
7.513950216715142005e+01
1.134697899232307350e+02
1.568912291291355530e+02
8.252875645150295725e+01
4.788527289746308924e+01
6.304050407962532887e+01
7.590423126396922271e+01
1.204097350329666796e+02
1.729901496290903822e+02
9.760728264302180435e+01
6.586427803437369732e+01
8.696535144333164169e+01
5.501938621814203145e+01
6.235410215639625164e+01
7.616815436110216808e+01
1.247125526894470653e+02
1.842273684155583169e+02
1.099543886973371372e+02
8.165711394031163195e+01
1.160743073939636076e+02
5.476320558752120604e+01
5.448421777170386804e+01
6.151665503276749547e+01
7.561996869092486406e+01
1.259080934944026779e+02
1.880739032383399660e+02
1.162512142599107392e+02
9.184559317031776970e+01
1.359830207694732565e+02
5.432457819728088566e+01
6.106991165033564783e+01
7.552655935684653343e+01
1.275882125000874510e+02
1.934433767157385375e+02
1.238937568903089215e+02
1.037305711481190826e+02
1.628819404195990330e+02
1.146868761902742193e+02
9.208981497456585430e+01
9.762618272769122996e+01
5.419249938149584267e+01
6.069225748987652480e+01
7.535634830628123382e+01
1.285670426826763446e+02
1.968868821959066793e+02
1.294676022574809906e+02
1.132494376558463784e+02
1.862089163263486853e+02
1.354206848218291839e+02
1.123324845426085972e+02
1.210003139592750045e+02
1.013233060128569178e+02
7.460164850296828831e+01
1.276584820654008325e+02
1.952865146091816371e+02
1.299931091168623993e+02
1.166925882728352235e+02
1.965364607571387694e+02
1.442427236639550188e+02
1.204412616764098516e+02
1.261679319052314696e+02
9.811416283230938973e+01
7.461819719135647233e+01
1.285108425142902888e+02
1.980585344289732745e+02
1.341669316296465411e+02
1.239246143446123938e+02
2.157924776989490567e+02
1.638374015164213517e+02
1.427942870893666338e+02
1.560213589656010527e+02
1.270835493819959368e+02
1.001207411384300201e+02
1.028776131205030282e+02
7.453677267751237423e+01
1.289314572392927971e+02
1.996152715268553948e+02
1.369420098182971230e+02
1.292376652226042495e+02
2.308333052292970251e+02
1.799610969250844050e+02
1.622646558461214283e+02
1.833064007630478045e+02
1.548220393746809407e+02
1.331413292513446152e+02
1.575059093305729050e+02
7.595364220286148793e+01
5.376604386498357258e+01
7.403010985439222225e+01
1.281059142610314439e+02
1.978796695294047652e+02
1.363795632551032213e+02
1.302482609887032652e+02
2.355692412106876645e+02
1.854741023571235985e+02
1.696162169260646522e+02
1.927604019480870932e+02
1.624407858818605916e+02
1.436745372520256296e+02
1.759078090819998579e+02
8.703418345137522749e+01
7.322009885566831144e+01
1.263882502397091798e+02
1.938018820054652451e+02
1.333957580428639744e+02
1.280078111741744920e+02
2.321968908937732863e+02
1.823763373819984963e+02
1.871280505390907649e+02
1.533485460933465845e+02
1.347960282721295471e+02
1.624342689826069375e+02
7.758828082488436451e+01
6.314773912783081045e+01
7.321372918535107033e+01
1.266869283958597237e+02
1.947689572715456734e+02
1.349673167120827202e+02
1.309950930143484698e+02
2.409597088555188122e+02
1.923107001710920372e+02
2.058598129626246305e+02
1.724741617380694549e+02
1.570785000012518537e+02
1.976927059052449351e+02
1.001275541949574546e+02
8.975560941445790775e+01
1.113517643063573388e+02
1.569407751528309518e+02
5.265086383470038811e+01
1.124270495004129486e+02
1.694807178055498866e+02
1.204144925449255226e+02
1.204847932115763598e+02
2.262807479861879187e+02
1.835427210930032231e+02
1.743439428922747823e+02
1.704083082098584043e+02
1.562857136912701321e+02
1.974704111835586957e+02
1.002411998398719675e+02
8.993799407558563530e+01
1.115591272571454198e+02
1.570249028549469017e+02
1.392761165914559172e+02
1.025453784508096220e+02
1.069139973689055978e+02
2.063536273612957359e+02
1.711136859281798195e+02
1.663231084929530539e+02
1.958340929548612905e+02
1.668916645533926726e+02
1.546255725511804258e+02
1.965869871316448041e+02
1.001744137613424925e+02
9.004480511879582139e+01
1.117316299407581113e+02
1.570949624003856684e+02
8.485299982495651250e+01
9.275682275752406269e+01
1.842367973070505229e+02
1.565568262245938911e+02
1.564704677888767606e+02
1.878534259821169599e+02
1.622542478567262094e+02
1.523157384663831238e+02
1.952446116492398573e+02
1.000066576896336557e+02
9.012831943838568804e+01
1.119100947790374647e+02
7.359747440836214594e+01
1.540794840385439954e+02
1.363813123582388869e+02
1.419980200023661610e+02
1.755869457317562023e+02
1.549552942933098620e+02
7.113975480657074968e+01
1.483228572356029531e+02
1.925763073543051860e+02
9.946593792929530764e+01
9.005069894686120335e+01
1.120104258800413817e+02
1.572100825526819108e+02
1.322924093117168809e+02
1.201392067077219821e+02
1.302372751186941855e+02
1.654171767413851910e+02
1.487285585565583972e+02
1.452097002758772817e+02
1.908719483061752840e+02
9.935934642938411798e+01
9.028345988392217691e+01
1.123647581591824860e+02
1.573550053408044676e+02
1.189068765024045433e+02
1.296306963600776214e+02
1.645505454797931577e+02
1.477463561135944587e+02
1.458988407000558709e+02
1.927323520353885442e+02
1.006092753048982189e+02
9.136324558016720232e+01
1.133452961497259679e+02
1.577441388874309780e+02
1.117472498587366800e+02
9.246072055427347891e+01
1.086738235431535884e+02
1.446865972403461456e+02
1.347862951899491577e+02
1.382735621642914623e+02
1.874421141087105696e+02
9.960437283355794591e+01
1.136495974523402168e+02
5.678992021982050886e+01
7.961594835544465809e+01
1.159518247131877757e+02
1.152827655966983826e+02
1.255839074549800785e+02
1.775702337538410234e+02
9.721726410029781107e+01
9.066083577907951963e+01
1.136743230030074443e+02
1.579039515595053160e+02
1.051364309274056268e+02
1.190722884534899890e+02
1.729582923915623098e+02
9.692892525511109625e+01
9.143367671760087489e+01
1.148213983470229635e+02
1.583666323443378587e+02
8.879825211517331240e+01
8.838217858472668809e+01
1.058857728416111996e+02
1.607461056786812037e+02
9.410985373195751436e+01
9.108822132858021803e+01
1.154745344725851766e+02
1.586495688290358714e+02
7.175191530268384099e+01
9.002893548467260132e+01
1.427894923803472977e+02
8.900742471298826786e+01
8.980774282373562301e+01
1.158944168710821856e+02
1.588611354327099434e+02
8.709800568843242274e+01
1.313493995244127746e+02
8.542394344301725084e+01
8.970513521039195837e+01
1.176157176110441043e+02
1.595247827089481234e+02
1.136329056842410381e+02
7.831846693177972440e+01
8.780494576254228889e+01
1.190786358839557408e+02
1.600965869751553612e+02
6.099078024852654067e+01
8.018993421233575702e+01
1.186208471674384128e+02
1.602273949770021773e+02
7.707525728553891042e+01
1.235014234207582291e+02
1.624042407007371196e+02
9.687723051037822586e+01
1.541520531214267180e+02
1.285543748747230666e+02
