9.314305771148214319e+01
1.118083753748071416e+02
8.678182501693723339e+01
1.728867900911058371e+02
1.409777763442848197e+02
9.806278480396439079e+01
1.694535542530706209e+02
1.820126836339031229e+02
8.964047642775412328e+01
7.204682476771671418e+01
1.380982732523216896e+02
1.082121161307192097e+02
7.658990427087363173e+01
1.354928782386972443e+02
1.356032305779638421e+02
1.731237270588603110e+02
6.551976505143065310e+01
1.139486460962225749e+02
1.240554542344153219e+02
1.949038346095005068e+02
6.409024046526127449e+01
1.125150820019135836e+02
8.219862100503858926e+01
5.919756365595221581e+01
1.044558345551901795e+02
9.823671865634557321e+01
1.140666843520518370e+02
1.566837173716725715e+02
1.045754816054367780e+02
1.226758179086266267e+02
1.704040299677591861e+02
1.446265056079751616e+02
1.044514917247233257e+02
1.042681369781877123e+02
1.356482321401498439e+02
1.614424558542338843e+02
1.118785984476068052e+02
7.759813268445454071e+01
5.853832720258917277e+01
1.044488944358773210e+02
9.878602310933985109e+01
1.136923718706800628e+02
1.121722294004838432e+02
1.832576977174463764e+02
9.057419931845716121e+01
9.092581704904802109e+01
1.509255652637847902e+02
7.261396484531442752e+01
8.732464829676260365e+01
1.251507324122950280e+02
1.102158494670331947e+02
4.069069839620411244e+01
3.336825214544860785e+01
6.045224161277573671e+01
5.766988614797930524e+01
6.704357162097110745e+01
7.184399670348834377e+01
9.224911079878005182e+01
9.912416810375576404e+01
9.721072068710932967e+01
2.024296820571120179e+02
1.452290840813894874e+02
1.083291827128215346e+02
1.392880933032641053e+02
1.498987191217214558e+02
9.723125296213800084e+01
9.996272990133347491e+01
1.678847275372016554e+02
5.187303716046102409e+01
9.831349149170338819e+01
9.615715817954479405e+01
1.144687836203231939e+02
1.264371127569733346e+02
1.111470801955843655e+02
2.342347543176958027e+02
1.711205026460954741e+02
2.170383204621991240e+02
1.515878365982824789e+02
1.585778207574085172e+02
9.941868410781867738e+01
2.051407154349909661e+02
1.466894237404401622e+02
1.243393542347462386e+02
1.602061874675968056e+02
1.749938857975803330e+02
1.186447730369883971e+02
9.982542009022978391e+01
1.123145952570481967e+02
1.231418581979320948e+02
1.077502586934301974e+02
2.356541523427540028e+02
1.640335995875981041e+02
1.761788425397188291e+02
8.999893173639719635e+01
1.632441103684425627e+02
1.595808755799075414e+02
1.144450869791761249e+02
1.846981666055021662e+02
1.319717844622475411e+02
1.455945996075139135e+02
7.561992975634231584e+01
1.600537135138892495e+02
1.177686273318462753e+02
4.724696156221761356e+01
5.471549564261413678e+01
6.314172210134224628e+01
5.726379874667062353e+01
1.271175913891786706e+02
1.088788019448920892e+02
7.877514114130919154e+01
9.143037633392795271e+01
1.566440349556937406e+02
1.376563159046475846e+02
8.775751095388223177e+01
1.619687113986264535e+02
1.552744130422494209e+02
1.129185375884436127e+02
1.700229107299003317e+02
1.182357240774952629e+02
1.330821849608028060e+02
7.373545020340289113e+01
9.175149938928676363e+01
8.673212554570167754e+01
1.945054616181238600e+02
1.646488063208876440e+02
9.225060354052601497e+01
1.742936818563886447e+02
1.708623187096073366e+02
1.534091259577354549e+02
1.397907018953038971e+02
7.914767331961226660e+01
1.496421576776452298e+02
1.480712877743847002e+02
1.104809553362030101e+02
7.973442955390622444e+01
7.721329826602770652e+01
1.703789328516533885e+02
1.386047463654824696e+02
7.897238657287245189e+01
1.427106347249089708e+02
1.344891438431140216e+02
9.207216824737696470e+01
1.681597036772315903e+02
1.469492932169760593e+02
1.402049490024504337e+02
7.806556218314094053e+01
1.518054374018990131e+02
8.370907567766407453e+01
1.761611016195532216e+02
1.335365247791515344e+02
7.754776347363818445e+01
1.420640224663332845e+02
1.677303098524122333e+02
1.093347454059319119e+02
8.631034665249954685e+01
1.503987855405565028e+02
1.213876397320427287e+02
1.228149397937630170e+02
1.453973349101263750e+02
9.792301132127678898e+01
5.856886140112128203e+01
1.095819494132719996e+02
1.335023529585895687e+02
7.907702489596022133e+01
6.957446069708407776e+01
1.024279721621361148e+02
5.600542396383199417e+01
3.511490437505496942e+01
6.689079423618014175e+01
8.466565186169266610e+01
5.282912790566488326e+01
7.364349519397150345e+01
7.904213796627533384e+01
5.705340335270156515e+01
1.066416287504358280e+02
1.405000854510516319e+02
9.399494163961401227e+01
1.326914801519257026e+02
1.065017414861848550e+02
1.291289970723492502e+02
9.083842182000900323e+01
1.231421286861336739e+02
5.462570039131188793e+01
4.221298074212443652e+01
5.511646838415695271e+01
5.565694656611357516e+01
7.149145276964095785e+01
7.436565304118856545e+01
9.328119353934101810e+01
8.501623319064991335e+01
1.012731686822725550e+02
5.727093651010002873e+01
8.803095815174046379e+01
9.734164565163857219e+01
1.057439098619409208e+02
8.973460832994618386e+01
1.292632853640026553e+02
5.364030581724065883e+01
1.356121623196072790e+02
1.729651484798730507e+02
9.223441729113922349e+01
1.008629080796849564e+02
1.370130207244309304e+02
1.536512334660332897e+02
8.913977123554562354e+01
7.874997785076047307e+01
1.271835169557077876e+02
9.200151316583399819e+01
1.143150658543103901e+02
9.339837302447672585e+01
1.719297103532331903e+02
1.488386779471342436e+02
1.310041901942109632e+02
1.599493189383053959e+02
1.326397677959422197e+02
1.084325579378718061e+02
1.488747160037270305e+02
1.405664309115954040e+02
1.306443075975002728e+02
1.275905738768721278e+02
1.038948032529706751e+02
7.068323665818188317e+01
1.385412339240559731e+02
1.574091891470363578e+02
1.216179872525872838e+02
1.348188236506974818e+02
8.576374684210857424e+01
1.205555960353618872e+02
1.715260290386137569e+02
1.640011382375207063e+02
1.985436379270596206e+02
1.553415585411034101e+02
1.607814941347211288e+02
1.210479531301236591e+02
1.350904484488621620e+02
1.190680295148499965e+02
9.761182299566132770e+01
1.641673371386291649e+02
1.868792420593588304e+02
1.779979614999934938e+02
1.327748538226819051e+02
1.518397023634067580e+02
1.318978804112380203e+02
9.634640120582531608e+01
1.588205333601094082e+02
5.577612000318199392e+01
1.596184280031969251e+02
1.723542756116555097e+02
1.851238898671788604e+02
1.507458108124750140e+02
1.277605871550575785e+02
1.438877085453283655e+02
1.910278224490583909e+02
9.656358695970841666e+01
8.575627926863565165e+01
1.748898166023235774e+02
2.038699594864872893e+02
2.064126413377814231e+02
1.764844126774029576e+02
1.619564729831784575e+02
1.751065442915860331e+02
1.691678617870920505e+02
1.736631750388172009e+02
1.473247065215234386e+02
1.703215712293880983e+02
7.575873934232116369e+01
7.593207504889960546e+01
2.050327362433421854e+02
1.883302570872277784e+02
2.090330627218727386e+02
1.828206317319185814e+02
1.829335426345246844e+02
1.298469576713811193e+02
1.485678039558893886e+02
2.111383695315455213e+02
1.217896999075254740e+02
8.321303454577933678e+01
9.588001990136315555e+01
3.748197741020399576e+01
9.328119353934101810e+01
9.511679925062222196e+01
8.094368875795238694e+01
9.843847493818105931e+01
9.774230827771945940e+01
1.064366755544511136e+02
9.280911440673247625e+01
9.919056659439324619e+01
4.913115730300334860e+01
9.601711894169078221e+01
9.563386422146642474e+01
9.444431905726477794e+01
1.100187617204685750e+02
6.214854876525243554e+01
8.092283941256850710e+01
9.737853466990371487e+01
1.229081952057237714e+02
8.017257831853092398e+01
1.290193936485407278e+02
9.598151466213730032e+01
1.218358973724021439e+02
9.702489444186178957e+01
1.255429615838466901e+02
8.676045376001056297e+01
1.510024046869134509e+02
1.274310354846507778e+02
5.661091969496634135e+01
9.552486541517875196e+01
9.698581415704177289e+01
1.279174868843834076e+02
9.257662552527550304e+01
1.729803452263370502e+02
1.489568181031365270e+02
7.348284060836688525e+01
9.119539258250570413e+01
9.527297397023214387e+01
9.499255170017003991e+01
9.664883187599966163e+01
1.287533421465591346e+02
9.586723885139630852e+01
1.875997694132433367e+02
1.655384720041556079e+02
8.896979982104537044e+01
1.234543057175067275e+02
1.291263700705939925e+02
9.797311360404029301e+01
1.977783129056474536e+02
1.778966054669076868e+02
1.016787525885669510e+02
1.506939595609257765e+02
1.204654096880298653e+02
1.101593829303926526e+02
9.631944371520980042e+01
1.299377276722499630e+02
1.002154290079409549e+02
2.078391479929747732e+02
1.918974067762279390e+02
1.161232623674781621e+02
1.841169944832976171e+02
1.586978045678408193e+02
1.602182443833970069e+02
1.320171244565523807e+02
9.426199984522024522e+01
9.531426252814304689e+01
1.279488671225047796e+02
9.860527712143311874e+01
2.046083312172426361e+02
1.856535895539223873e+02
1.136129624080818274e+02
1.804499012073097219e+02
1.458088303885624555e+02
1.063870221913696099e+02
9.469652839529072708e+01
1.268343702727366633e+02
9.789123451365868789e+01
2.038312433938795323e+02
1.839021415716299828e+02
1.144004137038057252e+02
1.844331864678389081e+02
1.574477812506028442e+02
1.527439435995494534e+02
1.141645392507700905e+02
6.378002445065797588e+01
1.271414118267528579e+02
9.878728723795529731e+01
2.079556954356444294e+02
1.898285194571288059e+02
1.212033679192280431e+02
2.016841613812637490e+02
1.788030110881421137e+02
1.822575120886246793e+02
1.464112862404115560e+02
9.045567820904989276e+01
1.397335011212594793e+02
1.172662417407676685e+02
9.380499147408306726e+01
9.437077106114993796e+01
1.266405547334467627e+02
9.856192721483776609e+01
2.081261230634845560e+02
1.898059900925247234e+02
1.226897686358574902e+02
2.069170445866226373e+02
1.938665228753646943e+02
1.614025088230061158e+02
1.044041163130452787e+02
1.708404951315608855e+02
9.367636475712248512e+01
9.408270324336371004e+01
1.261263176492805371e+02
9.822913866607520106e+01
2.077049034291989358e+02
1.888586125727313743e+02
1.230292674604074392e+02
2.090673148710300211e+02
1.895785557091110434e+02
1.996275023819788714e+02
1.698495179806734825e+02
1.126720587307280255e+02
1.890916271893747762e+02
1.467166426394126404e+02
5.739180672942143957e+01
6.518348426941122398e+01
9.366226738624972370e+01
9.410049546873192128e+01
1.263417688496531355e+02
9.873920542701225145e+01
2.099136870713818723e+02
1.919531042974886077e+02
1.266415930715791092e+02
2.185570424749016070e+02
2.175952075762414211e+02
1.910511786410008028e+02
1.314912353098802953e+02
2.298750598864535277e+02
1.807917175067419180e+02
7.188295002218076490e+01
9.362737469850276284e+01
9.405136610369628158e+01
1.263581862205311666e+02
9.895746309087354575e+01
2.110599985215628465e+02
1.934799121603550702e+02
1.287463321611073184e+02
2.244517639299582186e+02
2.297479892165478645e+02
2.063004559856611877e+02
1.456575979747519796e+02
2.614089943449572502e+02
2.060118769611989933e+02
8.223183752668651891e+01
9.575022850633276050e+01
9.345159846368325418e+01
1.192280422335832526e+02
9.431217368021050618e+01
1.994458684025555328e+02
1.806196003228754137e+02
1.227115715877142179e+02
2.164934196803905877e+02
2.042838199076426804e+02
2.053581552189102410e+02
1.462896497214931628e+02
2.638975073830595761e+02
2.078808470977791956e+02
8.306655875722783833e+01
9.670584765809780947e+01
6.650375801881320115e+01
9.962978082307088812e+01
8.343771623657643488e+01
1.762065109039633910e+02
1.588848198071403033e+02
1.116782074973461363e+02
2.011562805347124367e+02
1.930562359366217322e+02
2.170961679624279554e+02
1.451576011087537381e+02
2.642129901700639039e+02
2.086532754447950992e+02
8.363962852051081143e+01
9.749040377234871357e+01
6.695960060476265596e+01
7.066508495714538185e+01
1.452233130760331790e+02
1.300771328778560871e+02
9.618490409000659724e+01
1.786832555523039332e+02
1.759309270913220473e+02
2.027601902525671278e+02
1.925335668209108064e+02
2.617951690733546570e+02
2.080332216741402647e+02
8.387897401752960036e+01
9.805837822381062097e+01
6.734234976227885738e+01
1.232131971713938583e+02
1.046410342304071293e+02
8.218722506240429482e+01
1.572070829592132100e+02
1.586422502936577530e+02
1.876030497045802008e+02
1.834278637232510789e+02
1.383350154690788258e+02
2.075578298732997666e+02
8.427129191108470252e+01
9.885156204489133813e+01
6.785870032620347558e+01
6.244874182867862800e+01
5.866025856479038225e+01
1.216873837948220398e+02
1.301821260125997810e+02
1.618135735713848078e+02
1.658377002766997066e+02
1.298469576713811193e+02
2.502997274669634464e+02
8.374797032134975439e+01
9.899054057912519511e+01
6.812828935275857134e+01
5.420293192106200308e+01
1.104972050950098463e+02
1.178986462160442272e+02
1.489111942182144048e+02
1.579054996091166743e+02
1.271797023905582762e+02
2.499168824467888328e+02
2.043431916783750921e+02
1.007040548555858948e+02
6.916305491581940146e+01
1.712971581892821860e+01
1.158532117232740148e+02
1.093173109317262544e+02
1.359775008754021712e+02
1.488417432561116698e+02
1.235707097517890531e+02
2.481361843745877422e+02
2.041850798566130152e+02
8.592681843747894277e+01
1.026207541534841710e+02
7.037481004362217618e+01
1.734196018944518869e+01
6.872205457935153561e+01
9.785221736298700534e+01
1.194313847396199577e+02
1.073004995685101477e+02
2.280018674175120736e+02
1.942678561446294339e+02
8.440581918400984307e+01
1.027089208477316333e+02
7.091892247366928359e+01
1.747734870393666640e+01
8.211977838147051045e+01
1.066405796958084409e+02
1.005172267396838492e+02
2.204431368161088756e+02
1.900421421338364496e+02
8.503841818840429312e+01
1.051525255378417256e+02
7.271604252350203978e+01
1.781092397845604935e+01
8.998168295587616683e+01
2.048487778399262425e+02
1.797583576534284475e+02
8.434583180412975878e+01
1.072376201111861036e+02
7.470035644355162674e+01
1.821026179404827872e+01
8.919550439359636584e+01
1.922832152689971963e+02
1.665330026486078054e+02
8.321303454577933678e+01
1.100772615078736436e+02
7.760718278226796940e+01
1.880675144332206017e+01
8.594686320216787578e+01
1.378995404955516904e+02
7.704132746388718544e+01
1.100155082880263393e+02
8.026720461445239607e+01
1.949650352650258966e+01
1.624365436353423036e+02
6.089463670399000250e+01
1.013809372644086295e+02
8.060710723461430405e+01
2.009566456070969309e+01
8.675366448558114030e+01
5.857097889753473652e+01
1.031396762030605032e+02
8.861004704621025496e+01
2.235081213886252272e+01
2.629917292695180109e+01
1.050599616743947990e+02
9.876043380496044222e+01
7.671470110489363492e+01
2.830615629311800774e+01
3.748197741020399576e+01
