7.343214500758462293e+01
9.818101922002659876e+01
7.681262324128276475e+01
8.592903171700594100e+01
9.199648899271585378e+01
5.793707950995168687e+01
7.850221877633890699e+01
6.970637176018074399e+01
7.731239461666909563e+01
5.941902265820432660e+01
6.598035949943667333e+01
6.863307115135675929e+01
4.338254450533841577e+01
5.510816548946997528e+01
6.302108767875517970e+01
5.174451476181048548e+01
3.961091634173730114e+01
5.570133964675119387e+01
4.991879726923064453e+01
4.970777888760356689e+01
4.874789365457040446e+01
5.579099818230048413e+01
5.769461899566431384e+01
3.745715851517807238e+01
4.948699949081208160e+01
5.932276003068898973e+01
4.448937536470653953e+01
5.629989861073244839e+01
6.423585360250828558e+01
4.816713275177887965e+01
6.123792378237138934e+01
4.325458378225768996e+01
5.365479012812711090e+01
6.093710486170139262e+01
5.174939192196483617e+01
4.546534463543144255e+01
6.146285199565173940e+01
6.103387884272831343e+01
4.046501480724173661e+01
5.603341584601238168e+01
6.654765860645261455e+01
5.897215067343194761e+01
5.031269102202237775e+01
5.851976439302777777e+01
5.002731234118969184e+01
4.297068175806900570e+01
5.020207771325818413e+01
5.675144726581978460e+01
4.252629167624618134e+01
5.595794243924583355e+01
4.101795231023481847e+01
4.972795756676327983e+01
3.188710718545476297e+01
4.555979576436411094e+01
5.115740665592552716e+01
4.325467049759960503e+01
2.831166001061471249e+01
5.142950077281463450e+01
3.841348843591932649e+01
5.638981992606377247e+01
5.218877332285635617e+01
3.842735705053913620e+01
3.022625667857720444e+01
5.524751877307031833e+01
4.183031180233524537e+01
4.212615705591420578e+01
3.722579043320586578e+01
4.471373305262498121e+01
3.078445869504609433e+01
4.810455018009029970e+01
5.183918677417224075e+01
4.148182107973019583e+01
2.841564157240807376e+01
5.088560864917771198e+01
4.782797526413362732e+01
3.600172971879386097e+01
5.668065659043539739e+01
4.287955013248888037e+01
4.120287734868028195e+01
5.371917661825421675e+01
5.030698761911425976e+01
3.779220205502193863e+01
3.111278535841417181e+01
5.464633404590885135e+01
4.241861925047943060e+01
6.631570710871640983e+01
6.552955016982909342e+01
4.561024464434499492e+01
3.265299660635925250e+01
5.653176492351316540e+01
5.731510436126872321e+01
4.470350383612505141e+01
4.301014969435286162e+01
3.402237660282730758e+01
3.485956059481784308e+01
3.890710265031755455e+01
3.480865154827399266e+01
4.349524268498581847e+01
3.456840869413235140e+01
3.376206389501872707e+01
4.028137502329555986e+01
3.891373859552598446e+01
3.054055699058368134e+01
4.108171060487872239e+01
2.431314658275481477e+01
1.865718459998857881e+01
3.100349852608571766e+01
3.140342293630939352e+01
2.674024674812718771e+01
2.386538319407902264e+01
2.651502601032978745e+01
3.273665722234973430e+01
3.181416900230538403e+01
2.784371292954080701e+01
2.862533840146356923e+01
2.919136614014340836e+01
2.676651272752676647e+01
2.777298949318939592e+01
2.336955750227456718e+01
2.316354832613858505e+01
1.559182338907189624e+01
1.443332182344904879e+01
2.442360083644638991e+01
2.570001068132854627e+01
2.305237412733080049e+01
2.064519768629032725e+01
2.100139905873012225e+01
2.670953538096943802e+01
2.987471457992773338e+01
2.950194193560929534e+01
2.519432359505511698e+01
2.489613967489640345e+01
2.882787915113133081e+01
2.618593729227644928e+01
2.529610780788126689e+01
3.564541382618769916e+01
3.503793229299520107e+01
3.212552066083281943e+01
2.888931391881867228e+01
2.998341951127848759e+01
3.015686753445640633e+01
3.390476975452094877e+01
2.341239672319020215e+01
2.541193978448528767e+01
2.589807721783282801e+01
2.537509533437606279e+01
2.500646086323231998e+01
2.537630745527889431e+01
2.529925190109228694e+01
2.505029057658434866e+01
2.336850554995601925e+01
2.384349228167070933e+01
2.123698605092778990e+01
3.218101243464118255e+01
2.394178354082998794e+01
1.585581881538344895e+01
1.428081085086155610e+01
1.563649241427811099e+01
6.927184327914745587e+00
8.336842534792751280e+00
8.505735409124831392e+00
8.820342913655935035e+00
8.270622799692352700e+00
1.215526836736118987e+01
2.292535430106953243e+01
1.445872694559056448e+01
2.071810001053604466e+01
2.073449065530909863e+01
1.876938448792771297e+01
1.799202490247265374e+01
2.666547019011436248e+01
2.989573349836003047e+01
2.546606180263377794e+01
2.117063129078332651e+01
1.598507696730857575e+01
1.616029185004590474e+01
2.478125766771767857e+01
2.696436874160014341e+01
7.491620024446970838e+00
8.689645382703989895e+00
1.442872315067327449e+01
1.560861212149912269e+01
5.311186913760264972e+00
1.007972326799588991e+01
1.066709743451740522e+01
1.932837079780099288e+01
1.745977274493948528e+01
9.139503977500458731e+00
7.878746635762868777e+01
6.844688279247658613e+01
7.803654686747219671e+01
5.401958150057890151e+01
8.587179087701392177e+01
5.250756748665026663e+01
7.129724682467750085e+01
6.173296428909527123e+01
7.143940618466743331e+01
3.575381586681947255e+01
8.950541319716957389e+01
9.186820953269160839e+01
5.346614314681540492e+01
4.025468366936714659e+01
7.470848922811276793e+01
9.061367927406230649e+01
3.748481984819508739e+01
3.975189475865543898e+01
6.271508303095868797e+01
5.154190367462974365e+01
4.787704343937605955e+01
2.529001888229705131e+01
8.821113494292694668e+01
9.128370042512675298e+01
5.410553198747656722e+01
5.433461020640801564e+01
4.851969296792417907e+01
1.633491722156753312e+01
7.764660851315871071e+01
6.398706473281781371e+01
5.432905800969002996e+01
6.302639622673268605e+01
2.783261226163744340e+01
2.644292522115323862e+01
6.398932478397240686e+01
7.114655739652219779e+01
4.552059232023031399e+01
5.142203135946193981e+01
2.601008134181638809e+01
1.917541293465086127e+01
9.239335681786394616e+01
8.427903599015418479e+01
8.197131985126623022e+01
5.905980671142754090e+01
7.251168299085829005e+01
4.234951818411609992e+01
2.799216351926630963e+01
3.410223990687585882e+01
1.565086748005099793e+01
7.161125858615763207e+01
8.549006148974380892e+01
9.720881391382697245e+01
5.824591165376925517e+01
4.961714497759785303e+01
3.897096144773403381e+01
4.936594441142225520e+01
2.806703940061023417e+01
1.497409047115859160e+01
7.287671853864890181e+01
7.295024265307756650e+01
8.239717514315121605e+01
5.444439123489276255e+01
4.908431208973908610e+01
4.073274442136536777e+01
4.672189833205376885e+01
1.985680983823262480e+01
1.724267151178692714e+01
8.819525679267655960e+01
9.042044135121447823e+01
1.091122204584325885e+02
7.303573367482120204e+01
6.759735307275708749e+01
4.246729233705941198e+01
4.997649008564449247e+01
6.471349697019809355e+01
3.551062002389380723e+01
3.511785075756286290e+01
2.451574388184695508e+01
1.158100116179485894e+01
8.768294877396895970e+01
8.901272447089378659e+01
7.472475443932111716e+01
6.360355394175488897e+01
6.480189009750485241e+01
7.965347582910182211e+01
4.967721508523684548e+01
5.310733368862613446e+01
3.526127602954797169e+01
2.933580575801330426e+01
2.574822286808201355e+01
2.441859027464873577e+01
7.878746635762868777e+01
7.952899884669636776e+01
6.595207405958242930e+01
8.242918169933861350e+01
8.314537205583826562e+01
7.556468760835186060e+01
9.229369042458696981e+01
9.440728351885711334e+01
5.500580088271488677e+01
8.343510019925568599e+01
9.762818197901236772e+01
1.111376306339820133e+02
6.310548828587653247e+01
4.450937358256108922e+01
8.390069393411589260e+01
1.026420510237580572e+02
1.288462016936603050e+02
8.267278169024361034e+01
6.742812891668735631e+01
6.897169944846788781e+01
8.464196644602635899e+01
1.052971142735504060e+02
1.392437776998213792e+02
9.506944234486520884e+01
8.126301190020899412e+01
7.360094811117706115e+01
3.883132552097983137e+01
8.498374535723981182e+01
1.067794912979823323e+02
1.456975341530498724e+02
1.038493937895949273e+02
9.305621276723415747e+01
7.989003463485187240e+01
3.477244756566858541e+01
2.068137823451955626e+01
8.513103383980860883e+01
1.079652800228669776e+02
1.507952496713932078e+02
1.116590488259855789e+02
1.059430900819508992e+02
9.539580032083277672e+01
4.340376927390487793e+01
3.005648357997687370e+01
8.527594760456065615e+01
3.233211324104428286e+01
1.091449087424224160e+02
1.554228546507057729e+02
1.189657709777946621e+02
1.188453927516726907e+02
1.136800121324675246e+02
5.558161225167556552e+01
4.347780085580315301e+01
8.547623537854072140e+01
2.859512842046461145e+01
1.097142366162973843e+02
1.579757690567248574e+02
1.231743490800202494e+02
1.267395229145545983e+02
1.250875420565947849e+02
6.357624385889467078e+01
5.343534309752569555e+01
8.553936023154153645e+01
3.468944611032256375e+01
9.299292961970220261e+00
8.559005357978760742e+01
1.101516966492293221e+02
1.599195765662546194e+02
1.264256202103709086e+02
1.330390773323542817e+02
1.347549670405530833e+02
7.091515487047441013e+01
6.321548552784518193e+01
4.317699911951151392e+01
1.384427512136146987e+01
2.394729202742192342e+01
8.565713296534224241e+01
1.105827328121396107e+02
1.616777817143159268e+02
1.293374495686087755e+02
1.387189560774131110e+02
1.439244968999275329e+02
7.826407076865984891e+01
7.333914843452716070e+01
5.341813067990428010e+01
1.890273107968355504e+01
3.014385322703164505e+01
2.333659264102809772e+01
8.572448571505344717e+01
1.109700984917650572e+02
1.631931982824055183e+02
1.318366620838285144e+02
1.436315410296991786e+02
1.521437247079406063e+02
8.514560573966147672e+01
8.320044142563224909e+01
6.521301760935243408e+01
2.493366429094663062e+01
3.890120509986508779e+01
2.753648785509669494e+01
1.126128621518535411e+01
8.577345384760351976e+01
1.112630898496151133e+02
1.643559899725238722e+02
1.337726521000195135e+02
1.474999574982677757e+02
1.587768419620663849e+02
9.092237841237300700e+01
9.188690779059709257e+01
7.716158994938358262e+01
3.149213656791848237e+01
5.081690969726658835e+01
3.839622816565896102e+01
1.856525911642687277e+01
9.196213526796865878e+00
8.582274374938786821e+01
1.115323312045457840e+02
1.653844096216958235e+02
1.354692652852761228e+02
1.508836333064286634e+02
1.646802930925546775e+02
9.617644103228907682e+01
9.996730325457225774e+01
8.948822360744887305e+01
3.852266571676711493e+01
6.456698763842604194e+01
5.177331494822954738e+01
2.792083400789066161e+01
1.675992680933829959e+01
2.330644655662203846e+01
8.585463959771190900e+01
1.117235913360840840e+02
1.661404499586428472e+02
1.367272154611378596e+02
1.534233044435878810e+02
1.691311317852811271e+02
1.002180974193880019e+02
1.064289299690408370e+02
9.972970401550325903e+01
4.468148890687543684e+01
7.648576745716128755e+01
6.335020661814156995e+01
3.614794643022152343e+01
2.313714013054306662e+01
3.109076653505841747e+01
1.517024082612219971e+01
8.587385384220299045e+01
1.118582392554244080e+02
1.666994415980851159e+02
1.376716767197445961e+02
1.553607454005398836e+02
1.725563478036534377e+02
1.034013284856159061e+02
1.116989656555408033e+02
1.086031786425171362e+02
5.029137909643942805e+01
8.789046480127005623e+01
7.515029916835972301e+01
4.512604975160461862e+01
3.082593008161130399e+01
4.417484274014906021e+01
3.058381052051167259e+01
8.639215499151083577e+01
1.331160279370362503e+02
1.144462484664487221e+02
1.342301974503263011e+02
1.528208393908505514e+02
9.445753660777677396e+01
1.055306120999168371e+02
1.270515582090290678e+02
5.002484981353054394e+01
8.776711781089466058e+01
7.541327376436179009e+01
4.547801385305083954e+01
3.105066619960125962e+01
4.425406201217029434e+01
2.703270271661840596e+01
3.060455669064946704e+01
9.620747226394746576e+01
8.757360379964258357e+01
1.083736896008222033e+02
1.275515517936548093e+02
8.223782812632313721e+01
9.598335131953118093e+01
1.180798224652063766e+02
1.006171785537675021e+02
8.645995044783238370e+01
7.497857614950169136e+01
4.555690361794429322e+01
3.116491309037654744e+01
4.425669220891600020e+01
2.705725125315950308e+01
3.061778482668321644e+01
6.191924115277272733e+01
8.278224654966936669e+01
1.013092459597027073e+02
6.901518517440499068e+01
8.517767513292250214e+01
1.074675001514822270e+02
9.408140936202974558e+01
4.720461576674856019e+01
7.426537314701710102e+01
4.557711565591719705e+01
3.127451391988124385e+01
4.424259907549240722e+01
2.708184802862601614e+01
3.063198183714443346e+01
8.459333099466829253e+01
6.869692600431505980e+01
8.179236770309587712e+01
5.839786701437477490e+01
7.674671167027754848e+01
9.829716854757570843e+01
8.810692070599282033e+01
4.598474858748382132e+01
8.320292185334373869e+01
7.397012443121946035e+01
4.589918743876204843e+01
3.155655723425592285e+01
4.430750487664747084e+01
2.714063484078943134e+01
3.066008909648345693e+01
6.067002657875661242e+01
4.561932112361259328e+01
6.530003012585304134e+01
8.501120820377963128e+01
7.851303899643355066e+01
4.319895463936516222e+01
7.965347582910182211e+01
7.233086124785447169e+01
4.569349309187684582e+01
3.163304088531083735e+01
4.423059182530501232e+01
2.716187306337350549e+01
3.067600071305891163e+01
3.584969153309521772e+01
5.706707663978492917e+01
7.303407493684827045e+01
6.842083828619068697e+01
4.022266123431957396e+01
7.555025529097611070e+01
7.037351139301927105e+01
4.548829215911389667e+01
3.176632791057840421e+01
4.414999351750638112e+01
2.719605687318367515e+01
3.069896653618112481e+01
6.313162474185018880e+01
6.947294813158528370e+01
6.036255384562919346e+01
3.824956620521794548e+01
7.201833170707577381e+01
6.874350822288030827e+01
4.565019565430839776e+01
3.215049990037450556e+01
4.415029570658533231e+01
2.727680124891205438e+01
3.074188038538683188e+01
5.089223800582030321e+01
4.344466250799057150e+01
3.152417802694045790e+01
6.195155430154849796e+01
6.252983191490888260e+01
4.368245799047684130e+01
3.162458266630515169e+01
4.359965532637312435e+01
2.720362027891794909e+01
3.073476637478900031e+01
2.529331222983359595e+01
2.362678005787554270e+01
4.957567697562547693e+01
5.421855719450923061e+01
4.073943260895394758e+01
3.073993449471472417e+01
4.276570345787192906e+01
2.707930057133215485e+01
3.071783208263543230e+01
2.470954410743245333e+01
4.327696697214113897e+01
4.824340283933472051e+01
3.901750064666907036e+01
3.052869978642357296e+01
4.205661537505916669e+01
2.705544921405967074e+01
3.074708524345528460e+01
3.176077880818856869e+01
3.819151654884038294e+01
3.502160840883308879e+01
2.933580575801330426e+01
4.057262940483256841e+01
2.687406385686447763e+01
3.074214707818404335e+01
1.828521904170202461e+01
2.388758299158199350e+01
2.412013046589095211e+01
3.660745728876371885e+01
2.599071005567543580e+01
3.053126104752914927e+01
2.190907124090067981e+01
2.281596283374736700e+01
3.303619931568214696e+01
2.537666991330877408e+01
3.046237673811420521e+01
2.181810066110955759e+01
2.734424662519358407e+01
2.414731759931935073e+01
3.029043108813296925e+01
1.601668603087143694e+01
2.028036876934908861e+01
2.938322617072887866e+01
1.280146579997048839e+01
2.696514536645246096e+01
2.441859027464873577e+01
