9.653238494041085005e+01
1.146649536966119740e+02
1.461235564689548880e+02
1.566278344182242677e+02
1.957358271438685051e+02
2.125702827678250060e+02
2.302303786366612712e+02
2.833384964547797722e+02
9.763069867326748863e+01
1.230012642882970795e+02
1.349145988480443634e+02
1.703154159141532205e+02
1.867596442076907977e+02
1.984914110352707439e+02
2.175946747511700892e+02
2.802549165664393627e+02
1.636170558532875532e+02
1.841395375987686123e+02
2.340123792363860957e+02
2.467601797276131776e+02
2.604137695095683398e+02
9.282837982082887152e+01
1.048075296835440753e+02
1.350802441784462076e+02
1.503857885838967547e+02
1.634616544274628893e+02
1.809014927244608089e+02
2.093399256718499544e+02
2.321786822905675649e+02
1.742126374111098528e+02
2.035665576857305155e+02
2.286703010469757942e+02
2.435889317817610902e+02
2.415012958983590181e+02
1.458655395441743110e+02
1.645231238411101629e+02
2.216363001791392833e+02
2.224346679023157094e+02
2.353200447807666364e+02
8.123497183984692072e+01
1.070051355779686588e+02
1.215248665893078197e+02
1.358072894954141816e+02
1.521668663735960649e+02
1.553677768970200646e+02
2.118938538738688919e+02
2.018475866409880553e+02
1.628432596679907078e+02
2.231861985807369706e+02
2.135716183747746300e+02
2.372551300688424476e+02
2.593995316581282964e+02
1.546221495741351646e+02
1.804306701245814679e+02
2.096178432185273266e+02
2.285408915940125780e+02
2.321008687638230015e+02
1.081493246990365975e+02
1.212777781000049373e+02
1.389561747691224980e+02
1.560253716790784893e+02
1.589735118085676504e+02
2.189786476585202024e+02
2.155701247355344776e+02
2.235526739770984648e+02
2.125102201124312842e+02
1.999000458530073274e+02
2.255054696857072543e+02
2.363914500517650481e+02
1.948264638711547718e+02
1.939124963768102532e+02
2.031649120022883039e+02
2.225035355914149306e+02
2.400999814836505095e+02
1.362889057367514170e+02
1.923289210858419267e+02
1.908762411229933491e+02
2.187919030198708299e+02
2.458418186028857235e+02
8.752062626462509343e+01
1.058442606032146500e+02
1.208851044916758042e+02
1.233190672054830941e+02
1.726964302379988112e+02
1.774946995644634455e+02
1.692679631866038505e+02
1.942445145057760101e+02
1.832706926197813857e+02
1.967344267271080582e+02
2.161034428005576160e+02
2.260750892284902136e+02
1.854972772856272627e+02
1.782529051409132421e+02
2.059056385772976228e+02
2.213987899397933461e+02
1.699125649698785878e+02
1.729758063937245538e+02
1.856251054333368700e+02
2.085473892203531250e+02
2.309692562606367403e+02
1.012468150717774193e+02
1.184392323838925165e+02
1.683206426706771026e+02
1.754089030866387873e+02
1.680131363665477409e+02
1.821634675760342077e+02
2.037187404332109111e+02
2.031214293546634906e+02
2.092192640866763895e+02
2.249024791309026341e+02
2.537895570199748647e+02
1.728553962263672759e+02
1.978182149609914120e+02
2.101530260246015018e+02
2.093094023968455701e+02
1.586099997984136110e+02
1.728368638876755199e+02
1.943523103238948124e+02
2.092156546608796930e+02
1.875368270164509283e+02
2.066717596853145267e+02
1.032682091305817664e+02
1.008366762277279776e+02
1.454763740726095023e+02
1.534969015339577538e+02
1.489026372860387823e+02
1.548597680591902019e+02
1.784814873938557582e+02
1.924021200461828300e+02
1.892522112317179506e+02
1.938851171823204425e+02
2.090347119718807392e+02
2.362586790158630663e+02
1.746141615228976320e+02
1.832384432458044330e+02
2.009196999812323270e+02
2.327246032648495202e+02
1.836979339527078423e+02
1.893906739868194791e+02
1.302961765119891027e+02
1.447658975638477159e+02
1.675052279024536972e+02
1.860771338271979403e+02
7.583252827829153375e+01
1.117330479041247884e+02
1.209038160667037403e+02
1.196582484265816504e+02
1.261322567850287726e+02
1.440987291680188207e+02
1.527044887582671322e+02
1.692973238539105409e+02
1.738007821979828975e+02
1.909603095391733234e+02
1.922368216001173380e+02
1.643373475528164249e+02
1.702303879775440407e+02
1.877460749311035499e+02
2.172916415000218251e+02
1.457397486506041275e+02
1.553581598632104317e+02
1.731173071039945057e+02
2.061461584678147005e+02
1.206968112286011490e+02
1.413870163652907763e+02
1.567466942798232878e+02
1.660903455923053400e+02
1.009989313477543647e+02
1.104363131171409407e+02
1.109738663093286419e+02
1.175891879712100092e+02
1.344306823847544763e+02
1.427191134754635868e+02
1.482100607402628611e+02
1.660885190169212819e+02
1.926061484386890754e+02
1.857656943269857663e+02
2.369581036137192882e+02
1.660584814286648339e+02
1.818785301434893427e+02
1.759534220258493917e+02
1.496512913871022761e+02
1.655191555990705012e+02
1.712305332043594603e+02
1.348162320028282863e+02
1.410852568895325305e+02
1.595596923741900923e+02
1.897022703775334662e+02
1.217654992784236754e+02
1.317667219439807980e+02
1.489810443183540087e+02
1.822758729943638230e+02
8.928144082148854466e+01
9.262775101736200156e+01
9.981289832111045257e+01
1.145257955897659201e+02
1.227108795085135711e+02
1.262529752636244496e+02
1.388335681363773801e+02
1.465103078075979681e+02
1.776691045368729931e+02
1.777630419110884645e+02
2.276127718652700480e+02
1.729449244553239282e+02
1.689455435063539426e+02
2.185793381435238985e+02
1.471721041005290829e+02
1.646061943743966367e+02
1.623129348653884847e+02
1.333204088605070012e+02
1.470739239143604209e+02
1.566058603605184487e+02
1.256339439557710875e+02
1.324669954259351243e+02
1.535013316203404656e+02
1.874704838280693480e+02
9.481091758423070814e+01
1.024230378446416125e+02
1.176194332675776906e+02
1.273046117274673747e+02
1.327288032868115693e+02
1.385781270588765608e+02
1.585041697689099749e+02
1.599224428110533438e+02
1.622298759271984920e+02
1.650643365844657922e+02
1.493220657353601553e+02
1.482500254926831644e+02
1.953079998816234308e+02
1.237031970860970773e+02
1.426197157680937551e+02
1.447626223638024783e+02
1.170644326547859464e+02
1.292388561305898804e+02
1.432938418094771862e+02
8.763149029837612147e+01
9.646337650809300612e+01
1.035528605797383079e+02
1.081099727245708806e+02
1.109526405671031597e+02
1.293634321042459021e+02
1.299142497745759499e+02
1.738438308405491455e+02
1.521362291139036245e+02
2.228074843594563106e+02
1.365480633742032524e+02
1.413451829306040679e+02
1.288565742694008520e+02
1.332607507994634091e+02
1.794154972034079094e+02
1.205283485705470810e+02
1.225096689526448444e+02
1.659942187340164423e+02
9.346246425847536443e+01
1.110752957257408440e+02
1.160817053329671040e+02
7.539385634832326843e+01
7.981711214712360913e+01
8.365693310188808596e+01
8.346369822356676593e+01
9.900485492629096029e+01
9.978528953209396946e+01
1.037787499029386424e+02
1.420838819559817523e+02
1.300024232389988015e+02
2.113117967198250540e+02
1.259778154607256084e+02
1.870008204815036379e+02
1.122355583821060208e+02
1.183227060069873460e+02
9.873493461122832571e+01
1.038786852421262665e+02
1.439841038022616715e+02
8.949659053648380791e+01
9.166201001462751208e+01
1.256474054084891776e+02
6.748978256663043851e+01
7.149696163520654579e+01
6.926792368832424529e+01
8.406087113766403718e+01
8.523995269568830224e+01
8.737791558812048720e+01
9.248705617178418947e+01
1.382138776480097135e+02
2.628808141702312469e+02
1.104201427518119374e+02
1.829172433409335099e+02
1.063850827485146908e+02
1.599339494495966107e+02
8.811562212054732868e+01
9.398491585685678729e+01
8.195939290950613554e+01
8.714155499273071825e+01
1.234916536597089873e+02
6.686720363926723110e+01
6.234041561253454944e+01
7.850721602142141364e+01
8.008400530196712452e+01
8.307681314213179746e+01
8.937235688255684352e+01
1.344684446624627583e+02
9.501409406183496742e+01
2.199262571909687551e+02
9.049751819694013477e+01
1.530715352591912222e+02
8.304673276396455606e+01
1.260807190052763929e+02
7.402947658914297335e+01
8.069481008075273110e+01
4.781635825236791248e+01
6.379355850939420236e+01
6.537812288915152692e+01
6.885774889475619887e+01
7.486419263191390883e+01
7.585316785822696772e+01
1.303790036397623169e+02
7.931648856681761117e+01
1.755364414505380637e+02
7.215704087268187550e+01
1.253369207063703641e+02
6.607726970080322815e+01
1.017299126323864584e+02
5.377865203070200550e+01
5.297922456016193848e+01
5.616369004003563248e+01
6.105369827310641284e+01
6.285838536161367074e+01
1.431071520157406667e+02
6.578790947452387172e+01
6.748705703847774373e+01
1.494794009582587080e+02
6.384407337638756985e+01
1.115810232729626108e+02
5.968717855971991781e+01
6.019417307944851103e+01
6.281751669789044712e+01
6.440730414013002303e+01
1.441929321699259390e+02
6.189884835807779950e+01
5.564163088382505862e+01
1.234921386203058518e+02
4.343211169331503640e+01
4.604403110493905871e+01
4.930765109142298996e+01
1.116579333680692514e+02
4.969615741612282989e+01
6.169843352213968757e+01
4.407922225211473233e+01
4.017868747039924671e+01
4.208386309591811170e+01
9.018761190098392433e+01
4.086812423613685752e+01
5.100206572914590453e+01
4.145342474181652648e+01
7.773272594057785057e+01
3.549358218769132378e+01
4.391087163886744094e+01
6.933838564057157328e+01
3.204520034488354696e+01
3.935544078629983744e+01
2.397257566508656978e+01
2.943264797835626823e+01
5.328741915257493389e+01
1.176228245699565633e+02
1.098320352480939022e+02
1.049028642196450107e+02
1.176337960661017519e+02
1.535168758527877912e+02
1.011318018520104403e+02
1.533540801882624294e+02
1.179278666205077428e+02
1.505646388089066079e+02
1.108772003550293022e+02
1.918818198910396120e+02
1.878535435958741289e+02
1.511428404956832310e+02
1.036137084883476120e+02
1.933700661443115223e+02
2.102059466283080553e+02
1.492988268255316200e+02
1.127944500551222120e+02
1.864254124321851691e+02
1.986079854015239619e+02
1.404991795037760198e+02
9.496502648243226474e+01
2.141577645245509416e+02
2.338175722612294578e+02
1.748246514901724993e+02
1.779048224117338748e+02
1.340748807341091720e+02
1.116441097236764364e+02
2.151854759124612428e+02
2.218313703217486648e+02
1.687838242429115212e+02
1.802610607780645751e+02
1.385553746828630324e+02
1.014507525687316729e+02
2.053805044262298054e+02
2.130294444409183825e+02
1.724803287739748896e+02
1.653086002073551413e+02
1.422733246309659307e+02
9.237295255123282800e+01
2.389091251993540652e+02
2.476100112975065599e+02
2.445611057925001717e+02
2.038629102368059876e+02
2.033193552424671680e+02
1.709515025417278480e+02
1.974630964029280733e+02
1.247962137914853571e+02
8.569733276831310320e+01
2.397461124106507384e+02
2.371721257857264789e+02
2.466518407627717124e+02
2.039611499857168155e+02
2.149953370394094634e+02
1.674968428940840397e+02
1.776886924975282227e+02
1.089365337374440514e+02
8.131283084385361803e+01
2.346803084033303435e+02
2.455361666518186610e+02
2.297923100881286302e+02
1.934851808531050494e+02
2.213015357059425696e+02
1.470124561949706390e+02
1.479033870155859631e+02
1.077986871147112566e+02
6.957172895655857303e+01
2.663223785180218783e+02
2.728203280286788868e+02
2.659358573395014105e+02
2.260699863384097341e+02
2.441979965690422603e+02
2.738680291959082069e+02
1.906072740485154782e+02
1.954501336160431890e+02
1.373764827737819587e+02
1.386236846649515257e+02
1.064147274917496304e+02
6.776956761602534129e+01
2.573137819174389165e+02
2.745753138373428328e+02
2.833671700717615067e+02
2.180427258040881497e+02
2.401632235261181449e+02
2.479104736717041533e+02
1.758903163301071118e+02
1.729057670842778691e+02
1.305646721360701861e+02
1.411898806640453188e+02
9.488164472774855085e+01
6.296628665522717938e+01
2.842282356847272240e+02
2.971064924639716764e+02
3.052219425951934682e+02
2.834098705845925110e+02
2.490337151246394853e+02
2.649753453035764892e+02
2.948470284494214866e+02
2.144164273140203250e+02
2.135153084531881120e+02
1.622305199825072464e+02
1.687294322130934461e+02
1.285410961250491937e+02
1.355215825885424010e+02
9.018860206148814029e+01
5.807456000284841480e+01
2.775438602460989159e+02
2.935611494997314139e+02
3.112007874915659613e+02
3.455333143969735943e+02
2.424414519827152503e+02
2.575395760092678188e+02
2.580853778647970103e+02
2.009971087135237440e+02
2.010798869563942048e+02
1.972786180604593653e+02
1.560983468240573586e+02
1.679736181400782584e+02
1.248146249420654925e+02
1.251579222403921818e+02
8.499065252165445372e+01
5.656806488806019928e+01
2.754444275312046102e+02
2.861662158831293254e+02
3.083409354619833493e+02
3.155770182929432508e+02
2.415819768417092632e+02
2.414359101975172166e+02
2.319100042086268445e+02
1.890116037924503587e+02
1.976281880805161677e+02
2.075743280247215523e+02
1.548594244246347955e+02
1.575071677402005434e+02
1.179525761658269118e+02
1.252617084630529121e+02
8.142000174930059586e+01
5.234481315069322704e+01
3.015180194071236883e+02
3.129627665793695428e+02
3.281020180819373877e+02
3.615145662971347065e+02
2.707131042689122751e+02
2.851620516813759423e+02
2.784605312566084763e+02
2.695947535523883971e+02
2.258143571561454905e+02
2.278781737676553689e+02
1.864970439071019541e+02
1.936995530525903746e+02
1.987821713948002014e+02
1.539337794548855811e+02
1.583836264267225715e+02
1.135887109548017690e+02
1.225689814539920377e+02
7.763309138382969365e+01
5.570680022966898548e+01
2.884019522659816062e+02
2.990489710884054944e+02
3.122782960252777116e+02
3.102903091984261437e+02
2.538228466327726949e+02
2.548505509677149803e+02
2.502195802499322212e+02
2.433174398162882710e+02
2.064722498809585431e+02
2.115796592805240550e+02
2.223367111053426868e+02
1.733063461888591803e+02
1.780100971660341713e+02
1.744246164133955119e+02
1.368612426131612096e+02
1.464649027434249149e+02
9.818052693205932258e+01
1.016965230805631393e+02
6.588704487541890842e+01
3.895338362239001384e+01
2.846768839375444600e+02
2.991118473547772396e+02
2.944567989747371257e+02
2.805344363392508740e+02
2.438491872371360500e+02
2.427343169693110099e+02
2.491271875988111901e+02
2.594276658131003046e+02
2.044138373009443796e+02
2.127890344854205296e+02
2.120429308393304098e+02
1.669395360352292528e+02
1.741979596413365243e+02
1.802427590107643596e+02
1.304726340003062148e+02
1.387930858645533760e+02
9.224746630926080115e+01
9.504605992193560837e+01
6.033420084646685666e+01
7.559348469221954758e+01
2.830684745938598894e+02
2.806044020503955494e+02
2.790567678753160408e+02
2.806926252361204774e+02
1.999165930055783917e+02
2.069702154472544464e+02
2.080210870075293030e+02
1.625093342483881145e+02
1.723665353069248170e+02
1.803384439871250322e+02
1.242876113221721397e+02
1.268783592260224822e+02
8.517224281650942430e+01
9.279106651076803303e+01
8.591071797521550479e+01
3.055530587220527039e+01
1.176228245699565633e+02
1.276497654865881231e+02
1.165021584378999506e+02
1.283128362505719622e+02
1.401468039923212245e+02
1.076751574838746279e+02
1.279128915616905147e+02
1.519060575413679999e+02
1.429264980796523901e+02
1.300717319282217090e+02
1.265863553560889159e+02
1.544942335166817315e+02
1.608631065339316990e+02
1.639278745170540219e+02
1.091566484789987044e+02
1.254907066365116890e+02
1.548369721214571086e+02
1.706869044553077117e+02
1.905294788438725391e+02
1.451790376938685370e+02
1.217323252432691731e+02
1.246503115218589102e+02
1.544050470159625945e+02
1.756703377788684293e+02
2.076938722830413724e+02
1.732036156493561521e+02
1.575890944072856996e+02
1.196719392054708351e+02
1.239353740964232458e+02
1.535487768248727605e+02
1.777608266319238055e+02
2.180243223902501484e+02
1.940960865158309332e+02
1.891759099382429099e+02
1.494128955722025580e+02
9.832196265088742848e+01
1.234215772904680790e+02
1.528927338251930337e+02
1.790790996886446464e+02
2.256448847432945968e+02
2.117820938277062623e+02
2.210777347913031008e+02
1.893620559190403867e+02
1.398738760024349972e+02
1.227592937748839006e+02
1.514276729819572722e+02
1.777466888673801577e+02
2.262296570916464589e+02
2.182951975929165087e+02
2.364565971693469351e+02
2.108844483990315553e+02
1.639372778943499327e+02
1.365564284158714088e+02
1.002041023423694242e+02
1.222760666952096216e+02
1.503596899702145322e+02
1.767332388903195124e+02
2.265105757922653709e+02
2.230395554500841797e+02
2.486652975433331676e+02
2.295605123421607914e+02
1.863542626475420718e+02
1.595585489014881944e+02
1.210003918552238247e+02
1.092630770135674538e+02
1.219633928835848025e+02
1.497230462547840659e+02
1.763088181535510159e+02
2.274066580197031158e+02
2.276817070811476924e+02
2.601867157564286686e+02
2.479941204593390012e+02
2.098798696803533517e+02
1.860133225893203530e+02
1.465383588386690974e+02
1.369566731109261184e+02
9.958277160271023831e+01
1.217213184162522879e+02
1.492301780885946130e+02
1.759626865540015501e+02
2.280318803815315505e+02
2.312015417168994134e+02
2.693447272661242664e+02
2.635155892398906303e+02
2.310325234579026414e+02
2.116555284910526780e+02
1.728541115363338747e+02
1.685486882588067203e+02
1.226328288236129112e+02
8.390209798178402423e+01
1.214922208418770424e+02
1.487198500779660719e+02
1.754166370693585861e+02
2.279179556869229089e+02
2.330794026199995983e+02
2.752591317652463090e+02
2.745377520886337379e+02
2.473313648600839372e+02
2.327128726922111355e+02
1.957576087600962751e+02
1.979877671224751623e+02
1.468910359287754090e+02
1.004311362181150429e+02
7.521187371906127339e+01
1.749438470065099978e+02
2.277278942594904834e+02
2.344088479700655228e+02
2.797591950736094191e+02
2.833179152135793402e+02
2.609479960528663582e+02
2.512038917179219197e+02
2.267712601112959589e+02
1.724637471379463420e+02
1.197425113811409290e+02
9.025328523164236572e+01
7.406331087064033625e+01
1.211590516657521448e+02
1.479787439421274087e+02
1.746028859010772578e+02
2.276484423135977124e+02
2.355730329213357948e+02
2.835722556612127505e+02
2.908263488973036601e+02
2.728648761053598832e+02
2.680066912410965756e+02
2.369229657584750726e+02
2.553033754301959846e+02
1.994365930683208035e+02
1.413839466111134584e+02
1.079599424419425731e+02
8.810580522655011748e+01
5.965468002770047207e+01
1.210288483537469517e+02
1.476847230681535166e+02
1.742565623430259052e+02
2.274421830433087166e+02
2.363181123644217223e+02
2.863876143939262420e+02
2.967054550730661617e+02
2.826527119715158278e+02
2.824683731594632263e+02
2.550429520656995521e+02
2.826198675199467516e+02
2.273181593017285422e+02
1.662330104169813012e+02
1.314742070234671019e+02
1.125968294731885919e+02
8.289172896092006226e+01
6.009739254551889331e+01
1.209109218247234310e+02
1.474095719439593779e+02
1.738988407957865263e+02
2.271085248117047684e+02
2.366706651392331935e+02
2.882493016134914114e+02
3.009292060284114427e+02
2.900786181501243846e+02
2.938007447995191797e+02
2.696770637094319341e+02
3.054867509867967215e+02
2.513433514953203201e+02
1.880788886421248094e+02
1.522063058372853845e+02
1.335416272939143312e+02
1.011519515138438408e+02
6.683163253530017300e+01
1.208212117833639070e+02
1.472080967577064428e+02
1.736591546698316790e+02
2.269488099287267744e+02
2.371276896544406725e+02
2.900664506944218033e+02
3.048429520470572811e+02
2.968487370268299514e+02
3.042407411305067626e+02
2.834098705845925110e+02
3.274242877417676141e+02
2.751535011113904261e+02
2.105839429221578598e+02
1.745250453602378968e+02
1.572879107439414383e+02
1.233341200384298304e+02
8.089524950588986485e+01
5.226065669849242568e+01
1.207513482015724549e+02
1.470568905551593843e+02
1.734958997250985817e+02
2.268918199198722050e+02
2.376181139281820549e+02
2.917661301128096625e+02
3.083883760353113530e+02
3.029227371961194990e+02
3.136921477629353490e+02
2.960400490063356074e+02
3.479966468562307114e+02
2.980947698980658060e+02
2.329538636754213030e+02
1.974575500272666773e+02
1.825480895832720591e+02
1.478552324765220192e+02
1.008593712572536276e+02
6.967426597386980802e+01
4.920465834962605811e+01
1.206907835037769559e+02
1.469252692004414484e+02
1.733503932415623581e+02
2.268268026551838830e+02
2.380040527671696111e+02
2.931518566442979932e+02
3.113241363563760160e+02
3.080279446114317352e+02
3.217625319728386444e+02
3.070289722617800408e+02
3.663078082308869625e+02
3.190529386207120979e+02
2.539729575266162840e+02
2.196406744869644001e+02
2.077299415566257039e+02
1.731441204391928466e+02
1.247828312117438827e+02
9.254019884262780238e+01
6.702987449751424265e+01
5.207068188933720876e+01
1.206471805517265636e+02
1.468384600708568541e+02
1.732796246251415369e+02
2.268805602849325567e+02
2.384885409687925915e+02
2.945877368567311123e+02
3.141856386259294709e+02
3.128532339048242648e+02
3.293546443095582390e+02
3.174052057407171787e+02
3.837231978571371656e+02
3.393057206889621966e+02
2.747174335481277012e+02
2.420685958110863396e+02
2.338386549504088237e+02
2.000356222666497104e+02
1.198749122155944207e+02
9.123321343718308185e+01
7.305190927499592135e+01
6.345268766007446715e+01
1.629499785575361557e+02
1.205222000315662854e+02
1.464938985747961624e+02
1.726540667085011762e+02
2.257499897085833140e+02
2.371755015705481924e+02
2.929108201829851055e+02
3.125319393366703480e+02
3.118294135782012972e+02
3.288889738205790536e+02
3.178467728341776137e+02
3.864228475795904387e+02
3.436535069883333904e+02
2.797733567958377989e+02
2.476262320988463443e+02
2.400780903097170551e+02
2.064298218682035895e+02
1.236782296064846065e+02
9.189452800275348920e+01
6.849487182721578904e+01
5.179685862120528839e+01
3.155590287822560214e+01
1.205030448513035140e+02
1.464707357254130500e+02
1.726871576749228723e+02
2.259632043444380827e+02
2.377784458845139568e+02
2.943649099394959876e+02
3.151797352448164702e+02
3.160583747531854897e+02
3.267287694559352644e+02
4.013454953596103678e+02
3.612411131188402464e+02
2.981541963324384596e+02
2.679532996423369582e+02
2.642520770463675035e+02
2.318111589471707248e+02
1.503204637743363037e+02
1.156921537165326157e+02
8.954739425545182030e+01
7.105149247989650974e+01
4.656890740172127607e+01
6.933015523248941747e+01
1.204792144117637491e+02
1.464289198224989832e+02
1.726711314622445741e+02
2.260556968726980642e+02
2.381659938483030317e+02
2.953992245160494008e+02
3.171599426531467429e+02
3.193410807274416356e+02
3.339045246741151800e+02
4.136761953548952988e+02
3.760701187687920424e+02
3.139580573725395993e+02
2.857650624478183090e+02
2.858397627816863746e+02
2.549448682111951427e+02
1.760652864518915521e+02
1.392120456472466117e+02
1.109628879148263110e+02
9.134709691359438466e+01
6.330929298606433520e+01
1.011728074697313104e+02
1.132482811564554481e+02
1.440014983274450344e+02
1.948525584882021064e+02
2.121232615834986177e+02
2.688229650508077384e+02
2.936143845230466809e+02
3.008290923654625431e+02
3.245450327201314735e+02
4.027916166474942088e+02
3.698196281002045112e+02
3.112877080452674932e+02
2.851102469117892042e+02
2.865123784479261531e+02
2.565905122202903499e+02
2.187122134321897704e+02
1.406419605412416729e+02
1.119528078853982009e+02
9.200643847939281272e+01
6.366589667165244038e+01
1.015363026856831112e+02
3.128454997719190445e+01
1.131687760299918040e+02
1.593836294520072556e+02
1.820522684973471996e+02
2.374894431032560362e+02
2.653206112287224414e+02
2.780431270091013971e+02
3.043589645009349738e+02
3.050198264997821411e+02
3.604744757645449909e+02
3.065285760095271712e+02
2.829863807981881223e+02
2.861091292912895483e+02
2.576045660734614557e+02
2.203760914925158261e+02
2.110815645813341348e+02
1.129889916653392703e+02
9.270502474581775232e+01
6.404727627954709135e+01
1.019267507352670918e+02
3.132940418866407839e+01
1.152096102239584781e+02
1.439725641526049742e+02
1.977029804645224260e+02
2.289390408518012805e+02
2.479489889003953351e+02
2.772199363710285525e+02
2.825964204228063750e+02
3.661289167991131990e+02
3.456710318330492555e+02
2.978965297114127111e+02
2.779686702123427722e+02
2.834165792276452294e+02
2.570789843425380354e+02
2.211070213544995795e+02
2.121368510041612581e+02
1.813875671816903150e+02
9.338587352772201200e+01
6.442745378613761886e+01
1.023208235695983603e+02
1.434369197876098667e+02
1.023168274827996100e+02
1.530243374116504356e+02
1.873265696151927386e+02
2.126443046742111278e+02
2.446813701238739611e+02
2.550422763265952995e+02
3.383024721025127519e+02
3.257877708367803962e+02
2.700601501766244041e+02
2.783824458237166368e+02
2.549616642668284783e+02
2.208776946401255543e+02
2.125623840782050422e+02
1.826409552954020228e+02
1.446442426660356091e+02
6.481576557794809901e+01
1.027283209554055503e+02
3.142220032760365100e+01
1.232110591192109439e+02
1.548468336730408339e+02
1.841961762722508809e+02
2.169514919202050862e+02
2.303220096533691503e+02
3.129150857373111876e+02
3.075278810665238893e+02
2.742356270356121968e+02
2.537136436658946081e+02
2.214872923708644805e+02
2.137152045226106623e+02
1.846188436993098207e+02
1.463956170161245041e+02
1.162337449108328684e+02
1.032625158375482926e+02
1.102135625024612295e+02
1.457430085505115187e+02
1.800134603274897245e+02
1.971102213411677440e+02
2.773099415065537983e+02
2.804389217509485093e+02
2.561491033673736979e+02
2.504905459100030498e+02
1.162424144547247380e+02
1.490908670888181291e+02
1.669963065135166005e+02
2.437863350653043142e+02
2.541828124296783074e+02
2.382466255570641636e+02
2.378491758792599171e+02
2.561902388161070689e+02
2.131294214392444246e+02
1.872185365368040664e+02
1.494192899178714526e+02
1.187810256385325118e+02
9.688011367115721839e+01
6.643667137590237814e+01
1.187014836845256269e+02
1.346532026543158906e+02
2.063712585990914476e+02
2.235491912335342022e+02
2.163343201383008818e+02
2.215034709251937102e+02
2.435749295252634852e+02
2.368869362721646326e+02
2.117455192165010089e+02
1.882057952445656781e+02
1.509863410085473561e+02
1.202263581665841912e+02
9.799864055768648541e+01
6.710479558498826691e+01
1.051347224053778149e+02
9.572188187337822285e+01
1.602612972954453312e+02
1.847502324395086077e+02
1.873124918174411846e+02
1.986535546934273953e+02
2.247101017196437454e+02
2.243891625611347820e+02
2.083537827053836224e+02
1.876011528111749556e+02
1.517729002827289548e+02
1.213337337377073339e+02
9.898832641680701272e+01
6.774408140454305283e+01
1.058369396780627767e+02
3.178452953815063253e+01
1.211032980923529010e+02
1.486634109154848602e+02
1.586971689387578976e+02
1.747137647683878754e+02
2.036958581040849197e+02
2.096141119413130127e+02
1.997222091463756612e+02
2.021496918295592025e+02
1.523839573495877175e+02
1.224968267589480462e+02
1.000983097861726066e+02
6.848285504992999506e+01
1.066556079091662497e+02
3.188164086838874312e+01
1.093943018949208863e+02
1.267427180498245747e+02
1.469197265198033904e+02
1.778916823874936881e+02
1.901062390575881125e+02
1.871993020738365487e+02
1.933795857810280268e+02
1.830149592408101853e+02
1.011064308520408588e+02
6.923109476062965939e+01
1.075180070287338197e+02
3.198548829773731583e+01
1.056751093690668739e+02
1.255174399852732279e+02
1.558140767357357959e+02
1.723994742716919291e+02
1.755287240477077830e+02
1.847273903214232291e+02
1.803384439871250322e+02
1.524529996880752378e+02
1.027420585945856004e+02
7.036111438238795301e+01
1.087771453226542349e+02
3.213481937321846971e+01
1.005659926554161387e+02
1.274539320033855034e+02
1.475925265795080179e+02
1.571486462267537263e+02
1.698500515232540238e+02
1.730565793433902115e+02
1.502710151392949172e+02
1.251759618821893838e+02
7.137381994533421903e+01
1.100007777832128539e+02
3.228455713330590982e+01
9.322464655211514639e+01
1.154834921638532848e+02
1.312366804532688604e+02
1.473230958192012849e+02
1.592811887122921917e+02
1.439605741244640740e+02
1.233261877053515150e+02
1.040326029704048665e+02
7.207634883587009256e+01
1.110460291229154279e+02
3.242160048964944963e+01
8.404431575615311090e+01
1.032646386831909524e+02
1.205898447523202464e+02
1.408137287346811490e+02
1.341750447673931603e+02
1.195816851315252194e+02
1.033987688596010344e+02
7.263088925187550160e+01
1.121030653111048991e+02
7.952645389058680792e+01
9.373462679932548269e+01
1.203116605604593872e+02
1.219660643716314894e+02
1.143672543165361049e+02
1.022675310814400405e+02
7.327034271987285763e+01
1.134494831578850409e+02
3.276226067949158960e+01
6.391653080003970189e+01
9.481164223948891845e+01
1.043794069078927578e+02
1.052686780439632059e+02
9.913569909576828820e+01
7.341398448557974632e+01
1.147042296059387212e+02
6.839271415300949286e+01
8.191762106533653309e+01
9.125484909237545139e+01
9.279106651076803303e+01
7.255197748857645479e+01
1.155928700912270557e+02
3.318137954819487589e+01
6.776408423356636490e+01
7.832792351611398374e+01
8.530653583607698920e+01
7.153409986743039894e+01
1.169561704626849661e+02
3.350743159054148634e+01
5.650608662415879735e+01
7.022481879450178610e+01
6.709347966587422718e+01
1.165483941559361938e+02
3.379625911604446031e+01
5.200727299911424240e+01
5.876829776660854776e+01
1.130357617856589485e+02
3.401030721990053252e+01
4.887132338174291135e+01
1.042197848014061776e+02
3.409489530999103835e+01
3.383956600487388755e+01
8.676806287862726208e+01
3.055530587220527039e+01
