7.743710833781112512e+01
1.174854061697829763e+02
9.804008911014064154e+01
1.852847218433572607e+02
1.597851796988676938e+02
1.062166469677195693e+02
1.797806401952200872e+02
1.765568155429242267e+02
7.859173366228843349e+01
6.757587948137732781e+01
1.240897581197210826e+02
1.039560471652440583e+02
7.064075688313947410e+01
1.297402452553193086e+02
1.138629268582525640e+02
1.434929478431372161e+02
6.727347247648762618e+01
1.149619742599126084e+02
1.144966895235606898e+02
1.769847583933099600e+02
7.012931675143288146e+01
1.189887574102089900e+02
9.411533571614360483e+01
6.535040008906184994e+01
1.196575749776676076e+02
9.835335971340703054e+01
1.138346733712040901e+02
1.609296755672190784e+02
1.013097357173945028e+02
1.187103198212977162e+02
1.700747204952084815e+02
1.318112141305304590e+02
1.196583868347883310e+02
1.069856974716596767e+02
1.390462695627633423e+02
1.638028339396320519e+02
1.062573696421405600e+02
8.490324662755983809e+01
6.348880942785775261e+01
1.196586610171198259e+02
1.010155885221768415e+02
1.199493279448618068e+02
1.157156355348592456e+02
1.964744242047672458e+02
9.465313394024141758e+01
9.251413128761069515e+01
1.589455627719215727e+02
7.433002273138177429e+01
8.999133684879190298e+01
1.350595104508283839e+02
1.102887057071317258e+02
4.636094735039299763e+01
3.693625652649071611e+01
6.928496357154256202e+01
5.909290383196681518e+01
7.042808547916321515e+01
7.137971620288666941e+01
9.800636035126170498e+01
1.038443337147056980e+02
1.002241370446809867e+02
2.074824038754867956e+02
1.356957050721332791e+02
1.066155879245019946e+02
1.457487506913341235e+02
1.541567205537352550e+02
1.019435838615277703e+02
1.004568841436875175e+02
1.744240252613360838e+02
6.446527574773944025e+01
1.178391541153110609e+02
1.009909866615108029e+02
1.199397763449277221e+02
1.231193782633410763e+02
1.160314492009667333e+02
2.431481809323617824e+02
1.626388111137300427e+02
2.221517345168230122e+02
1.586234753338488019e+02
1.527744959159687141e+02
1.033805730511181338e+02
2.131173825141711973e+02
1.404334574670142786e+02
1.195541616305849431e+02
1.637053329046312911e+02
1.769874564685999303e+02
1.288828613715881488e+02
1.023217936897948874e+02
1.156007139237162846e+02
1.175189814822740004e+02
1.109128875003570158e+02
2.374313579386322601e+02
1.704511539499668231e+02
1.677950709564423448e+02
8.532450795540061961e+01
1.517075567398972282e+02
1.700628536466462322e+02
1.085250573601219344e+02
1.839360922271789036e+02
1.355090889533026370e+02
1.370309557786374057e+02
7.627950080562354174e+01
1.614801390654608610e+02
1.101789879665968073e+02
4.766922728376889040e+01
5.461773860917100620e+01
5.776798808489669312e+01
5.649394735764327891e+01
1.224340723508433086e+02
1.116803053679400932e+02
7.209011976123680654e+01
8.727179526656487951e+01
1.486502875195960485e+02
1.345204662023690787e+02
8.609306610503480783e+01
1.548502144978371291e+02
1.682733211303372514e+02
1.090908681898472707e+02
1.734516872483254701e+02
1.257520691943346236e+02
1.284131190650253700e+02
8.326591969602338850e+01
9.203035829299955140e+01
9.321791331737884434e+01
2.025666520784060651e+02
1.838213751857134071e+02
9.361436626991978471e+01
1.714573239578717505e+02
1.598407169460578814e+02
1.414638358808157648e+02
1.307134552098531515e+02
7.469314128397378738e+01
1.369976779928292672e+02
1.533658631310403564e+02
1.030054639922421131e+02
7.046767729675461567e+01
7.242092682634088874e+01
1.537640474477493342e+02
1.359747675854813451e+02
7.074786418705494384e+01
1.243541305174431670e+02
1.161501493173258979e+02
8.759584486473674758e+01
1.537928656702296166e+02
1.363601394349537088e+02
1.283956886962740498e+02
7.283301191615453263e+01
1.366270777561285001e+02
7.920857803655685814e+01
1.619930756487788415e+02
1.381000026757248804e+02
7.402362477243848105e+01
1.330119701002901991e+02
1.515651895351870735e+02
1.063654062164641942e+02
7.964049652049058636e+01
1.327890916138796342e+02
1.135515928557851879e+02
1.100199912375889824e+02
1.247902326096320991e+02
9.864529363768102144e+01
5.515016558109697087e+01
1.024402608077717787e+02
1.174966594405870239e+02
7.096408028299582327e+01
6.374398431455477976e+01
9.184729366777045811e+01
5.599813537775611394e+01
3.398423395032426697e+01
6.653892864039569588e+01
7.718858296242855488e+01
4.894802365534669519e+01
7.448344813063668823e+01
7.365347455317677827e+01
5.812783273005098295e+01
1.310889101739923319e+02
8.774972302977114680e+01
1.328641655409756481e+02
1.260703179264595235e+02
1.204067492139564166e+02
8.342496619741481823e+01
1.193032079991085368e+02
4.858537844842518894e+01
3.612671530922799690e+01
4.850312597272112214e+01
5.334834426060486834e+01
6.662112468761419848e+01
8.491040073554653134e+01
6.539060264194631600e+01
7.749707580210296953e+01
9.586458746215485860e+01
6.159635457802171743e+01
8.871008774481174441e+01
1.012192782160998092e+02
1.080528948328983603e+02
9.633154689565884610e+01
1.305061449906027917e+02
5.807358814482598319e+01
1.357109528831526859e+02
1.700162808562108978e+02
9.402626813967002306e+01
1.104964448458736683e+02
1.330096797617499931e+02
1.533162880186712016e+02
9.220704696264643019e+01
7.438163646745013580e+01
1.305975122000665749e+02
9.034526182216976053e+01
1.171037587216492426e+02
9.379264391763476283e+01
1.720812932568561848e+02
1.479850736341339541e+02
1.294477846436539608e+02
1.687775066357026503e+02
1.280415049939942378e+02
9.742682192011733378e+01
1.459883920524304699e+02
1.417893925979133485e+02
1.303712204998678885e+02
1.192338298502177736e+02
1.015477319549447230e+02
6.879822876009454546e+01
1.338636679455514127e+02
1.528261180723758343e+02
1.160790861293938434e+02
1.312158458198793483e+02
8.359040187181780368e+01
1.128606529213316492e+02
1.665429684474245278e+02
1.583011115811230525e+02
2.039756292833110933e+02
1.500950797608431628e+02
1.506159030886155392e+02
1.176931862335799650e+02
1.267315813043619954e+02
1.185049331293113113e+02
1.038236089425133031e+02
1.560426718890001894e+02
1.790984836202802342e+02
1.598189142824260784e+02
1.262126001122562400e+02
1.439826213207643377e+02
1.277100195785642853e+02
9.542996193318170128e+01
1.540815129710153144e+02
5.281643129846440132e+01
1.546030515230818025e+02
1.609076353578333283e+02
1.772958221950482596e+02
1.482081677750168183e+02
1.237756834441315590e+02
1.455345366924400423e+02
1.914367150235448776e+02
9.499962705205992108e+01
9.156315882545536056e+01
1.698259211562597102e+02
1.966757038490754042e+02
1.936084912442395307e+02
1.710006564235431483e+02
1.565839233853313885e+02
1.642442215852269385e+02
1.688838592710608282e+02
1.748647035174257098e+02
1.458966851229428130e+02
1.749543582764915186e+02
7.264114542131325436e+01
8.022908589244816824e+01
1.986082928141409241e+02
1.768843821844314164e+02
1.962363595082920540e+02
1.815454819416026169e+02
1.798561685008354232e+02
1.303646389857567272e+02
1.494612264461692348e+02
2.146165480223935162e+02
1.220493139871106791e+02
7.953540339768566980e+01
1.038732244536626723e+02
4.090500447308313170e+01
6.539060264194631600e+01
5.873106560216993444e+01
7.752553726392044098e+01
5.745527220793903922e+01
8.489691559064029036e+01
1.026756782560004382e+02
5.338628487126683098e+01
7.351228924163997647e+01
9.790593759713374311e+01
5.333566796823627243e+01
5.179714135282041099e+01
7.033680333339940205e+01
1.044262062109338984e+02
6.409116453665413360e+01
9.120200854130482071e+01
7.075187633185333880e+01
1.146761378116230787e+02
8.109765815012910650e+01
1.354687548406243707e+02
5.145300891504093244e+01
1.286942055909339615e+02
6.830995454150169621e+01
1.139636754778581604e+02
8.504285845714684910e+01
1.480887398807751083e+02
1.283582798847650679e+02
5.601848259139740094e+01
5.054803351831211700e+01
6.734180347699262370e+01
1.151126697732622262e+02
9.023104641793717917e+01
1.669620445564401621e+02
1.486605105531629079e+02
7.106111480749284226e+01
6.629889097415787091e+01
1.148284062466863276e+02
9.278312056380995898e+01
1.787107978868270663e+02
1.636210170823128180e+02
8.463013606934390509e+01
1.271852867398872036e+02
4.970682560871155431e+01
6.557723355568373336e+01
1.146225490131676565e+02
9.465929056738585246e+01
1.879621873374512688e+02
1.770592389262141637e+02
9.784797230443138005e+01
1.573911172254762221e+02
1.107101251381127582e+02
1.042757634634030524e+02
6.516815365773886981e+01
1.147650198025016266e+02
9.641667626216468534e+01
1.963160928658207069e+02
1.902624685607906372e+02
1.112975383587905185e+02
1.909257463541745210e+02
1.445568759335874063e+02
1.517196907454772088e+02
4.882955423297616449e+01
6.387169750088892783e+01
1.121327832717612267e+02
9.428947639240321621e+01
1.917111888789210923e+02
1.835319783368391882e+02
1.087551089464143388e+02
1.868174541174908541e+02
1.424335190572146814e+02
6.298424126062611350e+01
1.103910122912183596e+02
9.298764660726880038e+01
1.892058036098289051e+02
1.801388905802859313e+02
1.082682477370444758e+02
1.875726998751250107e+02
1.408535090870578870e+02
1.448823801815873935e+02
1.061256927020602490e+02
6.226467042127514873e+01
1.104798178428193438e+02
9.375252098697153258e+01
1.928357294392444885e+02
1.860579152566403707e+02
1.148221937284398564e+02
2.051554988793581060e+02
1.599306662378736803e+02
1.726928580366073334e+02
1.356916446724324885e+02
8.858254141800823334e+01
1.423456180554721868e+02
4.833579678170577409e+01
6.245186400861919651e+01
1.098594140247805910e+02
9.349185216358068828e+01
1.929606195339699468e+02
1.865487846492215738e+02
1.166862967468786962e+02
2.112590668664924749e+02
1.672259742262745306e+02
1.841535984207395700e+02
1.492262498166164448e+02
1.016296589550242828e+02
1.665144404550027559e+02
6.208470922783725854e+01
1.091827885696554858e+02
9.305854543573309456e+01
1.923518770200338110e+02
1.858897635844737124e+02
1.173421512988229409e+02
2.142385334384103714e+02
1.713356383119871680e+02
1.913365664951342637e+02
1.588324556465425701e+02
1.118671788679028509e+02
1.878240104570689084e+02
1.459104723926842837e+02
5.215181057061613501e+01
6.201290363421920659e+01
1.092443215987319434e+02
9.345689630654780444e+01
1.941986447417864667e+02
1.889004744225092338e+02
1.208148176314604711e+02
2.240466023178886417e+02
1.827135568456822909e+02
2.090941094084235203e+02
1.793559171326444073e+02
1.316537389860275198e+02
2.307423622164251640e+02
1.840154910805510156e+02
6.745251573354394736e+01
4.811624776447882823e+01
6.185165990477392484e+01
1.090197953619057643e+02
9.344565385021621751e+01
1.946600567687488024e+02
1.897942624375771175e+02
1.223852980513322990e+02
2.290440974242478092e+02
2.196819030933366150e+02
1.927676707967092113e+02
1.456542583355129636e+02
2.625016841293657990e+02
2.123254053844150633e+02
7.914840606211022589e+01
9.719233043127987060e+01
9.519958381999566654e+01
1.918090600585108234e+02
1.824444740849120308e+02
1.192056747113623345e+02
2.236639618320431566e+02
1.853513124097444233e+02
1.918601807571708378e+02
1.462359586108594272e+02
2.646301811793025536e+02
2.140338158981052175e+02
7.982327726409079105e+01
9.026634802617972753e+01
8.170814430902592562e+01
1.661560080270742787e+02
1.588843638240130929e+02
1.075878350745837793e+02
2.058798935463113082e+02
1.737454014534218345e+02
2.063243325011391391e+02
1.440918584457635632e+02
2.632743005839091097e+02
2.138980453949077116e+02
8.005994323851803074e+01
9.833370570547367606e+01
1.345534179487409858e+02
9.511854183329799639e+01
1.858419704765859422e+02
1.601288705238014813e+02
1.938015246425292446e+02
1.787831826097549595e+02
2.610055607534010278e+02
2.133723586974064403e+02
8.026019420947638139e+01
9.876581038953089831e+01
1.188189472408778187e+02
1.104885621245423692e+02
8.335818470248916867e+01
1.666950919616635076e+02
1.468812398707604245e+02
1.812337240215382792e+02
1.714268950790058454e+02
1.383560859394761735e+02
2.134846812585486759e+02
8.073276760625168436e+01
9.949976160767181455e+01
6.817922977247468452e+01
6.098627902838511261e+01
1.309346200764807691e+02
1.221370789418984799e+02
1.575306262590214317e+02
1.556552855710127119e+02
1.303646389857567272e+02
2.509304613395886463e+02
8.030219405070057803e+01
9.958761526425284671e+01
1.145030684813054336e+02
1.472864161195135182e+02
1.491051444935487496e+02
1.283202254280788850e+02
2.509474823394238001e+02
2.110852782650521533e+02
1.010631937083713296e+02
9.411370461343169325e+01
1.274378085798414446e+02
1.087192866316106574e+02
1.360883059097531600e+02
1.408698705375291809e+02
1.250868220626827991e+02
2.492599966469514641e+02
2.114497838127389002e+02
8.244548768064559852e+01
9.503016613783401567e+01
6.879220552417908152e+01
9.786524469888483679e+01
1.123508299140428619e+02
1.082553382739634174e+02
2.281590248198292556e+02
2.010680504810412401e+02
8.088607336357080158e+01
1.025027706430543759e+02
8.834197522873022024e+01
1.029611478348719231e+02
1.032962161224120621e+02
2.223840757832396093e+02
1.986077787219878985e+02
8.191220581315030813e+01
1.048511543442724729e+02
9.655232838167312082e+01
8.933762105848279589e+01
2.010098053325851595e+02
1.860856581580358977e+02
8.063751913534184723e+01
1.059338818003846114e+02
9.751533473928209617e+01
2.833223092118381459e+01
8.189339180694153697e+01
1.723556453356113138e+02
7.953540339768566980e+01
1.081417292424362415e+02
9.920420330152020938e+01
2.879592480270624577e+01
8.282201999115795843e+01
1.839199380346782675e+02
1.415935737882265926e+02
7.342845004265505793e+01
1.074293372403139273e+02
1.000748069745385749e+02
1.462785362019672277e+02
5.823713504266832075e+01
9.924194159091214829e+01
9.831535874874097658e+01
8.812869502495762219e+01
5.817321068931678241e+01
1.050496539971125429e+02
1.026950574466076631e+02
1.170549500366106486e+02
1.071321469595835367e+02
7.788832847632389189e+01
4.090500447308313170e+01
