6.497338792546369746e+01
8.033195379782222290e+01
5.089975259055641033e+01
9.307637119904497069e+01
1.038648243723689575e+02
5.458358160554944050e+01
9.800813308554585035e+01
9.589724597760262270e+01
4.758890360177107226e+01
3.187921166417842755e+01
5.849311446367455147e+01
6.229290016524588935e+01
3.305048837303723985e+01
5.467416028977420694e+01
6.595994916846620981e+01
6.399172134299279691e+01
3.287378658949171495e+01
6.013742180239001556e+01
6.005620345915787794e+01
8.486044713743734746e+01
4.140427130303301340e+01
7.022796373980214923e+01
6.429685883556061299e+01
3.277242978495842607e+01
5.423721548424042993e+01
6.851208785035336746e+01
6.212041839405839738e+01
6.785426206129831428e+01
7.791833053243922791e+01
7.148174748722753691e+01
7.905888898741288529e+01
9.490959639184855234e+01
6.245876977451143830e+01
7.588215209801310834e+01
7.442923194304219692e+01
1.040855416818592971e+02
8.210014166617112608e+01
7.301504054825481660e+01
3.856837206474360613e+01
6.715301110366132775e+01
8.714050203020926233e+01
7.664327900033295293e+01
8.013300170048177051e+01
1.224281869156600919e+02
5.446415068460440523e+01
5.761648535932771154e+01
8.885204524105687085e+01
5.939415062936242862e+01
5.701098073323461080e+01
6.625880026186152350e+01
8.390708640348663039e+01
3.666634128030200657e+01
3.337973743905351398e+01
4.354845201115680453e+01
3.878073519013967285e+01
4.532608959837148888e+01
4.083671694957458698e+01
6.687412071692514814e+01
5.373862062227168224e+01
8.819620278187706219e+01
8.859507389271880129e+01
7.031831323628421160e+01
6.344467538311875643e+01
1.039601873123672107e+02
5.634789303182009235e+01
5.981887803789758351e+01
9.155990790744611729e+01
2.995238665666731848e+01
5.629494414268593516e+01
7.351367520665277766e+01
6.637720933697352166e+01
7.824169152110275149e+01
6.135732080540714151e+01
1.015466625224529054e+02
1.052094365133811351e+02
8.861222860118554934e+01
1.335578806727887979e+02
8.586065042883555520e+01
6.496327959567149435e+01
1.051620047246494636e+02
1.073212582860260085e+02
9.260432141502244008e+01
8.394498982306360801e+01
1.384540472247139178e+02
7.582229468884804646e+01
9.524900448921655993e+01
8.603266060693616168e+01
1.008053830256409071e+02
7.969182652523619481e+01
1.117700524424704867e+02
1.700660760322675458e+02
1.124836219245369477e+02
1.264765999360702580e+02
6.547521627964738400e+01
1.085907914291176297e+02
1.017797772555841505e+02
7.788695152285819745e+01
1.201959473231315201e+02
8.087755360030527640e+01
5.309588771165192611e+01
8.849964868619366598e+01
9.518820487144274978e+01
4.573437067550605661e+01
4.073653641439227613e+01
4.724549583085222793e+01
3.790922399799117670e+01
5.319519649159710895e+01
7.492426098415786839e+01
7.071083151925957111e+01
6.653903429285125526e+01
6.283462359801467301e+01
8.304904841175083163e+01
1.197374142554602798e+02
6.344228584906094426e+01
1.005270861868756356e+02
9.673268214077077687e+01
6.052887103560317428e+01
9.186566478305392991e+01
6.266721797557988083e+01
4.261150701875825320e+01
5.245815395272058623e+01
4.475168073222543086e+01
6.471514100642279743e+01
9.231644138173977865e+01
1.104607374264515443e+02
5.974379283432129739e+01
6.875171551580420726e+01
6.600877493321465295e+01
8.825263570055624029e+01
1.148491425600179952e+02
6.192265648499461150e+01
1.021147371340464218e+02
9.934039345354986494e+01
5.950020460864121929e+01
5.284960303605983256e+01
7.669315475394752468e+01
1.077094740469490404e+02
1.286703535612165297e+02
6.876518353143160311e+01
9.283910493552127718e+01
1.061598736209647740e+02
6.630911764352781290e+01
6.043918510140903777e+01
8.182130932953528202e+01
1.127908422979551091e+02
6.304738856125441515e+01
4.510112163532087237e+01
6.483401831895594114e+01
8.795514301312323369e+01
1.037241888529798644e+02
5.617884309914575169e+01
6.102073936856883307e+01
1.032437527565832482e+02
1.046250170426935711e+02
6.698202162027286022e+01
5.947994817961195224e+01
8.097226527282553832e+01
7.208736949070457456e+01
9.477374974284714426e+01
1.107786575251304839e+02
6.136443100926964433e+01
6.779202790591509142e+01
1.100965427846891203e+02
9.114837419418435616e+01
5.414491126978418123e+01
5.997765183482282225e+01
7.006223044418938173e+01
4.063418457917234861e+01
4.635020034196537608e+01
7.610614442261444879e+01
8.328722261338646149e+01
8.939303239952928948e+01
7.379044727499223200e+01
4.745038702259773800e+01
5.767667378895645669e+01
9.697844675053848107e+01
1.060571116640283407e+02
5.315013294279837908e+01
7.149973091261004754e+01
1.241293466918597517e+02
1.353868418474785074e+02
7.171630325503626580e+01
1.262505235107318384e+02
1.343000492689909606e+02
6.053011057079605450e+01
5.941760212764161508e+01
4.692690611404702850e+01
4.190818253901256440e+01
3.906364149657697737e+01
4.430560174625239966e+01
4.009204120219781942e+01
4.720099790387973115e+01
7.543228202954919936e+01
3.897395776927729827e+01
6.652747779199421529e+01
3.537015006778550230e+01
3.824510086813132403e+01
6.327556805228739734e+01
3.337755632994744559e+01
4.581846449132971344e+01
3.833928820211034605e+01
6.946110182041184089e+01
4.259848784810633049e+01
7.228919733279064985e+01
8.594278204348363204e+01
3.815141728737153670e+01
6.979026674460423862e+01
4.567670369902868543e+01
8.374118443303048309e+01
1.036436814422819310e+02
4.716720640457211289e+01
6.825126154314789062e+01
4.610199010634861594e+01
8.783979535739807432e+01
1.101870874421213244e+02
4.975345671778698886e+01
5.056505229809527435e+01
3.778396851969927894e+01
6.775842343987024208e+01
4.704517444407125737e+01
9.320184466331663486e+01
1.211143827225087222e+02
5.719569774174406973e+01
6.525012376603775976e+01
6.686411435683089621e+01
3.766012084231260104e+01
3.288577817317223406e+01
6.690104773827009410e+01
4.719568319763659048e+01
9.569078338574772147e+01
1.270321194484580474e+02
6.209134353330779277e+01
7.623713983287866824e+01
8.063866729214427664e+01
5.755525453169414618e+01
3.761800691633867189e+01
3.268742143507230935e+01
6.687503056920232325e+01
4.794879055533320411e+01
9.967752327025365844e+01
1.364800890188351730e+02
6.995609246238829826e+01
9.269197328560507287e+01
1.052142220325370374e+02
8.120994909775781423e+01
8.193719756842131119e+01
3.754018356032763393e+01
3.237280203339914664e+01
6.627689260782162251e+01
4.789770665563011676e+01
1.008030973574578724e+02
1.400042748691672614e+02
7.377881303695951942e+01
1.025561702607208474e+02
1.207980148497150452e+02
9.601080997181529142e+01
1.007557290464602175e+02
3.742470025741427975e+01
3.193670309292184939e+01
6.514551039322402914e+01
4.713843856980778213e+01
9.939377738742706470e+01
1.380515882994533854e+02
7.358814105467286026e+01
1.051371002827504810e+02
1.257012210837473560e+02
1.005631356341587406e+02
1.062497578827433244e+02
6.781814111821839219e+01
7.344894467653725201e+01
6.396362832422654066e+01
4.621610733365219659e+01
9.721203774176318291e+01
1.341998069604930492e+02
7.175108506944435760e+01
1.041401060445783884e+02
1.248923655263766364e+02
9.932165089048939421e+01
1.036226429700533771e+02
6.572916168441921059e+01
7.278366798054705100e+01
7.307315596765968735e+01
6.381741126973757616e+01
4.631429105308276206e+01
9.807690505211715504e+01
1.365795375336867892e+02
7.425756658262194776e+01
1.106974901239107965e+02
1.208188418315111221e+02
8.058173466105779426e+01
9.660044727153379540e+01
1.118468596665730104e+02
9.616404755585624287e+01
6.368260109697276050e+01
4.637287982165097588e+01
9.870524929321021546e+01
1.383700655311538412e+02
7.623619851844884465e+01
1.161057142001773457e+02
1.462950871734949487e+02
1.368727010696727291e+02
9.492348160650222155e+01
1.200227084274046234e+02
1.500985885301245162e+02
1.437332590971348054e+02
6.325404877321448538e+01
4.608276456312697889e+01
9.814789923141090355e+01
1.375790198509078834e+02
7.621157081773330333e+01
1.175057161141348985e+02
1.496088735232374063e+02
1.271395187971850191e+02
1.431256985794322816e+02
1.008396778537297251e+02
1.299034452907959576e+02
1.659304712861872986e+02
1.604059278598795970e+02
6.604133127072437048e+01
3.717372464836341095e+01
3.099232991446594454e+01
6.280978456800313836e+01
4.574815857315080336e+01
9.739060846512640524e+01
1.363158264731704037e+02
7.575285346357493665e+01
1.178581012467110725e+02
1.511740929260628548e+02
1.471995720557930554e+02
1.051380262903909681e+02
1.376410692735917110e+02
1.792926440673876698e+02
1.765179451970133755e+02
7.241232492107795338e+01
5.626998196942441410e+01
6.532232655269726251e+01
5.350301199462907675e+01
7.139315379011810592e+01
4.771415127148748070e+01
9.608042755120614231e+01
1.283719715755437676e+02
7.159131007030626392e+01
1.132635362308045188e+02
1.464152903096875775e+02
1.264527895900053380e+02
1.446332473142394406e+02
1.040119560090427484e+02
1.368186495404112861e+02
1.788541987128357107e+02
1.765473106077054979e+02
7.250119766605801885e+01
5.634890551791065150e+01
5.564275426997027552e+01
3.998220265008548324e+01
8.184252307002867610e+01
1.085396665480306808e+02
6.237159039429080565e+01
1.021707625749176174e+02
1.351631259597584460e+02
1.191098044090224448e+02
1.385170258486058970e+02
1.010725734113695466e+02
1.343858669323946913e+02
1.770610649048881555e+02
1.757562629948231177e+02
7.240182355983868945e+01
5.635565471054840714e+01
4.092203300609811834e+01
7.618930530436688286e+01
9.191758235023631585e+01
5.363179421373759226e+01
9.103051190220550382e+01
1.231245553154970764e+02
1.108582637685288006e+02
1.313546494855936544e+02
9.752188869118036507e+01
1.313676807901906045e+02
1.747815655429807293e+02
1.747195655579959919e+02
7.226256335197443548e+01
5.635588996231179948e+01
6.541889370883811239e+01
8.275625239564318747e+01
4.803020239567515404e+01
8.412302761549636898e+01
1.150603737564178033e+02
1.050358725165542921e+02
1.260387034558299177e+02
9.492077735191747934e+01
8.009438958307970324e+01
1.733276517167277575e+02
1.743416097689579090e+02
7.232256189872532559e+01
5.645674938332535930e+01
5.238589523780672152e+01
3.387429764990478276e+01
6.549859059681759277e+01
9.490576056812358274e+01
9.086405774014988879e+01
1.133163390465163332e+02
8.827694501594397991e+01
1.233134521398304173e+02
1.719733816978387608e+02
7.192634899849646501e+01
5.638420789095970065e+01
3.129198987278896738e+01
8.718180047777001107e+01
8.419050985168975387e+01
1.062549900108391796e+02
8.443729443752575037e+01
1.197884966079466835e+02
1.659652582300163601e+02
1.710860900959909259e+02
7.195835561761518306e+01
5.652013793705923206e+01
6.559931840099588385e+01
7.076326462488789559e+01
9.101109482889721392e+01
8.484149889251347076e+01
1.048346178795734858e+02
8.355607044862377109e+01
1.187875629269710203e+02
1.653921250073650810e+02
1.717560011766639434e+02
7.246133520701421560e+01
5.689127048598870573e+01
6.581567494615940461e+01
6.137377654981174402e+01
6.414364738554756684e+01
8.506820791419703198e+01
7.235258309017774536e+01
1.078731235115498919e+02
1.559774919644781619e+02
1.668741966876093556e+02
7.169306598496220317e+01
5.678853434188459204e+01
6.584823433957191696e+01
5.010050275872347214e+01
6.999993604557599269e+01
6.324959069328488681e+01
9.813374759424655736e+01
1.468947155315572388e+02
1.623272836877618488e+02
7.116289221074599425e+01
5.686859037520578397e+01
6.598523804405938620e+01
5.854667763367372402e+01
9.145494552004252853e+01
1.390609453198856045e+02
1.584847213806896207e+02
7.102994454717190820e+01
5.723657033022756480e+01
6.627864356731542728e+01
6.319459492559307989e+01
4.988636966178017929e+01
7.979132583590082106e+01
1.244372933314367344e+02
1.493594339066080465e+02
6.981908222405360220e+01
5.735478862730710858e+01
6.652991952882666737e+01
7.489205720722716819e+01
1.120629983254026456e+02
1.397008019820276274e+02
6.876340634441854149e+01
5.785125219335916569e+01
6.702881979954804592e+01
7.952262278765314818e+01
1.128771766624433184e+02
6.312775517126832625e+01
5.696719418941911783e+01
6.719207726625525368e+01
8.920358139675855114e+01
5.789209393952476290e+01
5.706213201161428827e+01
6.810146528864680704e+01
5.518287216007476559e+01
6.067972087083531108e+01
7.133293157998672029e+01
6.619262439372167250e+01
7.825665815400820691e+01
7.232734638760909718e+01
4.190818253901256440e+01
5.120366923843170781e+01
6.656839958746454045e+01
3.760760631482230565e+01
5.234444944124165744e+01
6.116312312638971349e+01
5.598193180721855811e+01
6.751027919801768462e+01
8.606693456077361759e+01
3.843065991294389505e+01
8.161558038819580929e+01
8.871319007305459081e+01
6.742179062446108162e+01
5.937037447519676903e+01
8.132070545256300420e+01
1.096756091247188323e+02
5.003421858624747642e+01
6.236344524403840239e+01
7.630531558699765071e+01
5.399843218980505100e+01
6.972998766546571403e+01
5.229492691600766818e+01
9.728756571959645782e+01
9.970741483187077847e+01
7.815121797304978202e+01
8.234667973397445451e+01
8.509233668467275891e+01
7.090526830521932311e+01
1.002663111888922174e+02
8.079890758636612702e+01
8.548412919460696457e+01
9.934721366697154110e+01
8.064997384690697402e+01
5.500774917100495998e+01
8.836791717327474771e+01
1.027268134325950797e+02
9.172358167347634605e+01
8.468928047121943337e+01
6.944786978880146933e+01
7.232362741130694417e+01
1.050700383797824742e+02
9.838544489883132371e+01
1.023904325669640798e+02
9.551473364802652100e+01
1.002026681414021709e+02
8.020348097754083483e+01
9.502930598313446353e+01
6.489443214389997650e+01
7.247134384377010008e+01
1.018380905898658142e+02
1.109649456046117848e+02
1.271058879490384470e+02
9.121792026810894072e+01
9.758352698118379465e+01
8.300255516704973502e+01
6.902910306043665400e+01
9.321806687644678391e+01
8.798409249317306546e+01
1.074538951909841984e+02
1.201207772029016354e+02
1.094212035253328850e+02
9.740894678383509131e+01
9.531055030227948066e+01
1.010307482474826770e+02
9.869641936912623237e+01
1.248584629360917120e+02
5.731552738941662994e+01
1.140649443355219432e+02
1.309484942373342165e+02
1.349947997382686253e+02
1.131902154352416687e+02
1.076722136159951475e+02
1.254866155186694385e+02
1.173652936863548604e+02
1.000999527841119203e+02
1.270047243426378856e+02
1.384486228870052003e+02
8.881253256767485027e+01
5.975583002135810062e+01
1.213888370410928275e+02
1.232674313574140825e+02
1.288136311137815539e+02
1.180282085023034284e+02
1.086603062499174683e+02
8.827694501594397991e+01
1.252400871959181927e+02
1.319244961581075017e+02
1.128000260111708570e+02
1.493594339066080465e+02
5.747744022679268028e+01
7.232734638760909718e+01
