7.383147245322956564e+01
6.570890855854280233e+01
4.530257456159650786e+01
7.648270108565237990e+01
9.520132733399131553e+01
8.693488155868513445e+01
9.117071412886070902e+01
4.920147717874387183e+01
3.369452358724015539e+01
5.383422730866540462e+01
6.286088899475151237e+01
3.490153393865583809e+01
5.260037159152017949e+01
6.151147303500366093e+01
6.174581135232044460e+01
3.648345501273944791e+01
5.960193473353641025e+01
6.288764711000334273e+01
9.151737317120471005e+01
3.879536221835171261e+01
6.104420066070728268e+01
6.759208034134802290e+01
3.738642597472793483e+01
5.717445418671235302e+01
6.843548657578330108e+01
6.820046794710032145e+01
7.805051284727687744e+01
6.687397058824430474e+01
6.647385386378741146e+01
7.585435457590305930e+01
5.679763799371968247e+01
6.687896543019459727e+01
6.793882652847085524e+01
9.828470458346309613e+01
6.787665646446755829e+01
3.665377686225482279e+01
5.658244915777479633e+01
6.765024052967494583e+01
6.491359635863476285e+01
6.483793213232874564e+01
1.017505663619528207e+02
5.265369362247786000e+01
5.349607484897755683e+01
8.539969706673015537e+01
5.059225115787151594e+01
5.140950909712612571e+01
6.005036515734506253e+01
7.194408087466470647e+01
3.380688794780343187e+01
4.085027467969094772e+01
3.956481857779616007e+01
4.368309266733608354e+01
4.029355676466246905e+01
6.663990506669607328e+01
5.191796054769836388e+01
8.732145140669086913e+01
8.388562945773379909e+01
6.459367190042208051e+01
5.954726233478567110e+01
9.845741905104586067e+01
5.716241390783571319e+01
5.792771027099389158e+01
9.103647664747030888e+01
5.623876370254789947e+01
6.860293738636310934e+01
6.720912524440232971e+01
7.494123104021582549e+01
6.044980647908292326e+01
1.021453610453260268e+02
1.013551486193763509e+02
8.480723463037116971e+01
1.316227163953708157e+02
7.989956980912320716e+01
6.276108841282818673e+01
1.044777705859749233e+02
1.030690792454585818e+02
8.608774467719581480e+01
8.078332324431822542e+01
1.370640480304448090e+02
6.836566389692507073e+01
8.328113786041296862e+01
8.235523838359478077e+01
9.245242108743140363e+01
1.064659691222235409e+02
1.682898755172397216e+02
1.057678860848922255e+02
1.224618114370068298e+02
6.330178163332629993e+01
1.109454627973670142e+02
9.760671672373058527e+01
7.638044267087671813e+01
1.219968300129657024e+02
7.769790059293757167e+01
5.231948349741518456e+01
8.958939427912348208e+01
9.396348934225407845e+01
4.472368573216535736e+01
4.248785675157089514e+01
4.677171190631244002e+01
8.156942621925614390e+01
7.292518161142690758e+01
6.725164807894201147e+01
6.148312264417599238e+01
7.768181120999655320e+01
1.172715067856970279e+02
6.221614842633750442e+01
1.047467681855500814e+02
9.535495570046330727e+01
5.977910182593688404e+01
9.456811910093847473e+01
6.138430194586055677e+01
4.411659230756086458e+01
5.055688418941741702e+01
4.427685483825852231e+01
6.296239711093942049e+01
9.571898805113968933e+01
1.082238224276735536e+02
5.879770279479792805e+01
6.482641800593610526e+01
6.370155593434294161e+01
8.146411316156857652e+01
1.095020142316603255e+02
5.946055967357386862e+01
1.012549011896906563e+02
9.357749174729535468e+01
5.505044716983603337e+01
4.975098475474789694e+01
6.990881162547529470e+01
1.044158479991112500e+02
1.180951004203866574e+02
6.375330233616772091e+01
8.205611253580909192e+01
9.639414969349030571e+01
6.460014549172008458e+01
5.930569469574740538e+01
7.650500476775007996e+01
1.093449253649456807e+02
6.152383682541597665e+01
6.394252055720114214e+01
9.280861711698290151e+01
1.043488802995265274e+02
5.725917926601120911e+01
6.185715814223772213e+01
1.003195590624135463e+02
9.339525514327112887e+01
5.807306488389919963e+01
7.547319852242688398e+01
6.713370295160500234e+01
9.374843770564368128e+01
1.044198857797053250e+02
5.853745741978848827e+01
6.451968757247773567e+01
9.534901860154499786e+01
8.074631576150017054e+01
5.241232673724042002e+01
6.202624676507921464e+01
6.852141653318815884e+01
3.993559031885974520e+01
4.549734734057648211e+01
6.677397203081743271e+01
8.059918150523087377e+01
7.845789936908715845e+01
4.788759795828697463e+01
5.802257958916997183e+01
1.032078698684831011e+02
7.482984984864297928e+01
1.101032578824513735e+02
1.344730182185032845e+02
7.250779434536380563e+01
1.030149435961670150e+02
1.241840063728473638e+02
5.059156288648497224e+01
5.755200412909607621e+01
4.872325806110148250e+01
4.996079519379277656e+01
5.034051141549757347e+01
5.187950532381523061e+01
5.272379616440797889e+01
6.493833588887547137e+01
6.622920870948657068e+01
5.265638321990323334e+01
6.623836884737868047e+01
6.465796417183510414e+01
3.829161814698284871e+01
5.233776451846535593e+01
6.602994735949651783e+01
6.304464426554103085e+01
3.567580235478859407e+01
4.833308087862985047e+01
5.265424355207446894e+01
6.841121535502880135e+01
6.965174241172388747e+01
4.462719590595348507e+01
7.130622479592710761e+01
7.865826902154050515e+01
5.265486045674742144e+01
6.897113841160789605e+01
7.151651947979949853e+01
4.824041877000917111e+01
8.209485240381361848e+01
9.666080739041727554e+01
4.713461955767737521e+01
5.257752901236212040e+01
6.898834550062174742e+01
7.185944346463112709e+01
4.971745452431314760e+01
8.750175420453943786e+01
1.070900561344477495e+02
5.148673273409266926e+01
5.103450145952662353e+01
5.253795719437643896e+01
6.906171110675728642e+01
7.226734196842217273e+01
5.102542290449169826e+01
9.257151214549161011e+01
1.182799185106848654e+02
5.891408653972077758e+01
6.380743709962442267e+01
6.193346599063075075e+01
5.248743297593237145e+01
6.901816193015268652e+01
7.231372713664040930e+01
5.166872652715129988e+01
9.550478176856155699e+01
1.258058023638027407e+02
6.488848753473091335e+01
7.518858246121638444e+01
7.480872812092054858e+01
5.848832276253070717e+01
5.249289257776460005e+01
6.916621045732344442e+01
7.279770515364023709e+01
5.272174656054834685e+01
9.957536933257979683e+01
1.357640919900057384e+02
7.335734581455463399e+01
9.134385739561984963e+01
9.696934547973351926e+01
8.184277246005341055e+01
7.739652123826134300e+01
5.245239188995855528e+01
6.909159461189075557e+01
7.269803234075423859e+01
5.292452410935916873e+01
1.008468172157340916e+02
1.399426426929123579e+02
7.772592703316250606e+01
1.013507561863435171e+02
1.117551616707046094e+02
9.802140524376501673e+01
9.700409186883240409e+01
6.331144561181800867e+01
5.235760757206872995e+01
6.877302295218949268e+01
7.197797707020596647e+01
5.225336655879844017e+01
9.918528685830280267e+01
1.377157005316603886e+02
7.708639606799113153e+01
1.027701188637896479e+02
1.145044988625102178e+02
1.009670703009272472e+02
9.999403844308262990e+01
6.578293430377006246e+01
7.390936659650806462e+01
7.128037773339242733e+01
5.154300185851396776e+01
9.723430035495719892e+01
1.344693090912381308e+02
7.537119929245639582e+01
1.017490885546447572e+02
1.135269496403959408e+02
9.963928287443624754e+01
9.742719347551634712e+01
6.323459099270512240e+01
7.108950939391944246e+01
7.467814564174278757e+01
7.136493243612608239e+01
5.178009475701348663e+01
9.818562018596830399e+01
1.370661096896484423e+02
7.805456605306213191e+01
1.080550801366937606e+02
1.237326215404260239e+02
1.118791393526090445e+02
1.132538111564272043e+02
7.702552838335920171e+01
9.290528555171272274e+01
1.106993305327897019e+02
9.090947194389951846e+01
5.196631111888314791e+01
1.391103023357161703e+02
8.022467360942144410e+01
1.133260526241648449e+02
1.325833227960538068e+02
1.229060244601421488e+02
1.280091348024252795e+02
9.023559662589086372e+01
1.138971752463920097e+02
1.447079745647109235e+02
1.267182290106391349e+02
5.521813991617380424e+01
5.223561644868861720e+01
6.843574088933418409e+01
7.126388279438742757e+01
5.183874972730905739e+01
9.865480578240412513e+01
1.389357105469515545e+02
8.057899001761917646e+01
1.152116757573318182e+02
1.363697698524747750e+02
1.281771423312422087e+02
1.356369426812127870e+02
9.761289385491681969e+01
1.262340195769302653e+02
1.658069702334129829e+02
1.493257319327697985e+02
6.424422066562900113e+01
5.220194816846362329e+01
6.832575839724739808e+01
7.101797166516128357e+01
5.159841326312925247e+01
9.799929532229285201e+01
1.378729978703841823e+02
8.014744305749948694e+01
1.154803566980481264e+02
1.394374755802315633e+02
1.017794469457170408e+02
1.337057472484126492e+02
1.795151961037410047e+02
1.648428726877523047e+02
7.068107840767525829e+01
5.788701001380883326e+01
7.197419791051993343e+01
6.841987039173829999e+01
4.919864986909525584e+01
9.145617920586548166e+01
1.274253456210886384e+02
7.493067794991563346e+01
1.100284715948052252e+02
1.325999437193331119e+02
1.269443297461409514e+02
1.368641100892731401e+02
1.006794862244372695e+02
1.329191543156720172e+02
1.791680566686321754e+02
1.649314099158165448e+02
7.076550110253846526e+01
5.795249137698960595e+01
5.570347938408897903e+01
4.162802889715295152e+01
7.720476456530944631e+01
1.080472656643451899e+02
6.535475710466369037e+01
9.915529911662106599e+01
1.223148735489187402e+02
1.194949413914483216e+02
1.305834174500765528e+02
1.774497873875231448e+02
1.642398978333424395e+02
7.066557174446255374e+01
5.794621610676477985e+01
9.284820469842439650e+01
5.709650161202949192e+01
8.939851785707563181e+01
1.125831312029405069e+02
1.121263753625152759e+02
1.251595717025079324e+02
1.757086908934432188e+02
1.636145339454908196e+02
7.060099020815960102e+01
5.796325877996728337e+01
6.806189130167034307e+01
8.074546441276959285e+01
4.949451744107027196e+01
7.990520328002175177e+01
1.025134558559155948e+02
1.040921011629724546e+02
1.184131818399853984e+02
9.153524181282917027e+01
1.628446644524794067e+02
7.052410652876540098e+01
5.798616498168337330e+01
5.389240135430390666e+01
3.594791845934466323e+01
6.298559141624929225e+01
8.513458528570778583e+01
9.028988062351874078e+01
1.066338301862104174e+02
8.522763771069584493e+01
1.195400992317351125e+02
7.013318836194005712e+01
5.789356211997744595e+01
7.916556557027139718e+01
8.399954183035704602e+01
1.002533633138913700e+02
8.169346694515027707e+01
1.161992762595081672e+02
1.665272998737254113e+02
5.799401867423759427e+01
6.540846806982358430e+01
8.111912571638252700e+01
8.341863099178196705e+01
9.822000097480334091e+01
8.061941193633870739e+01
1.149842538694831404e+02
1.661078793487541247e+02
1.608213741351662520e+02
5.831133292685787239e+01
5.729486252834713156e+01
6.421002998966385178e+01
8.056107420134557628e+01
7.036735906887355441e+01
1.048702649607629525e+02
1.573102018865797334e+02
1.567267573564900545e+02
6.996330630046620058e+01
5.820659552016346794e+01
5.110518500621935090e+01
6.669685800873172354e+01
6.176245202300729886e+01
9.541299404444072252e+01
1.485227072795779861e+02
1.528173935735604800e+02
6.947631126141931190e+01
5.824321333751670693e+01
5.914824936704656011e+01
5.633078490126858640e+01
8.746838545397206133e+01
1.397049745327528001e+02
1.488531208241234651e+02
6.915864733610274584e+01
5.845091432077412463e+01
4.980129734860926050e+01
7.716084847780876999e+01
1.262858272839669382e+02
1.414369284866043586e+02
6.818839015876078236e+01
5.855733902664935187e+01
1.127122905951705292e+02
1.321694386622058346e+02
6.698284962555148070e+01
5.884094974383985033e+01
7.078368025096730776e+01
1.076533469705000101e+02
6.156400934506430644e+01
5.781520496681201848e+01
8.104622850672301126e+01
8.809855573487840275e+01
5.699614921297605008e+01
5.784320993419685664e+01
5.652803693528642981e+01
6.209947001349961226e+01
6.729844158730077197e+01
4.996079519379277656e+01
5.920395948944161546e+01
6.051526554967936988e+01
3.830963918565041126e+01
5.044883635881191708e+01
5.640586971389310378e+01
5.519580048338198708e+01
6.440872238577748021e+01
8.070040374913624248e+01
4.020429033584796485e+01
7.980185902372639362e+01
8.566668066914419910e+01
6.666358432231244535e+01
5.694540287690108471e+01
7.960936555744122245e+01
1.068528561835637305e+02
5.001046950531105750e+01
5.804101485915908398e+01
7.668814494621456390e+01
5.678402341300224521e+01
6.615597465933377919e+01
5.326529049820800310e+01
9.589865989435718063e+01
1.001604694915765208e+02
7.480290465915388154e+01
7.956730946281210493e+01
8.052397867521071362e+01
6.668769926340789311e+01
9.776802473348178069e+01
8.146187096718085741e+01
8.264175456178503509e+01
9.078882782348753722e+01
7.915868869672011954e+01
5.537474121287387163e+01
8.669148744168147402e+01
9.681782922693466276e+01
8.675563351714164639e+01
8.463109599031947994e+01
6.660828972602989495e+01
7.051922319960742414e+01
1.025448307879132841e+02
9.444011452297424114e+01
9.939023121265094574e+01
8.994458295050351637e+01
9.414226945584563566e+01
7.707085141700694919e+01
8.890261111341290245e+01
6.258434876337594233e+01
7.408460915531371427e+01
9.799597791768375998e+01
1.059126408841017053e+02
1.148092586804493322e+02
8.588418556605830645e+01
9.377656394469642009e+01
7.934411173617797886e+01
6.649121605431520265e+01
9.181067013760964812e+01
8.535971665097932259e+01
1.027203101690014933e+02
1.139812073937312249e+02
1.098976461403539986e+02
9.332984595734377820e+01
8.993622951914159103e+01
9.786388584764175391e+01
9.444197570551500576e+01
1.175939556431497550e+02
5.463992656016624494e+01
1.104479094993925798e+02
1.251039569272347762e+02
1.285772845432062468e+02
1.075096823105532309e+02
1.039228909423614624e+02
1.180406347973836034e+02
1.141665944448141516e+02
9.682165785489708298e+01
1.223365082631302272e+02
1.388328757292957505e+02
8.504125857008568801e+01
6.109151505141717564e+01
1.164507505036727224e+02
1.174059906392775616e+02
1.252871173543039731e+02
1.154605189607858904e+02
1.041322186443258886e+02
8.522763771069584493e+01
1.215651430683807206e+02
1.310895436221512398e+02
1.105002266379940181e+02
1.414369284866043586e+02
5.741967367681278489e+01
