7.665946698054699482e+01
1.028260501846805965e+02
7.953561107161353050e+01
8.953978047925657791e+01
9.673529196600452451e+01
6.044983903804408243e+01
8.878882699399996170e+01
6.491270870841070462e+01
7.868837097591260488e+01
5.946516514781003337e+01
6.646867087215051129e+01
7.010811371333466013e+01
4.430879749915156651e+01
6.185468770592990495e+01
6.265109318609875544e+01
5.446166536264066593e+01
4.032800883877806086e+01
6.182129280370901370e+01
4.669860680752691451e+01
5.395255460147973281e+01
4.856155628161365456e+01
5.565535555699856474e+01
5.831796482196792653e+01
3.805484633740357481e+01
5.485522150355744486e+01
6.568468917021790787e+01
3.974352541220891055e+01
6.037442930036928601e+01
7.105356826219635025e+01
4.313265266472637194e+01
6.563331984433108346e+01
4.769183773168401075e+01
5.847535471375612559e+01
6.173449661496670871e+01
5.494123927150675968e+01
4.924519153891581880e+01
6.089064044894928429e+01
6.073384404983660545e+01
4.062659550910903050e+01
6.054111280888734825e+01
7.373273871536181900e+01
5.256459426179624472e+01
6.271731371489014606e+01
4.282602445139749392e+01
4.474230358239114480e+01
5.350030672398192877e+01
6.243122003131995967e+01
3.856764527399011655e+01
5.988568650647547287e+01
4.458953729215419770e+01
4.893283203073645637e+01
3.145876352981809987e+01
4.672267473837470675e+01
5.597754546372915030e+01
3.758193546959864051e+01
2.865177091028913381e+01
5.525425201618095628e+01
4.011285840347977683e+01
5.940083953879133816e+01
5.577337558472283519e+01
4.137621325083659940e+01
3.038429918380967720e+01
5.901421692439664923e+01
4.334056207420613305e+01
3.701901527435526162e+01
3.824203080396532073e+01
4.637230028164581341e+01
3.048087384505195274e+01
4.657088153812829745e+01
5.532816876170857512e+01
3.669760919751205819e+01
2.817069192484698092e+01
5.323031799618812698e+01
4.983949853503687422e+01
3.728027021669715424e+01
6.114909846037655683e+01
4.224135825428628266e+01
4.501872388840639871e+01
5.673805335781624137e+01
5.226895715627849626e+01
3.872971361000180224e+01
3.110509245244533005e+01
5.784187539149024104e+01
4.172979839209997266e+01
6.549881764551112440e+01
7.198907298464622784e+01
4.411008681798352882e+01
3.278078780818363924e+01
5.995372294187303908e+01
6.071071505175135030e+01
4.199473426893018058e+01
4.472079883304853354e+01
3.206619446736731760e+01
3.828495631792620912e+01
3.808554014562066925e+01
3.489822228505371271e+01
4.619348458285190162e+01
3.239134456645161464e+01
3.504780177558102849e+01
4.344946774155717151e+01
3.965242951937462834e+01
2.977150443490094744e+01
4.674666666960498418e+01
2.671824502897174369e+01
1.933255605142162281e+01
3.402652462842971204e+01
3.327785348067463644e+01
2.480128754659513746e+01
2.237340668829578050e+01
2.604936904608964099e+01
3.709692547300838328e+01
3.424049438342284191e+01
2.664892877187017817e+01
3.194328855425947822e+01
3.005204550481828463e+01
2.755930509762265856e+01
3.493392673894071976e+01
2.416638788140148009e+01
2.586897790298631250e+01
2.782143636417209009e+01
2.122388586287100409e+01
3.728027377939932308e+01
3.587946036567801400e+01
2.683775479105129236e+01
2.199211880055757717e+01
2.614708938517337700e+01
2.837004814290889598e+01
3.228118520647878142e+01
2.978701802622814299e+01
2.246076112437503625e+01
2.645816263319862216e+01
2.821348908138018885e+01
2.553500261213983435e+01
2.575899670487378756e+01
4.337572443337730732e+01
3.956938215824357030e+01
2.899899409926989691e+01
2.375077004534563585e+01
3.014122981318036310e+01
2.774303914159780504e+01
3.087216905066494377e+01
2.238088400189716509e+01
2.498666707289987698e+01
2.313135016760042362e+01
1.914953339380715036e+01
2.253910260196607851e+01
3.453965082311049883e+01
2.913153437865459239e+01
2.046266647334469724e+01
2.245535672128188764e+01
1.604923677837854612e+01
1.660746636124470399e+01
1.532340990690023119e+01
2.105718986984349783e+01
1.473074258778206769e+01
1.193001499641384378e+01
1.443280542236762010e+01
1.191483540595575441e+01
1.524549738121493014e+01
2.329806170399476883e+01
1.881202097040041110e+01
2.850873729132151269e+01
2.358132793926080240e+01
2.748023542440445866e+01
2.275051943319884273e+01
2.911671981987461066e+01
3.626108532256217387e+01
3.318993467999815294e+01
3.465007143071861861e+01
3.595921531935332638e+01
2.861525925599896780e+01
3.551506037009028205e+01
4.229123294491348162e+01
2.957591444635651712e+01
3.332555651971867405e+01
2.417155297138592829e+01
2.606430171582515243e+01
3.763962760322765178e+01
3.818612822875711998e+01
8.022948682684631194e+01
6.986779225514769109e+01
7.907268107082755648e+01
5.392955798537675349e+01
8.792839667636486922e+01
5.225352564849902848e+01
7.194159360369178557e+01
6.174697944162794983e+01
7.292075603460509114e+01
3.769332001901732809e+01
9.006152027010367078e+01
9.231708003946914687e+01
5.387058232388815071e+01
4.560367231065241356e+01
7.525242955683513912e+01
9.126453608884578728e+01
4.073290945212605152e+01
4.318181806274893120e+01
6.582370842759375762e+01
5.117001554647315231e+01
5.152554933193092523e+01
3.152091954779619343e+01
9.013834406902476815e+01
9.040489465174076145e+01
5.579020404066795180e+01
6.069240812419855757e+01
4.781644032871295025e+01
2.256543409169905345e+01
7.758856927727561015e+01
6.595198890564110172e+01
5.179401947811589224e+01
6.239746340645695710e+01
2.699458934692301071e+01
3.380320237996697585e+01
6.028457841006018469e+01
7.285763905860288503e+01
4.290975827467337211e+01
2.979989375180543831e+01
3.168037697758021665e+01
8.806347785662372019e+01
8.410658995928454829e+01
8.912664280783111792e+01
5.720928555993290843e+01
6.369224654409441655e+01
4.032667042374357891e+01
2.924501648457622238e+01
4.300670415189852491e+01
2.931964142026057374e+01
6.764695553402852113e+01
7.897807700279946630e+01
9.303290591419423095e+01
5.462481828796524042e+01
4.125937107103998613e+01
4.243875024261585338e+01
5.046304093941355973e+01
3.603849216138775802e+01
2.673417854334898536e+01
6.913823430140605808e+01
6.422711689507995914e+01
5.220642401403932809e+01
4.858159445816839650e+01
4.804089555289419167e+01
5.418189044556002898e+01
2.719812879480139856e+01
3.597869734305561451e+01
8.246128274312324891e+01
8.338240161653796179e+01
9.079789124285575497e+01
6.957469801219112071e+01
5.862918854846279970e+01
4.182207987659872828e+01
5.404003816177988995e+01
6.765753541973813867e+01
4.249652271224317701e+01
4.185235713843970018e+01
3.243036925953585836e+01
2.704501220009677454e+01
8.352055732568304336e+01
7.843346646541685629e+01
5.849708194590969867e+01
6.131085606019718171e+01
6.508278493827394584e+01
7.608653262608945056e+01
5.399450198499603459e+01
5.875838161710912999e+01
3.887295584633308465e+01
3.242944963936739811e+01
3.576104822607274514e+01
3.846243419114613005e+01
8.022948682684631194e+01
8.100428669558444028e+01
6.646910431998496449e+01
8.411065039240696706e+01
8.436606596023663940e+01
7.589165044486099987e+01
9.396800996292202512e+01
9.593642400849721241e+01
5.478342505451014688e+01
8.518963502534302279e+01
9.946454672432564337e+01
1.135838291504729085e+02
6.376213367772754737e+01
4.426909616119329627e+01
8.566405966547094408e+01
1.045816297211393362e+02
1.318648459796309567e+02
8.400947306898959255e+01
6.729361017197527417e+01
8.642066742134798574e+01
1.070654328484420574e+02
1.420497925563359161e+02
9.646419735520609606e+01
8.213022690971116901e+01
7.614320891641288824e+01
8.670495534098429857e+01
1.083996947431346598e+02
1.481147910253304190e+02
1.045592637797761455e+02
9.287261216325912017e+01
7.938003914046056764e+01
3.559816831820404559e+01
8.681412131558215606e+01
1.098097663838348979e+02
1.538674404944024161e+02
1.131915258300803941e+02
1.069090426105998830e+02
9.533369088088848287e+01
4.292624219702224764e+01
8.702499190862882017e+01
3.360257640162487291e+01
1.110068568403100215e+02
1.585857461345938475e+02
1.206028226361604965e+02
1.200129592487260766e+02
1.135627309887539553e+02
5.453690432926370590e+01
8.722983647695110676e+01
1.115598559108058367e+02
1.611065771057046732e+02
1.247227985065099460e+02
1.277703577514855624e+02
1.242637800354574154e+02
6.120840918558894117e+01
8.728965096105352472e+01
3.031918276077999863e+01
8.733004651861060097e+01
1.119592770096118670e+02
1.629578323779013544e+02
1.278210047589169989e+02
1.338517010968104444e+02
1.333292618693187990e+02
6.757951089829217040e+01
6.864099199923684580e+01
8.739523878971618842e+01
1.123844764530430922e+02
1.647192990577158866e+02
1.307393246575608146e+02
1.396010196761418172e+02
1.425545617593583358e+02
7.469635033918180511e+01
7.917828331612112436e+01
2.142503293907419959e+01
3.304158836140844357e+01
8.746398660351310639e+01
1.127777019318740770e+02
1.662680591781521571e+02
1.332893212108193950e+02
1.446462438511024686e+02
1.509657600171719025e+02
8.151752942660188239e+01
8.988019686500372529e+01
8.750655356779522265e+01
1.130485163789198424e+02
1.673778374392899764e+02
1.351426444629449577e+02
1.483966627715717266e+02
1.573384466571382632e+02
8.687167223948789285e+01
9.867860669420647923e+01
5.034796940651711594e+01
8.755198307013631620e+01
1.133047031219886946e+02
1.683779661061252568e+02
1.367937001889308988e+02
1.517186662065337259e+02
1.630869656732872954e+02
9.181785138721885176e+01
1.070605870175518959e+02
3.810778192952768251e+01
6.190925032573453990e+01
6.026047133192037109e+01
4.153073495683053551e+01
8.758115473104996340e+01
1.134869771161050238e+02
1.691169229702000791e+02
1.380280729146714407e+02
1.542439464487737553e+02
1.675035324048878635e+02
9.570655584255271719e+01
1.138616791059038320e+02
4.344792431131357802e+01
7.222145955141988338e+01
7.087384841794801105e+01
4.882065021577540165e+01
8.759478741868981899e+01
1.136026663085254427e+02
1.696289594507024958e+02
1.389059497918007366e+02
1.560903362123142983e+02
1.707690249027292282e+02
9.865617516580954316e+01
1.191889491629173961e+02
4.792076983175062566e+01
8.102437564341190068e+01
8.014361062022200599e+01
5.559388226112710640e+01
3.985222551617401621e+01
8.911937275426012661e+01
1.368863592770632351e+02
1.162486613765101993e+02
1.358366290775535106e+02
1.526322802601967794e+02
9.114018224652626543e+01
1.135620034364825273e+02
1.202645828545581850e+02
8.138679446254559480e+01
8.051047705176354441e+01
5.582811439621964666e+01
3.999600079165211497e+01
9.839404178841942894e+01
8.851828056745152651e+01
1.095564913456188521e+02
1.278623078289322734e+02
7.993575553405685241e+01
1.037714417390465940e+02
1.132648416850686601e+02
8.011627847134539593e+01
5.573234989301761289e+01
4.000225610017675137e+01
5.156969896646536711e+01
6.211608784274628192e+01
8.332316491367151912e+01
1.017372925142947651e+02
6.756931488793458129e+01
9.240330558925217019e+01
1.046713062636633680e+02
4.555117041809372580e+01
5.553858748130722489e+01
3.997955163459510430e+01
5.155291553102366464e+01
3.736055095989377861e+01
6.850238997362497173e+01
8.186765591368634887e+01
5.754981434463577727e+01
8.318612527642967791e+01
9.773785909067960631e+01
4.464401876370990152e+01
7.880813927150333598e+01
7.928290410482010486e+01
5.560631865497770576e+01
4.009481194793811198e+01
5.162700944967513550e+01
3.740293994100041175e+01
4.270179578426266431e+01
6.017192186291300260e+01
4.497355459546815837e+01
6.980277045508387346e+01
8.596804654017525138e+01
4.212317188686474623e+01
7.608653262608945056e+01
7.761405924373515575e+01
5.501403095074074656e+01
3.993859691232449904e+01
5.152607296700066541e+01
3.739174000177172985e+01
4.270471395214900667e+01
3.542926761950042192e+01
5.867966932684515058e+01
7.490516980623338839e+01
5.231980666931539758e+01
3.931414891091747421e+01
7.282650121684572753e+01
7.549910736197332994e+01
5.424302541045084070e+01
3.973410301677200351e+01
5.139465368255184075e+01
3.737759014491069109e+01
4.270852475983947727e+01
6.315115378370325772e+01
7.352139980696898647e+01
4.941955244850234408e+01
3.761117507965386153e+01
7.043589183507609164e+01
7.365315521918955710e+01
5.357520773729730479e+01
3.960700869329744478e+01
5.130546168490786130e+01
3.738589285271271478e+01
4.272222106084981874e+01
5.599875460433301555e+01
3.876598509632459866e+01
3.133678022045646117e+01
6.149956194507253571e+01
6.693442356398165316e+01
5.058099767692442583e+01
3.846463404328136448e+01
5.057271829576676225e+01
3.719857884115850055e+01
4.267409314498350881e+01
3.163356138168067844e+01
2.666375465378753162e+01
5.351258537004917315e+01
5.992634070419445891e+01
4.719385807185089021e+01
3.713736209439268521e+01
4.969655577204159869e+01
3.698332028565439344e+01
4.262272694073761414e+01
2.607694360646550891e+01
4.892908591673018037e+01
5.358469638323370532e+01
4.355672866173441804e+01
3.560937275526171675e+01
4.861173724808951846e+01
3.672304175763115097e+01
4.256452814341258062e+01
3.967180936932344082e+01
4.287164353216098789e+01
3.694975695999101362e+01
3.242944963936739811e+01
4.631436659923507193e+01
3.610134934716167976e+01
4.240262781314197582e+01
2.898223608228850878e+01
2.767890714807668573e+01
2.729640083823406016e+01
4.233302170260569142e+01
3.495287876683899242e+01
4.209450101606481809e+01
2.819743302051470479e+01
2.586542024632788284e+01
3.935939639155760261e+01
3.401610750188093846e+01
4.186324171298485908e+01
3.119731327758278994e+01
3.822507796763609633e+01
3.329588348306933199e+01
4.167112393222152633e+01
3.471007877603265968e+01
3.112891845956195169e+01
4.097927963197687973e+01
2.559105456737615114e+01
3.887388247369175076e+01
3.846243419114613005e+01
