7.554755850324227140e+01
1.011633204499484293e+02
7.748559848429478336e+01
9.170240231903022732e+01
9.854572667080790893e+01
5.577306103658482783e+01
7.925881765608792762e+01
7.020260686367434744e+01
8.004185244035896574e+01
6.036323472618980190e+01
7.088475663220147283e+01
7.368742716324088349e+01
4.183780910360069072e+01
5.468965306346191824e+01
6.457131847596110674e+01
5.223846658513974717e+01
3.807854052740020734e+01
5.605510332491506631e+01
5.044358738459139602e+01
4.973218827829488475e+01
4.986826588870221855e+01
6.018416983850599422e+01
6.173279397823237957e+01
3.593181470433901126e+01
4.874230524356121919e+01
6.096923401040147894e+01
4.500532417300011900e+01
5.624316217926747896e+01
6.563973468965684788e+01
4.852560321523400688e+01
6.098888252136764265e+01
4.338156503777974393e+01
5.223973012540985650e+01
6.166112627473692953e+01
5.180963860795538523e+01
4.523611659223310255e+01
6.603529182957122146e+01
6.450446388690878052e+01
3.825899316619565127e+01
5.423555989463990556e+01
6.746502326880853673e+01
5.872201541328561092e+01
5.043205614276697446e+01
5.781547823711208167e+01
4.974660139057187536e+01
4.303337497640762876e+01
4.954401659628613430e+01
5.718061950558524131e+01
4.237671801578103015e+01
5.522544578844511420e+01
4.071178937192615876e+01
5.312146969577262468e+01
3.012398037275654872e+01
4.359509593945285388e+01
5.130780483566967121e+01
4.269667541753408813e+01
2.847329165937687989e+01
5.057066114616112884e+01
3.783284905905852469e+01
5.716492655594367989e+01
5.255705818090401493e+01
3.876380678771238308e+01
3.138944107104652659e+01
5.600231871309129161e+01
4.240997607681844528e+01
4.328410009512690948e+01
3.854992602013825831e+01
4.551816101379927204e+01
3.150508410369478796e+01
4.909237363822067124e+01
5.534119608132935753e+01
4.361949495550904743e+01
3.047620767419694232e+01
5.355206717225498636e+01
5.003618413680128185e+01
3.768293837886114517e+01
5.868645319935342997e+01
4.431838117515564335e+01
4.295025651875312178e+01
5.704482511875666262e+01
5.288582286470366967e+01
3.957525625253958168e+01
3.437464643561160926e+01
5.879467698000409825e+01
4.542606599610392948e+01
7.224425676460356271e+01
7.397451286075890664e+01
5.016475932421321460e+01
3.660086292413648579e+01
6.195376822101486169e+01
6.212852941029386500e+01
4.831491972046185879e+01
4.688520284774727287e+01
3.450784165939180781e+01
3.571414306635930558e+01
4.002476149203303635e+01
3.576045303405666687e+01
4.528535222484870815e+01
3.591035501603379743e+01
3.542444348641756591e+01
4.233642218315175398e+01
4.049793678653949058e+01
3.159625096362782060e+01
4.250066334004408475e+01
2.448031920597520639e+01
1.920708923057350503e+01
3.113625218313442033e+01
3.108180628540684509e+01
2.647125238925344348e+01
2.344092606930508893e+01
2.607922619093353589e+01
3.400093141409868736e+01
3.266868249247686151e+01
2.843790532367434665e+01
2.956037103847042147e+01
3.042290532188151531e+01
2.770081206659884998e+01
2.837500672737696306e+01
2.366716558667836878e+01
2.347498628539303311e+01
1.646837755049759267e+01
1.572877960797117680e+01
2.596326581007143730e+01
2.682942210687916784e+01
2.402908223809894395e+01
2.104643464624953708e+01
2.161666889372826716e+01
2.689704870481173771e+01
3.126112076978970933e+01
3.048484549025008405e+01
2.530573091192749757e+01
2.532473300576070940e+01
2.991131499037856400e+01
2.678026690459535430e+01
2.596931141815457167e+01
3.702991729618425154e+01
3.617472292478114326e+01
3.326989713046156538e+01
2.913073304297956057e+01
3.110250250451830567e+01
3.081961429944526643e+01
3.520513420560483553e+01
2.336670792019089404e+01
2.604847328512475713e+01
2.613637268393240021e+01
2.515601518342367271e+01
2.522215724743057308e+01
2.571896742761823873e+01
2.552926376770206218e+01
2.538869967461613442e+01
2.288648435435983330e+01
2.405033349368027373e+01
2.066018199388155097e+01
3.235896314076573788e+01
2.455184441314366595e+01
1.565467163773170434e+01
1.451707150125529111e+01
1.560069664459238048e+01
7.169753912097221793e+00
8.670699356512974632e+00
8.480629700941959115e+00
9.073397713068956705e+00
8.191213678992040670e+00
1.249907504866842167e+01
2.317435629305873235e+01
1.406899158510557335e+01
2.131986835131498736e+01
2.011495046856861180e+01
1.894451824260326234e+01
1.742511177754082752e+01
2.682960337442608889e+01
2.983657783323633694e+01
2.552573321843687637e+01
2.012965933940453667e+01
1.603861328472223491e+01
1.552483910814866519e+01
2.478127985867105920e+01
2.685268847181852436e+01
7.710874409633818871e+00
8.506481701379813742e+00
1.469978860508348006e+01
1.586037442204032288e+01
5.537261662446779198e+00
1.091148277021200563e+01
1.149841455389207923e+01
1.904671734267211036e+01
1.763959846981947877e+01
9.297361176037011177e+00
8.171967822974420415e+01
7.051075544169943043e+01
8.125886819555516638e+01
5.545251274558526688e+01
8.656751738335732682e+01
5.561162177520925809e+01
7.339836614464262254e+01
6.690355752922461363e+01
7.750302493050961061e+01
3.616953158474290575e+01
9.407717365468448634e+01
9.798815940261025048e+01
5.588330979863074788e+01
4.273067125776316999e+01
7.908265760804532363e+01
9.845079364752442075e+01
3.712096533234334572e+01
4.160267474931777087e+01
6.529562592282196931e+01
5.045243165487077164e+01
4.898232266331231699e+01
2.593454863461461457e+01
9.271685797893916003e+01
9.575375075514406831e+01
5.430058698215022872e+01
5.468789222731582100e+01
5.104428225228681981e+01
1.691863488320537456e+01
8.071204950114406529e+01
6.373215038438384283e+01
5.477205440170102690e+01
6.481750781461778388e+01
2.861193989902811552e+01
2.693268442274830576e+01
6.436010481521786630e+01
7.277335026761569736e+01
4.665384260599981303e+01
5.184249186186150382e+01
2.663172069350441973e+01
1.898178377910336323e+01
9.566960747190242387e+01
8.525417064396040701e+01
8.321191068275193459e+01
5.993545034754508549e+01
7.404250181047724766e+01
4.350649355250481420e+01
2.924673297681785300e+01
3.466362497316334412e+01
1.602057729921744667e+01
7.230398904627242018e+01
8.716362931378010614e+01
1.008464640818136218e+02
5.898315977052006076e+01
5.004019193776563412e+01
3.953008004762833139e+01
4.991153044718687681e+01
2.833998190524135552e+01
1.483410153527273501e+01
7.400064156739614418e+01
7.471179111657218641e+01
8.303262495159499679e+01
5.486793237164224024e+01
4.966536585217345134e+01
4.133562129859454615e+01
4.704529503393400347e+01
2.044743231117266546e+01
1.736712245065892901e+01
8.900194098775428131e+01
9.234785462089583064e+01
1.118137138140658635e+02
7.391032823385192785e+01
6.803991649789838903e+01
4.340750370369860178e+01
5.090944288476562463e+01
6.538527171198349208e+01
3.628175684816010005e+01
3.575165895525818627e+01
2.492335273245002014e+01
1.175904309270272208e+01
8.880558824943101115e+01
9.063216061874278751e+01
7.569563754985324522e+01
6.376190558606469239e+01
6.486048333887902118e+01
7.946165289832184442e+01
5.047381268969173362e+01
5.350416263832086372e+01
3.608370173546047255e+01
3.021313002812012272e+01
2.613987408915431843e+01
2.480510498436573030e+01
8.171967822974420415e+01
8.256310681135300911e+01
6.799005739140936555e+01
8.576468315344055782e+01
8.610002446962172939e+01
7.910132409150510568e+01
9.476720298980704627e+01
9.655890328778781395e+01
5.674769354794026555e+01
8.667455477596917035e+01
9.986044317595799669e+01
1.126279410263215226e+02
6.231259226291118836e+01
4.629766967047461890e+01
8.708300102038754176e+01
1.051874170355183651e+02
1.312627006083444030e+02
8.248794902166670795e+01
7.099909189581752855e+01
7.559564390595268435e+01
8.791075321488358441e+01
1.080068203141781851e+02
1.422620889170331964e+02
9.547913703736546154e+01
8.668339528141157757e+01
8.143693082051613885e+01
3.969857976868168947e+01
8.829519819737845410e+01
1.095234799936649353e+02
1.489023587470876464e+02
1.043109289271147162e+02
9.924548993435311672e+01
8.725150566741082514e+01
3.464469082792274435e+01
2.171014487738911214e+01
8.845108294764099810e+01
1.107621761853462345e+02
1.542031565673864577e+02
1.122519845551289706e+02
1.131447362034208624e+02
1.040269135321323120e+02
4.303259104386665967e+01
3.136561977745293461e+01
8.861082597723191157e+01
3.334853014695988094e+01
1.119735052121306325e+02
1.589489186279057265e+02
1.195965191992416408e+02
1.269026244324346919e+02
1.236758802846201206e+02
5.475714392375363104e+01
4.479866386949205292e+01
8.882059166103393011e+01
2.889745658171743514e+01
1.125739418488379613e+02
1.616186747438657676e+02
1.238884125920089048e+02
1.354229445548911031e+02
1.359964166583113467e+02
6.244041924452086079e+01
5.464188915555583748e+01
8.889275853415462336e+01
3.491548239148045241e+01
9.573591260130871916e+00
8.895153778088017305e+01
1.130389390241250140e+02
1.636620907067829478e+02
1.272209069377577890e+02
1.422571292481853789e+02
1.465333197303509110e+02
6.959359457245491853e+01
6.444923521580979298e+01
4.339944013492652886e+01
1.417936291636906532e+01
2.422858229635497551e+01
8.902459557959841163e+01
1.134898342336420711e+02
1.654911495297367878e+02
1.301841204117442601e+02
1.483853866301066944e+02
1.565115428802916426e+02
7.676750474761303167e+01
7.463778548220336972e+01
5.357540433841742100e+01
1.923910062707849988e+01
2.981129443767775200e+01
2.258682304760892023e+01
8.909691944319334311e+01
1.138936414826879968e+02
1.670641597012037494e+02
1.327268946838249803e+02
1.536912571613933380e+02
1.654991628376477024e+02
8.354140078612817888e+01
8.466703670183481734e+01
6.562124104879140418e+01
2.547973272068404071e+01
3.883576645719970344e+01
2.735134385631620901e+01
1.142736064351730541e+01
8.914892928089221869e+01
1.141964151384591446e+02
1.682631972684105506e+02
1.346828044162753599e+02
1.578397942590274567e+02
1.726898429379728839e+02
8.917635031080196484e+01
9.342820452896241079e+01
7.762798479282574249e+01
3.215747109881114341e+01
5.060909243418276304e+01
3.798669259055183289e+01
1.862830465697167170e+01
9.706930106078305087e+00
8.920184315749254722e+01
1.144773897538134406e+02
1.693311665249073883e+02
1.364099778861688037e+02
1.614957399426787106e+02
1.791525429903080919e+02
9.435661881320038447e+01
1.016633817326155906e+02
9.018453265854635958e+01
3.941345821391286108e+01
6.450953423347947080e+01
5.149966583284614785e+01
2.821707186024102754e+01
1.782433884665654134e+01
2.332841574782431593e+01
8.923537771235588423e+01
1.146738061369819235e+02
1.701076283740923145e+02
1.376763451753697609e+02
1.642110677207215588e+02
1.839622504800923082e+02
9.828972478483848363e+01
1.081683971250900811e+02
1.004925768660816914e+02
4.570005374577225865e+01
7.635864544277798416e+01
6.295918395443164428e+01
3.645954527288400016e+01
2.442373951088676165e+01
3.170692681504921495e+01
1.547028225115932898e+01
8.925632526063266425e+01
1.148140218055558677e+02
1.706875356131929493e+02
1.386344547070130488e+02
1.662955045655521644e+02
1.876819098134448893e+02
1.014014143961782821e+02
1.134909528940757895e+02
1.094723767597118353e+02
5.145151832811912129e+01
8.774666140955508808e+01
7.466864825731053656e+01
4.546377941404455925e+01
3.239320151943721271e+01
4.520974851859516974e+01
3.133816233555262798e+01
8.879096596008844244e+01
1.366111854836948680e+02
1.152984350006560845e+02
1.435941721511899232e+02
1.658453945299216628e+02
9.242533793056088598e+01
1.069545567544736571e+02
1.320128616282197243e+02
5.117551545790994538e+01
8.762639543298638500e+01
7.492473323364056625e+01
4.580386480078187361e+01
3.259742969707657068e+01
4.528696711983725010e+01
2.760829722271471809e+01
3.135934633754505896e+01
9.919629334663937925e+01
8.847076164834260226e+01
1.160481610791387652e+02
1.381838340756430057e+02
8.032224466278883312e+01
9.705842817042305626e+01
1.226358762203839206e+02
1.014231008292381233e+02
8.634638748651968854e+01
7.450342966752648977e+01
4.587740800926925289e+01
3.269088554639444055e+01
4.528815952813743451e+01
2.763029132459791271e+01
3.137308113805352505e+01
6.296436786016389675e+01
8.885994379931642584e+01
1.094645171692827716e+02
6.721484110580442461e+01
8.582986051623591095e+01
1.114980906006394292e+02
9.482330657901499649e+01
4.830394075047091462e+01
7.379825605777025999e+01
4.588691411341743276e+01
3.277279033094853844e+01
4.527083012878041046e+01
2.765141312598177592e+01
3.138766944187559460e+01
8.449652931439288750e+01
7.378020282034694333e+01
8.767748130946215213e+01
5.644665707620141859e+01
7.669013354923421844e+01
1.016300613931283010e+02
8.867999696600286086e+01
4.701092389326453969e+01
8.307582408523364847e+01
7.347747506213474367e+01
4.618000143736490770e+01
3.301201814169841953e+01
4.532892464985931724e+01
2.770420078789565110e+01
3.141600630279390671e+01
6.491379271721693556e+01
4.375879671836088392e+01
6.454310661005079908e+01
8.744714073811078947e+01
7.884418013900338451e+01
4.408885305277326694e+01
7.946165289832184442e+01
7.179559965891841955e+01
4.592948747192479431e+01
3.303044954114106702e+01
4.523798303972117196e+01
2.771749438864211612e+01
3.143127529711742696e+01
3.568901929821980445e+01
5.714551624165866173e+01
7.585493120865847061e+01
6.924432827905431509e+01
4.134824752466729336e+01
7.576611615255934851e+01
7.011002800470512852e+01
4.583095545685888794e+01
3.316435102373271349e+01
4.518197130431692443e+01
2.775510341748351095e+01
3.145862160402567298e+01
6.704612031258481863e+01
7.496263228582381544e+01
6.250415694023276814e+01
4.011080404353452167e+01
7.320102931597156726e+01
6.911374796410564159e+01
4.628334447840357058e+01
3.361505208212622620e+01
4.525175587098861740e+01
2.785115465644159016e+01
3.151168210665286296e+01
5.371779489027738919e+01
4.465967099710995569e+01
3.293528229270341257e+01
6.287655434254135400e+01
6.278494797081610557e+01
4.422173566454437577e+01
3.296638649863205472e+01
4.466608713719261203e+01
2.776279642323611085e+01
3.150228110725051778e+01
2.628774386097953553e+01
2.498444610759172946e+01
5.070338387031009120e+01
5.467097784608922240e+01
4.134111920215909919e+01
3.200595173454424724e+01
4.382730196962866387e+01
2.763214092576309255e+01
3.148706703042311617e+01
2.562326041870483451e+01
4.452078316630408494e+01
4.890900401111463935e+01
3.972766980269072690e+01
3.167776468519966926e+01
4.312140288835683322e+01
2.759792663420046210e+01
3.152031581375056035e+01
3.242484489058807640e+01
3.866625761947413054e+01
3.562541487220449454e+01
3.021313002812012272e+01
4.156751161587190069e+01
2.738164975430471060e+01
3.151183315389706507e+01
1.861218216808254411e+01
2.437877651377654331e+01
2.477148227500459754e+01
3.750970190093672585e+01
2.647041958157595687e+01
3.129611554433613563e+01
2.246914876588870058e+01
2.297774599004130636e+01
3.379286312995829178e+01
2.577603262959119590e+01
3.121652515327185640e+01
2.125038890079951770e+01
2.786617010261802818e+01
2.440864516386890770e+01
3.102175320046509199e+01
1.636582916784476893e+01
2.043043962856197737e+01
3.008820653609499729e+01
1.298958421079568026e+01
2.768600546082795333e+01
2.480510498436573030e+01
