7.674404434995263102e+01
9.294392309730454826e+01
5.358927834045316985e+01
1.073126292220572964e+02
1.162923132732902474e+02
6.115336927602839978e+01
1.096888140454240954e+02
1.055939389118289284e+02
5.073805566663448730e+01
3.074949743372253863e+01
6.154693714881751276e+01
6.332904055089878881e+01
3.317074963676263621e+01
5.393506708128708027e+01
6.639003341828426130e+01
6.395421089967322814e+01
3.444084227722749603e+01
6.325913982250066425e+01
6.223889241317390031e+01
8.738063351039214410e+01
4.339452042903540274e+01
8.089793769328986173e+01
7.176215188151188329e+01
3.516521769606590198e+01
5.764601438051785465e+01
7.578953240676031555e+01
6.707381186152683483e+01
7.139444803643084470e+01
8.613276295231925417e+01
7.708154489227537454e+01
8.293297729797794204e+01
1.018654149001907001e+02
6.743389619748523955e+01
8.366823939175121438e+01
8.164739920519227212e+01
1.125606654021292741e+02
9.704577728860910213e+01
8.474459841535384896e+01
4.206487041757080902e+01
7.302241234432750616e+01
9.853734727970335427e+01
8.245925591246000863e+01
8.936216058695505637e+01
1.341588515454560877e+02
5.653482399769234235e+01
6.199562578140303515e+01
9.398864970057896073e+01
6.440646073183638975e+01
6.068343765343994534e+01
6.878932677982105304e+01
8.931969775412429158e+01
4.142386806507046515e+01
3.338897141612937958e+01
4.491397365543729592e+01
3.818416630217222973e+01
4.739228048351958478e+01
3.969118506286395132e+01
6.657976250508259852e+01
5.491139199297395379e+01
9.305396363343753308e+01
9.296225181967606943e+01
7.882322096215231966e+01
6.608590987824602792e+01
1.109505483191287283e+02
5.924023059201312691e+01
6.465536692767092575e+01
9.657124819976777985e+01
3.217742093639188283e+01
6.135056954285548869e+01
8.193257007066206654e+01
7.126119355067783090e+01
8.885755639888752455e+01
6.388821787605829883e+01
1.092193715317594780e+02
1.124697453109516943e+02
1.354885050894703227e+02
6.708055076103913450e+01
1.166788346696748846e+02
1.082577492440489095e+02
8.306375446194044798e+01
1.295930794018791801e+02
8.660054203380846616e+01
5.552760033595581035e+01
9.481797277821280545e+01
1.004485930026356044e+02
6.412947738094040062e+01
8.937078428513157746e+01
1.263644779371055336e+02
6.407248502925332900e+01
1.061629649506220119e+02
1.008559136025901068e+02
4.414666423978809462e+01
5.658643473162672421e+01
4.422445089762962311e+01
6.559957247531603741e+01
9.510205467348775699e+01
1.133032056070731386e+02
5.863870639610308189e+01
7.029674058695769645e+01
6.849586422309276657e+01
9.599726615845681010e+01
1.122611556091864884e+02
1.065697084985865217e+02
7.236841352344190170e+01
5.832506286201975598e+01
8.604420431240701816e+01
1.220587894189798277e+02
1.435577589500679778e+02
7.347500748073296961e+01
1.034786243847268707e+02
1.192603012556778310e+02
6.678543192196826794e+01
6.153347955365199340e+01
8.698037913144048616e+01
1.206304674119883913e+02
6.430022032906767038e+01
4.521213486560002792e+01
6.705432925194634208e+01
9.291460813406820307e+01
1.075397588853968642e+02
5.579641341741402272e+01
5.968952291975306679e+01
1.079125981614410250e+02
7.088504890008260872e+01
6.418637121186529271e+01
9.034624158782425241e+01
8.326857880936427136e+01
1.137833882996015404e+02
1.300271918372937421e+02
6.897656368759528789e+01
7.498543615083472957e+01
1.343531241831987586e+02
1.056475959522536385e+02
5.798147387728855051e+01
6.828450987959280383e+01
7.738325646802663016e+01
4.299772136220631324e+01
4.826933867826935654e+01
8.707453262729751486e+01
8.767327120311551880e+01
1.036762306896101791e+02
8.243971471137602691e+01
5.111649318095102501e+01
6.140190815728471563e+01
1.131541424668339602e+02
1.145754845987356845e+02
5.732632748469247019e+01
7.648220844933227625e+01
1.447442115082749012e+02
1.473598602007519105e+02
8.009438075123703982e+01
1.513418361769027172e+02
1.515429649559713141e+02
6.532794414292160923e+01
6.236875256013227897e+01
4.775833599740568047e+01
4.092459023776444127e+01
3.600879441833408379e+01
4.704792186220875294e+01
3.676100156480519132e+01
5.069320649639985987e+01
8.668053089378905440e+01
3.525392843760479167e+01
4.060861866735048409e+01
7.283799571411459794e+01
3.800594786310668383e+01
7.307987933659478585e+01
4.159494411303249706e+01
7.795025761662019192e+01
9.101910279839670181e+01
7.308792154755812476e+01
4.433501070854102721e+01
8.983586619260096029e+01
1.086827801832501592e+02
5.536584630116850292e+01
7.083048839905838179e+01
4.421919664387736759e+01
9.300299194629221233e+01
1.139425988932017191e+02
5.671733851304494323e+01
5.231946089093480623e+01
3.284469917397606764e+01
7.014756300704877390e+01
4.499667205852660601e+01
9.843479503130910757e+01
1.248547223553938608e+02
6.401209388922430321e+01
6.740930362125452291e+01
7.805045308629236445e+01
3.359566039816041183e+01
3.218968290662126464e+01
6.885361160995073249e+01
4.478658018785392869e+01
1.000280151120684877e+02
1.290348624865761735e+02
6.737312643335451412e+01
7.670456472308246987e+01
8.867827509243686279e+01
5.837977938572645087e+01
3.354847715647234452e+01
3.196687758900560894e+01
6.877586937222062602e+01
4.547787426584601178e+01
1.042243714815091380e+02
1.388389601964735789e+02
7.575286880065075934e+01
9.367877108311886047e+01
1.155202143989075267e+02
8.338652383610100571e+01
9.497262377430639901e+01
3.346467824003509151e+01
3.161269725336943281e+01
6.804845777831422993e+01
4.534910319660109934e+01
1.052398818427797949e+02
1.422667391522770686e+02
7.947610648550329415e+01
1.035790776139609477e+02
1.316258137470040879e+02
9.814789872745471655e+01
1.173335185826388027e+02
6.989179478936911494e+01
3.334321095154819403e+01
3.112560477488709054e+01
6.672634831248302589e+01
4.450698244501748491e+01
1.034662146989284111e+02
1.398599649082484859e+02
7.864194600158786841e+01
1.057156298238047185e+02
1.352097126928317721e+02
1.011052073797302882e+02
1.205940219702457341e+02
7.298321771336073027e+01
8.110221420010650206e+01
6.534927972964136700e+01
4.350673047123419934e+01
1.008724156379535373e+02
1.355217895305396212e+02
7.610012122779366450e+01
1.042948334003607869e+02
1.329369504619411941e+02
9.857879500260872874e+01
1.151228301017307132e+02
6.888851941724782080e+01
7.851177935359548599e+01
7.931814427364746223e+01
4.357757779680920152e+01
1.017440692503949293e+02
1.379641988226129286e+02
7.869167332801113446e+01
1.109859621938100105e+02
1.338994841608717081e+02
8.421025621345381751e+01
1.042642361379358249e+02
1.221099423427968986e+02
1.089274910360444721e+02
6.500528493964745280e+01
4.362214416988568644e+01
1.024002703935749281e+02
1.398614311800675125e+02
8.078312701377083727e+01
1.165996596675249890e+02
1.517354619019524762e+02
9.926791486822222055e+01
1.300563357863196927e+02
1.653680359766167953e+02
6.665678814809913888e+01
1.650301734367457982e+02
6.442688121185517502e+01
4.322815498026458414e+01
1.014623987989984499e+02
1.384448168656030020e+02
8.018352904508070367e+01
1.172550732946712628e+02
1.577567278918004661e+02
1.248332129209370009e+02
1.557942103858183884e+02
1.031009919606293863e+02
1.373025036069767566e+02
1.779399081729909540e+02
1.780830316843091907e+02
6.924796943688438944e+01
3.307266844495818958e+01
3.005245997169234684e+01
6.392288694136422578e+01
4.287724920726844857e+01
1.006000792401760435e+02
1.371073361838722349e+02
7.956700374087736805e+01
1.175917445468950291e+02
1.591782655796690449e+02
1.595291902195154137e+02
1.068790256239993397e+02
1.446769237937645585e+02
1.913180340056150044e+02
1.944630632530035825e+02
7.586470732354520408e+01
5.778329482807946960e+01
7.663989591218036423e+01
6.098283893312744652e+01
7.813829723088478829e+01
4.696413650985422095e+01
1.026444118584171008e+02
1.320135040215906770e+02
7.594783981164577824e+01
1.143746426907496101e+02
1.554005113124757145e+02
1.248065092545315053e+02
1.572414137392338773e+02
1.058956664880573157e+02
1.439352320796029971e+02
1.909527225935463264e+02
1.945151176234503509e+02
7.596883752842782656e+01
5.787096396394215247e+01
6.000882032386109444e+01
3.904690769811451645e+01
8.707722387803705999e+01
1.113996845125061128e+02
6.571484038509284176e+01
1.029318227354363131e+02
1.431196212909595715e+02
1.174471000800550229e+02
1.503148770676795891e+02
1.027162489739814077e+02
1.411816609172191193e+02
1.888609542654247662e+02
1.934866488562874736e+02
7.583139034267080092e+01
5.786524468761822249e+01
4.192011438285706504e+01
8.406954724679785329e+01
9.650780757787147479e+01
5.669440813348423802e+01
9.240693364513349195e+01
1.309584005892162111e+02
1.098126531927964180e+02
1.427689297706648972e+02
9.915088036446059050e+01
1.380268283019288447e+02
1.864391495398687653e+02
1.923040075273100342e+02
7.568119302576029384e+01
5.786542525161081585e+01
7.674527575734222751e+01
9.264254004589400893e+01
9.080677524395714784e+01
5.125423700413891481e+01
8.679926160149157965e+01
1.236927595658642502e+02
1.051579529321493709e+02
1.376626435955859904e+02
9.673190166373868237e+01
1.850406895368050755e+02
1.919060450929954698e+02
7.575840635922939725e+01
5.797819633063480893e+01
5.826746159346593856e+01
6.719619306419949112e+01
1.014902815233820519e+02
9.083259045719353253e+01
1.234338854758174904e+02
8.973010583915423410e+01
1.294877463361208356e+02
1.890950525342468325e+02
7.530023968644306365e+01
5.788759458174866523e+01
3.332433765590585040e+01
9.442865458010059854e+01
8.549868057756300743e+01
1.164728626393363982e+02
8.604420101833306944e+01
1.259326130948450810e+02
1.770860789357332408e+02
1.880619666024909122e+02
7.533389112243470720e+01
5.803166328890783632e+01
7.694620642846807357e+01
6.959888370625020571e+01
6.865481276944588274e+01
9.510064317405083045e+01
7.427752660748059554e+01
1.137083510547795129e+02
1.666209940785416848e+02
1.831118176471526624e+02
7.500693244142010485e+01
5.829623643146744882e+01
7.721837474576152260e+01
5.267071448019417090e+01
7.730412475645701420e+01
6.436575542749392298e+01
1.028517306811201308e+02
1.564170701894226454e+02
1.774852128739434534e+02
7.431598261669499550e+01
5.832902453668778264e+01
7.734577251575819901e+01
7.410517425734900598e+01
6.163419971939066500e+01
9.761614136801870245e+01
1.495483150636275411e+02
1.736118006878913889e+02
7.426949043894514091e+01
5.874868321017138584e+01
7.768801784009096423e+01
5.105680589201251252e+01
8.422588397819018269e+01
1.333428744567712840e+02
1.626015404176725383e+02
7.276328203564223429e+01
5.877812824484793452e+01
7.791551675389183629e+01
8.361794368891921181e+01
1.251841212537389652e+02
1.544471686295761685e+02
7.229111759539998161e+01
5.954905469595514234e+01
7.856180801383683843e+01
8.963622717620069125e+01
1.247635037387958334e+02
6.642222635063885150e+01
5.868222552952516935e+01
7.871493533526998476e+01
9.912933504578262500e+01
6.131072309959724009e+01
5.904590716643351556e+01
7.976637167428961561e+01
5.903546576548931313e+01
6.341501580356677437e+01
8.351402436633141235e+01
7.174624836416350604e+01
9.206538305485203466e+01
8.312230679018928470e+01
4.092459023776444127e+01
5.695905838266870802e+01
7.523338617240789006e+01
3.971571557439851574e+01
5.864811587206718002e+01
9.263504550588490360e+01
4.361133298688947946e+01
8.497877075149654047e+01
9.538827547183336719e+01
7.391643347734853364e+01
8.680943865179925467e+01
1.137923285690185224e+02
5.290248403254572196e+01
7.210575535012863213e+01
7.944034646296941560e+01
5.838483427325985531e+01
7.485950305280078965e+01
5.407924182132328639e+01
1.018209746750433595e+02
1.046631364248423637e+02
8.383468831578626634e+01
8.457579671052421588e+01
8.286423938717646820e+01
1.054656015785924552e+02
8.391061700449947125e+01
8.951869758279165978e+01
1.082384021377637708e+02
8.995106311780064345e+01
5.923074686439123582e+01
9.203362664640833657e+01
1.079986727586333615e+02
9.957305579114606076e+01
8.632455965690206767e+01
7.609386001609369998e+01
8.055698797663103505e+01
1.085176241712092633e+02
1.032609456243880430e+02
1.034795259889702237e+02
1.012784203680289323e+02
1.046624829792887397e+02
6.939732002994517757e+01
8.055806630343137442e+01
1.071341121888022911e+02
1.138915917047950472e+02
1.356609469221008624e+02
9.669267885309081123e+01
1.034813597446771354e+02
9.004458252140345564e+01
7.195992902676262304e+01
1.005372528508054160e+02
9.890587190897409187e+01
1.129824474153303413e+02
1.278025833687691630e+02
1.094543956415371042e+02
1.038085864335214268e+02
1.030267141154401855e+02
1.084238096969822038e+02
1.056850933557986991e+02
1.411464102817325283e+02
6.140726948243224825e+01
1.187290649070167916e+02
1.363691637780835606e+02
1.387487305180346198e+02
1.192624405922484527e+02
1.122888640430219453e+02
1.374302759457994512e+02
1.379555654338716124e+02
1.491836292546765605e+02
9.670403834315246172e+01
6.373488979497533791e+01
1.258847639007144892e+02
1.281967733668021197e+02
1.338812920954888170e+02
1.238348908638768933e+02
1.146553109484460435e+02
8.973010583915423410e+01
1.339365594809204936e+02
1.401638768272532332e+02
1.209210549111533908e+02
1.626015404176725383e+02
6.017910420156574247e+01
8.312230679018928470e+01
