5.260928924353093805e+01
6.173901169755079366e+01
9.110172716265053339e+01
1.168394066593519085e+02
7.606991366989727510e+01
8.219183532740461828e+01
1.405185434886107885e+02
1.368459860186939352e+02
5.543605755666079205e+01
8.044484306344624258e+01
9.518087268991114058e+01
6.186628637913781859e+01
6.811997900964141195e+01
1.241518555495618443e+02
1.058763902852837475e+02
1.210042892544516064e+02
6.507630734855548837e+01
1.115189740689486229e+02
1.109914377146526050e+02
1.241272853318067035e+02
8.415318371419354548e+01
8.743836584203231155e+01
5.625972362039620123e+01
6.333835334758645530e+01
1.149763779120287666e+02
9.742276565401841992e+01
1.094785560111662761e+02
1.218291553391546387e+02
8.684036317177987030e+01
9.949387729666591440e+01
1.128606062894106117e+02
1.329844895533285865e+02
9.524061490384967499e+01
8.347715259774690821e+01
1.005025773020749682e+02
1.221766090128664075e+02
5.423699029995836440e+01
3.740703005190584918e+01
4.517121702081880130e+01
8.396472388308610846e+01
7.246599021394445117e+01
7.630037492834061652e+01
9.025435469250113840e+01
1.013867557401136992e+02
8.698930026527906989e+01
1.032655580149260146e+02
1.163893806202835606e+02
7.845391278318345485e+01
9.249813857090960312e+01
1.080994980760045792e+02
1.320187111433468203e+02
4.048653833008703629e+01
5.187467600969780079e+01
9.566127195046497889e+01
8.186710590900774775e+01
8.836271092600948407e+01
1.128164378889366475e+02
1.019315217675111853e+02
1.270475104970327607e+02
1.144752142814811435e+02
1.519997622045513879e+02
1.372003236316945731e+02
1.387059601102495776e+02
1.223782068619652819e+02
1.498191329479261924e+02
1.198753328494391752e+02
1.406664493056353535e+02
1.590944498491584795e+02
1.029180980479169989e+02
1.677588765917297167e+02
1.290362413843900811e+02
1.378662111912198611e+02
1.726217109849607994e+02
1.466120904247868850e+02
1.982221333052331147e+02
1.843073323680686997e+02
1.135890286238926308e+02
1.387904128508462804e+02
1.770070113295428769e+02
1.028722332013130369e+02
1.409223739597597671e+02
1.329710646565725654e+02
1.210563944023916036e+02
1.103235956066259007e+02
1.421781838287047322e+02
1.003143333029856166e+02
6.829785899628612356e+01
7.376706611033193894e+01
9.160843697673982433e+01
7.801115049410873326e+01
8.900469855356193705e+01
1.100399951890975530e+02
1.421854251157795090e+02
8.692370204876948492e+01
1.332055280589212316e+02
1.447857962024471021e+02
9.187044641082087537e+01
9.423536639595158704e+01
1.196077825430017327e+02
1.587607600583901046e+02
6.507378909198885708e+01
9.108889753059621341e+01
8.898210390470872255e+01
4.312059944184439075e+01
5.138051233326367395e+01
6.578578508177575657e+01
5.767917869545477316e+01
6.783142241425906604e+01
1.026649537117829141e+02
6.620204977692415582e+01
1.276254689209002038e+02
1.053205711732214951e+02
2.112112604896126129e+02
9.047674489138215392e+01
1.403202597099340210e+02
1.366991363668159920e+02
8.775238115654383364e+01
9.195428264566942289e+01
1.162940136132377518e+02
1.536967274140155837e+02
8.237564353199169886e+01
1.018911883997617878e+02
8.866234211134363363e+01
1.057110903925855752e+02
1.596830140847965538e+02
9.699844730397147430e+01
1.524236717079513141e+02
1.769177637005512338e+02
1.011713261636281800e+02
2.054962699346844204e+02
7.985523573423125754e+01
1.248835327061609917e+02
1.381633503236618310e+02
9.119507485768663457e+01
8.841389797825628705e+01
7.305122458084576920e+01
8.603103389556171976e+01
1.258741022872050195e+02
7.675837284634636148e+01
9.198117117622564365e+01
1.866528878430693226e+02
2.274438962799885360e+02
1.566110686771049814e+02
9.053369910323536374e+01
1.855297655278381512e+02
6.955970253759939226e+01
1.094386528851302671e+02
6.537761760126082322e+01
7.626038450514231215e+01
1.069179805349202184e+02
6.544892359481191590e+01
7.903773178290231272e+01
1.401416791236335655e+02
1.425269456739424356e+02
2.175797419790242486e+02
1.579600792701732814e+02
8.888892006456616457e+01
1.777953849403239417e+02
9.639197772184067503e+01
1.280849362964686691e+02
7.806416805846932050e+01
9.451265199278951457e+01
1.672408804111739471e+02
2.240076149713273139e+02
2.008637397149513504e+02
1.534627709768298587e+02
1.131298765911386823e+02
6.844730037632039910e+01
8.291427309822718428e+01
1.455933257832517995e+02
1.908130217255045693e+02
7.383217952510811699e+01
1.793171015772106500e+02
5.333070926055646055e+01
7.081201063689897524e+01
1.298821151278681896e+02
1.727524877896921964e+02
6.832593736633519654e+01
8.595800026727295062e+01
1.625434335479352796e+02
2.175810334597820201e+02
8.820566734651747254e+01
7.539904671430613803e+01
9.820470270581448347e+01
4.104854708866834301e+01
7.856612673708941941e+01
3.570215402969000706e+01
4.465627453809816672e+01
5.936341449851296659e+01
7.028402204875563086e+01
5.734531083594562517e+01
7.040935085749433142e+01
7.955488174911380383e+01
9.831579174448755509e+01
1.262756646848097120e+02
7.014256552287942270e+01
1.039862041108750503e+02
6.985096406200963770e+01
1.256428862456927931e+02
1.719471606866912055e+02
6.853121968673171693e+01
1.042864637344543439e+02
1.141388357576194039e+02
1.002769085302299601e+02
9.242845101657032103e+01
7.518395526736237855e+01
1.064850267724397952e+02
8.814046917232995781e+01
1.209521068968705038e+02
7.787061353852134005e+01
1.470790681612673154e+02
1.126421771525391193e+02
1.138644182571285910e+02
1.475071028180620090e+02
9.904758529377444631e+01
1.000915299280093222e+02
1.343317826533387631e+02
1.456327890286271156e+02
1.252173270252986441e+02
1.234747330070362352e+02
1.045115638621287104e+02
8.963193991787261439e+01
1.328541292710727362e+02
1.597818742496702384e+02
1.263369295528460299e+02
1.195020787077420152e+02
1.036725747889463349e+02
8.227463706959774470e+01
1.539414325958757672e+02
1.688512845565612110e+02
2.142818444595280312e+02
1.498333814137724289e+02
1.388770605308911854e+02
1.267633120298220319e+02
1.453916979355911678e+02
1.007825939771131942e+02
1.175494282274326139e+02
1.693433873518214341e+02
1.834157892989744312e+02
1.773053851900157554e+02
1.463696147202287534e+02
1.539973680078393556e+02
1.296672197721920270e+02
1.260103126186074860e+02
1.338850589385366447e+02
6.989688574350296335e+01
1.726726464354680672e+02
1.718028387305725175e+02
1.589238795947426013e+02
1.501751891388410058e+02
1.602266835223634303e+02
1.419624086304828552e+02
1.289988367943451237e+02
1.177944413333259348e+02
7.891277122990162241e+01
1.731755764677833440e+02
1.939110813211628113e+02
1.776706486462404371e+02
1.471678141517884058e+02
1.526839068676058844e+02
1.734328561274211893e+02
1.477952962235983421e+02
1.313176079835795065e+02
1.152431281403099490e+02
1.613399743009388771e+02
7.387020857890254888e+01
8.558130244099950801e+01
1.836482871082857002e+02
1.815066771856241985e+02
1.888061407391151931e+02
1.643445172610911982e+02
1.586918972838480499e+02
1.494946941970354146e+02
1.331729413195325264e+02
1.632008348420503410e+02
1.145656326571891555e+02
9.121986313857188122e+01
1.061627536647406345e+02
1.355016599887328823e+02
5.936341449851296659e+01
6.133082177278144798e+01
7.912349101802273310e+01
5.859011344425627499e+01
7.409201890534970403e+01
5.780628446708822565e+01
5.636715615310709637e+01
6.963413669281538887e+01
6.256709205769786308e+01
5.926641767095683377e+01
5.619531956560722818e+01
7.169298468511524902e+01
7.517007155013216391e+01
8.800518371005702534e+01
1.271533071624935758e+02
7.238765927189943739e+01
8.268204834429259620e+01
1.106404184730094329e+02
5.597875637442971453e+01
1.676315081037503205e+02
9.517752055097919595e+01
5.519527626941917475e+01
7.026329833417530324e+01
8.249721125482443540e+01
1.156399482043084532e+02
1.675340580360609124e+02
8.619152837475357387e+01
5.305384536972855614e+01
6.938907540353191905e+01
8.338705628263491576e+01
1.223905938661681319e+02
1.829646924638726944e+02
1.001368691232029136e+02
7.094469800970489359e+01
9.697244845574394390e+01
5.452592099944255466e+01
6.872380524688435344e+01
8.380323984018458816e+01
1.267745424843096202e+02
1.942317308712018473e+02
1.120631797843836637e+02
8.707912402745834868e+01
1.238391286772625506e+02
5.422144921866387790e+01
6.786940701825184874e+01
8.329737865121660434e+01
1.279975619889226266e+02
1.978276828360240245e+02
1.180238912446153847e+02
9.755483219049308730e+01
1.426982741968090522e+02
5.405691153543092042e+01
6.746199012912616411e+01
8.334242454762960506e+01
1.299294764341492225e+02
2.037757367514530245e+02
1.260101065196741388e+02
1.105238989438685024e+02
1.709357645064020517e+02
1.249965308410068729e+02
9.855711456190148567e+01
1.081005155665760356e+02
5.390781843799547346e+01
6.706510321266195263e+01
8.317784746169414234e+01
1.308756689607120904e+02
2.070066073947013479e+02
1.312879781156816250e+02
1.202613016324210378e+02
1.939339066206629525e+02
1.462888118944903795e+02
1.187027348906088946e+02
1.305247440808473129e+02
1.087158901163607823e+02
8.232702516267869441e+01
1.297935471501476457e+02
2.046186286711736386e+02
1.311540644477403532e+02
1.231880231350052242e+02
2.025674887661807304e+02
1.539369394067818746e+02
1.253615947311940033e+02
1.327667372732007038e+02
1.002238332504730494e+02
7.198485234964557833e+01
1.307324886601127787e+02
2.075778590514843813e+02
1.353905425952276289e+02
1.308827464487752366e+02
2.223226922604084166e+02
1.749387273936045801e+02
1.488746767307300729e+02
1.644945256296531966e+02
1.297867515642901139e+02
1.080626184715377747e+02
1.171489864587416179e+02
8.234002035994058133e+01
1.311951136523603054e+02
2.091747103585952630e+02
1.381353262174485508e+02
1.364470902887761667e+02
2.375047858932470888e+02
1.919496400877973770e+02
1.690439580151152086e+02
1.929787466649882504e+02
1.575275524922002148e+02
1.430782814122906359e+02
7.973708927499998822e+01
1.776970377310216804e+02
6.569640123622129124e+01
8.178153150594683041e+01
1.302958319246948520e+02
2.070234507400393511e+02
1.372303229992587035e+02
1.371142030578847653e+02
2.411648899362124325e+02
1.966307077445999880e+02
1.754145976116916472e+02
2.007717282890099568e+02
1.625271660312467077e+02
1.510185035355581249e+02
1.920635669033106012e+02
8.820111422905108611e+01
8.097187042894724129e+01
1.286863760760916762e+02
2.029216240729083438e+02
1.343329376632842695e+02
1.349117941428056042e+02
2.377657246621451463e+02
1.935544440167928997e+02
1.953434299364067499e+02
1.536314945314609304e+02
1.416954892210620756e+02
1.764993228901212774e+02
7.864896493540963718e+01
6.456185178026636606e+01
8.099776061590968368e+01
1.290489097518693029e+02
2.040252118087067856e+02
1.359841794475238430e+02
1.381550623430166809e+02
2.468638872143351932e+02
2.042857328174299880e+02
2.152907691886199189e+02
1.731684346101458800e+02
1.654954604408993930e+02
2.151115823708564960e+02
1.018468222215472707e+02
9.229214342664094772e+01
1.190214749135555365e+02
1.680646250332919465e+02
5.684040595250474581e+01
1.145750437332003600e+02
1.775027714286118510e+02
1.213119026598714782e+02
1.271492706086575311e+02
2.317493130911479682e+02
1.949669385765712377e+02
1.810001178922293263e+02
1.711514923182395194e+02
1.647072838093847054e+02
2.148692585889663746e+02
1.019724759596175545e+02
9.248751893610983643e+01
1.192469538644259330e+02
1.681439300877351855e+02
1.463152412200583683e+02
1.034697442663684228e+02
1.130271269169799098e+02
2.113759066161576072e+02
1.817951926131448488e+02
1.727317551911297357e+02
2.048792259467451800e+02
1.629984811943364775e+02
2.138973893876930106e+02
1.019114541158964471e+02
9.260328369015870464e+01
1.194335954687740440e+02
1.682071022231667712e+02
8.573532101835377262e+01
9.835523863754465879e+01
1.889711201445169593e+02
1.665558246276342800e+02
1.627391188719466300e+02
1.967395767616714579e+02
1.631830828891259557e+02
1.606992891065460753e+02
2.125091195579294663e+02
1.017778183386221684e+02
9.271356588896991013e+01
1.196399453121282050e+02
7.858162994396204226e+01
1.585970978434990286e+02
1.454718925625257953e+02
1.480317943775370395e+02
1.841869242479354227e+02
1.560624931654981253e+02
7.577811212920002504e+01
1.566585393584085466e+02
2.097090910413849940e+02
1.012752045371620966e+02
9.266431782557107510e+01
1.197670916796131593e+02
1.683148250773422490e+02
1.354968771097713329e+02
1.275461652543823305e+02
1.352693719371252712e+02
1.729369783191793317e+02
1.494946941970354146e+02
1.531565612895668096e+02
2.075609641712016753e+02
1.010925894875280306e+02
9.286598240634535273e+01
1.201159444883225831e+02
1.684348944618247685e+02
1.280844028600224362e+02
1.359773010570457075e+02
1.728737586210241375e+02
1.490838368739281350e+02
1.543137087096793607e+02
2.097761092730083590e+02
1.024639918439245747e+02
9.404186690178926256e+01
1.212034188310648375e+02
1.688223546697494442e+02
1.177162172806611693e+02
9.971111829189163700e+01
1.140007054266261264e+02
1.516905239090020245e+02
1.358847694269532838e+02
1.461612775516612430e+02
2.037919464739500199e+02
1.013946091680001729e+02
1.215113996316167402e+02
6.271156141751623636e+01
8.463313747285690170e+01
1.222120857701727061e+02
1.166945026136244223e+02
1.331300744277680792e+02
1.932713009247418086e+02
9.906589705029742277e+01
9.336688447445247618e+01
1.215808082526695983e+02
1.689387918129035029e+02
1.074522985881309154e+02
1.269434477039857256e+02
1.884800848009232084e+02
9.889956897011744275e+01
9.425081430761454726e+01
1.228579980820250910e+02
1.693809994435754618e+02
9.698036423994892630e+01
9.189795817589767069e+01
1.141982718772694056e+02
1.759639530412650572e+02
9.637189583223953093e+01
9.412506350716219572e+01
1.237089694116212968e+02
1.696637785651490447e+02
7.485392092549832910e+01
9.758036738731759385e+01
1.562101916645733013e+02
9.121986313857188122e+01
9.289547644204382948e+01
1.242223379900739388e+02
1.698228342251671563e+02
9.682697753910413496e+01
1.444728125877395257e+02
8.792548451053966119e+01
9.309764620443513650e+01
1.262684132142158973e+02
1.704427381761018125e+02
1.248915351122371504e+02
8.042320438966945062e+01
9.105880131082899709e+01
1.277547458377590601e+02
1.708087724381065868e+02
6.400681706981832519e+01
8.430078161937733228e+01
1.280407764246132558e+02
1.708684792935013945e+02
8.524826306015245336e+01
1.366859930371625182e+02
1.735607453578818422e+02
1.060300011328187821e+02
1.640637751691213566e+02
1.355016599887328823e+02
