7.437208769541945230e+01
1.048937227931549927e+02
8.733988456727449545e+01
1.804999066862992265e+02
1.588402981577106630e+02
1.024130870323024425e+02
1.793891472941775760e+02
1.818953289670804452e+02
8.068203875323064267e+01
6.406652156378403618e+01
1.263633309187821396e+02
1.049869592742972770e+02
6.809550215722603639e+01
1.302037846676633421e+02
1.112638060966155393e+02
1.435766173252729061e+02
6.342869273363412930e+01
1.138620382788676721e+02
1.160406846104622502e+02
1.884497473718570291e+02
5.279849867130156582e+01
1.075952692907558514e+02
8.950815509800017367e+01
6.076346107772747018e+01
1.193563180763716929e+02
9.614332418113522749e+01
1.157455141915904733e+02
1.693243461132813366e+02
9.922406672427175067e+01
1.199428461687727889e+02
1.764135398513144253e+02
1.435719798479962321e+02
1.201649940991184309e+02
1.065043445466607182e+02
1.436291667950366957e+02
1.794389701222856672e+02
1.017871453059089930e+02
8.279949910949676450e+01
5.953666078667013295e+01
1.206265813128537019e+02
9.967900005525436313e+01
1.212909618539341068e+02
1.195065274065524648e+02
2.074027563511125436e+02
9.602468828706393822e+01
9.594456501099253387e+01
1.684312651820182793e+02
7.401217156312908685e+01
9.181544168388016658e+01
1.408439245396671993e+02
1.210233992747846088e+02
4.545653663537413536e+01
3.428156142264532491e+01
7.048937678588352185e+01
5.935652940047197745e+01
7.179508676014243918e+01
7.386232892406653150e+01
1.020130575245797218e+02
1.146625470795839448e+02
1.025885771258170251e+02
2.106613059198597568e+02
1.486036497002648105e+02
1.063390846963355472e+02
1.469049258819326553e+02
1.655734577418872675e+02
9.813472649918344359e+01
1.001403409965085842e+02
1.771879537493029488e+02
4.886615787684588952e+01
1.057259535159694508e+02
9.318992636072397318e+01
1.131752899948223359e+02
1.198945782161045344e+02
1.149521801565807380e+02
2.392445796035304397e+02
1.734467481025546363e+02
2.237781796848480838e+02
1.671975468013973227e+02
1.612261580624092119e+02
1.052066431375523763e+02
2.142591328120530534e+02
1.522650177302991779e+02
1.206325352825193136e+02
1.640980421346766036e+02
1.864534243326769172e+02
1.228860513232294096e+02
1.019732626715366024e+02
1.146363243574605661e+02
1.210537925592662134e+02
1.138086986020521749e+02
2.395544267476629159e+02
1.774286361743632483e+02
1.767220716292792986e+02
9.659391588342977286e+01
1.626063345546656080e+02
1.727737945400221804e+02
1.221406975915042636e+02
1.841544101552124175e+02
1.400044054536062959e+02
1.431099348453889775e+02
7.845222037109938640e+01
1.631449257525710834e+02
1.193717902718519355e+02
4.928492551330040072e+01
5.497146494261252059e+01
6.096232411610651525e+01
5.825311533861923152e+01
1.240304855225965071e+02
1.122358484903648304e+02
7.998787985060121741e+01
8.380242044810459845e+01
1.665544102826844437e+02
1.341951175526841951e+02
9.574583541546614640e+01
1.651640583146525501e+02
1.686308417029964914e+02
1.209526151154094293e+02
1.753789520577619214e+02
1.287306837184741255e+02
1.350832417227384497e+02
8.210335027363753113e+01
9.770478849545331457e+01
9.497431252991334816e+01
2.046809578011162785e+02
1.830361137021833713e+02
1.029323006946621177e+02
1.829205934923269865e+02
1.610723746885995240e+02
1.542946501599646467e+02
1.298004319841048755e+02
8.039969858738550101e+01
1.438009386669050684e+02
1.487576751942180238e+02
1.105651101903004445e+02
7.392432916961139711e+01
7.022542112846473117e+01
1.496130066971468011e+02
1.291835227801401231e+02
7.401814605698257310e+01
1.309302635613427697e+02
1.145782713581894683e+02
8.714282149496537500e+01
1.604515684056134717e+02
1.505183631838478391e+02
1.336997730533525441e+02
7.987119844549663128e+01
1.484532439825880772e+02
8.154050278587894240e+01
1.703810842553996565e+02
1.413175884300707423e+02
8.321327156183654949e+01
1.508553863307514007e+02
1.672017432341105234e+02
1.075626754832063483e+02
7.945094102057758789e+01
1.368195470249600874e+02
1.181709618011034593e+02
1.137141094536666657e+02
9.819577848851839974e+01
8.209451008231233970e+01
5.197612215390827828e+01
9.950911095695667541e+01
1.161346421533338713e+02
6.907642304129146282e+01
6.647921448860776650e+01
9.587100818125125556e+01
5.437945752827317847e+01
3.514635318452015866e+01
6.887754312921683209e+01
8.429788947225351592e+01
5.309578506046774748e+01
7.213998223186109726e+01
7.613303488889711446e+01
5.444109478195502305e+01
1.023924215127514685e+02
1.314185100678034814e+02
8.928280899526842518e+01
1.202051775798315987e+02
1.226521652940043197e+02
1.436756285153795716e+02
1.028738212985696805e+02
1.239459781247956727e+02
5.362260050931976707e+01
4.449017540409820981e+01
5.036713221811647401e+01
6.023182994366204923e+01
6.074259832026793759e+01
5.536523971372266573e+01
5.795461912022616957e+01
6.927756358013049010e+01
9.347443515499981004e+01
5.469833463810988405e+01
8.476537689707102174e+01
9.223867386379737354e+01
1.041130954698752760e+02
9.386782584231154658e+01
1.279500786880862222e+02
5.309757119424097027e+01
1.346716442514828600e+02
1.684307205612265363e+02
9.353746739018772871e+01
1.077020284934251606e+02
1.339876382531252261e+02
1.556156396346183612e+02
9.269056293907510735e+01
7.502717388072106530e+01
1.305237277093469572e+02
8.917432990047115027e+01
1.133128839743193197e+02
9.519803237580669020e+01
1.724369770558127755e+02
1.486910970587370855e+02
1.269796585117246224e+02
1.691062621335126153e+02
1.282971882078128658e+02
8.838309825999454006e+01
1.444576188793128892e+02
1.409093657339417689e+02
1.304859691710497316e+02
1.148871506869162431e+02
9.858596286256666019e+01
6.915552046528748065e+01
1.331342369058103543e+02
1.499910687334263173e+02
1.132239639081708873e+02
1.333639635250472963e+02
8.431001971632990433e+01
1.011451247633509354e+02
1.652746230004342749e+02
1.540644142962312912e+02
2.021222715823639930e+02
1.472616322142902163e+02
1.489052936611093116e+02
1.168838127193062348e+02
1.225331280445241049e+02
1.139230924381800349e+02
1.024673055623395896e+02
1.505700473965226820e+02
1.744061124005762622e+02
1.494640630050581365e+02
1.231558221467386716e+02
1.405319278544561428e+02
1.240606418552632420e+02
9.616094702170650521e+01
1.566589198198567487e+02
5.383350836701094977e+01
1.487481052400124213e+02
1.527936075318428095e+02
1.742396106077672471e+02
1.410738892352064227e+02
1.192310042553796450e+02
1.419092739772476932e+02
1.814349039384669027e+02
9.272108477817549499e+01
8.919008312868686517e+01
1.618955708953608053e+02
1.868100075938686189e+02
1.839828703614237781e+02
1.603614430590812390e+02
1.505956670486056339e+02
1.533430637914583201e+02
1.592719938261212747e+02
1.644470356487246079e+02
1.386237232672759205e+02
1.651204115316718628e+02
6.767433187252194671e+01
6.517831997071822059e+01
1.863061777081587422e+02
1.676082628574132514e+02
1.866906650856984697e+02
1.693691083569175646e+02
1.673682109982375721e+02
1.269750115314156318e+02
1.399498530727099705e+02
1.981664783693817071e+02
1.129611772436358734e+02
7.767285937706643040e+01
8.014307150821215942e+01
3.509900646951954428e+01
5.795461912022616957e+01
4.648945582631149165e+01
6.672446907867957577e+01
4.395649735278563242e+01
8.060492416019083350e+01
9.917691897837602255e+01
3.892406061930943650e+01
7.159140167974828728e+01
9.570092971960220041e+01
5.244533453816104895e+01
3.684780528335482330e+01
6.882964550729344921e+01
1.021703523426631222e+02
6.322315576231851253e+01
7.893552183893159224e+01
6.950115334338919126e+01
1.128449959837211765e+02
8.134837809923254781e+01
1.287203427341925703e+02
3.627710828495262518e+01
1.251794312948662338e+02
6.701151275177842592e+01
1.117327124748916702e+02
8.497504850844231328e+01
1.451813227890997950e+02
1.291985452279942024e+02
5.733271530557512108e+01
3.519108376985821707e+01
3.466598992662014211e+01
6.607266641887321157e+01
1.128023180362552438e+02
9.009700071040147407e+01
1.660156320116110464e+02
1.504277575189949232e+02
7.183124682002549832e+01
6.497045131407246288e+01
1.123034523877665549e+02
9.245565356453845141e+01
1.792180585862355713e+02
1.666244069355146564e+02
8.574397196126913911e+01
1.301845307066867576e+02
3.418015587146977197e+01
3.383644281090423078e+01
6.418734103602690766e+01
1.118862753955617393e+02
9.408555220309733613e+01
1.890905345233375385e+02
1.799076290204388897e+02
9.793823950687384183e+01
1.580916807587039443e+02
1.067164886099014183e+02
1.079675825850069657e+02
3.360576313203114296e+01
6.369550282056285084e+01
1.117888842629754436e+02
9.558287270541472935e+01
1.977020333009511148e+02
1.931034452501318412e+02
1.108459647847298868e+02
1.910780144983050661e+02
1.389773620505955591e+02
9.581471823113301411e+01
1.579945365627664273e+02
3.315651680646414690e+01
6.231836927972208429e+01
1.089526731387971665e+02
9.320961140403252898e+01
1.937127854492224799e+02
1.864754019944430183e+02
1.078364820038439689e+02
1.862780955217689325e+02
1.331642301713760048e+02
1.467993347727568789e+02
9.123475051363240595e+01
6.132801488389036848e+01
1.069601076093272667e+02
9.162719001158617971e+01
1.913948543210795776e+02
1.830978460028229620e+02
1.071044980224775003e+02
1.870953647018390313e+02
1.346554871978692631e+02
1.498966551257055073e+02
9.963347994882120418e+01
6.307965844775887376e+01
6.106962835996781536e+01
1.067744164612553561e+02
9.207128861875447967e+01
1.945505073135965404e+02
1.882223768940945376e+02
1.127477377953260174e+02
2.028456290047689095e+02
1.511565395348697791e+02
1.760691037702959534e+02
1.272760383445090469e+02
8.907444130031559837e+01
1.291992525206705409e+02
3.253976370146518349e+01
6.057011855996231731e+01
1.058297012761050553e+02
9.141887402507880722e+01
1.939988634346169931e+02
1.875189621195098084e+02
1.134138362020101738e+02
2.062384655479697244e+02
1.553040927197814653e+02
1.833514186053121193e+02
1.385782916547919683e+02
1.010294924240823065e+02
1.543983968070269270e+02
3.240387498845709757e+01
6.017981303530322634e+01
1.050922236563041992e+02
9.090491248860267604e+01
1.935202208499578660e+02
1.867983197549899330e+02
1.137387431378089531e+02
2.082164785105545093e+02
1.575939698961478541e+02
1.869111340173175222e+02
1.453732961847277068e+02
1.080385000975449401e+02
1.682218748993709312e+02
1.425553150327404808e+02
5.315260429119503272e+01
3.236294645190140074e+01
6.011141097246001408e+01
1.051563253105419875e+02
9.130542645179357919e+01
1.955828730637933290e+02
1.900123931461583879e+02
1.171305428719754786e+02
2.176949353404349949e+02
1.676531606352737640e+02
2.028204900735507863e+02
1.631947152094043361e+02
1.253169498111337532e+02
2.020771815185677553e+02
1.667541493412730347e+02
6.142315560696241761e+01
6.546196475950405613e+01
3.231123921670681653e+01
5.999210051259790077e+01
1.050413090227737314e+02
9.142622140270776754e+01
1.966492892951602016e+02
1.916949499978266260e+02
1.191510492346862975e+02
2.236715144568640028e+02
1.741889889951227417e+02
2.133810301444567585e+02
1.760674276308959065e+02
1.383394006706981543e+02
2.286426598781238511e+02
1.854814639963547904e+02
6.824710433824682809e+01
7.000029886839384119e+01
1.049719803750571714e+02
8.986859386323148158e+01
1.917383201794712022e+02
1.836489070612456942e+02
1.158598251620948503e+02
2.194097200473206044e+02
1.718970671406140127e+02
1.765258469875289222e+02
1.397169114925048632e+02
2.321985974377732305e+02
1.881521781580199217e+02
6.934597051590398564e+01
8.888273312571710960e+01
7.726679162182850291e+01
1.669733299207148036e+02
1.600367166960490692e+02
1.044335210864066426e+02
2.025189622488249768e+02
1.617266757660658527e+02
2.014110235139891074e+02
1.380746320987579168e+02
2.320110829750723838e+02
1.887369111539842663e+02
6.989715417404262610e+01
7.184493049982044965e+01
6.111351918442706932e+01
1.380883001348911705e+02
1.335421850385014011e+02
9.154135801619577251e+01
1.831921603967377905e+02
1.498817020690315474e+02
1.897557064979953907e+02
1.662820187897765436e+02
2.315416190940612466e+02
1.893200240785845381e+02
7.054669694348255859e+01
7.272002250133571977e+01
3.995152251069917781e+01
1.141267134559701049e+02
1.089476542568796447e+02
7.964134813041073357e+01
1.650917437729628716e+02
1.386309477170076434e+02
1.781047220098572268e+02
1.608182033518138780e+02
1.340916403249087239e+02
2.321120778584736399e+02
1.907162785652441244e+02
7.157481861724154726e+01
7.400345511468597692e+01
4.061030826802238636e+01
6.705820465503066430e+01
5.778132672870768971e+01
1.303620956991377113e+02
1.162865781889686474e+02
1.553634211528958247e+02
1.471103673065681789e+02
1.269750115314156318e+02
2.258945685050279053e+02
1.883827493950686858e+02
7.165710874087442050e+01
7.464019218391102584e+01
4.104465215593864968e+01
5.192654090072245054e+01
1.185676061497805875e+02
1.079483474304243344e+02
1.438663056371217124e+02
1.416312032418664160e+02
1.252601366740754543e+02
2.277289471118137669e+02
1.908781331339748704e+02
7.685305339625914200e+01
4.217940655750903289e+01
8.556754058241555327e+00
1.214064474687489792e+02
1.051113238351386627e+02
1.335360789527814234e+02
1.362661600387051521e+02
1.231330331684352046e+02
2.292053607320578976e+02
1.930257789709261544e+02
7.539863264949876509e+01
4.356400264713060722e+01
6.860271392174956873e+01
9.667698537334678122e+01
1.104243028425866129e+02
1.072128607927517692e+02
2.117072647377919452e+02
1.846191996034269494e+02
7.460998427045214498e+01
8.023620181663370943e+01
4.430995192117835302e+01
8.717038606092408770e+01
1.045471702697833365e+02
1.031769267481466557e+02
2.101225478439736207e+02
1.843942499457498059e+02
7.689325215556048931e+01
8.411260864280069427e+01
4.653056810316613934e+01
8.827962859519973904e+01
1.912745953579592992e+02
1.733560863734686563e+02
7.656498816337064284e+01
8.671174809743392586e+01
4.856065181035211253e+01
9.655686990997276453e+00
8.469226966933992173e+01
1.641891562577266370e+02
7.767285937706643040e+01
9.194181828883773733e+01
5.226773945169466629e+01
1.031225613030125032e+01
8.394472265432921176e+01
1.821229432825668368e+02
1.299276128866378883e+02
7.123741090244244845e+01
9.288741961087640675e+01
5.530699391551802790e+01
1.098474477979684316e+01
1.286998002133820478e+02
5.733424279571688231e+01
8.807826989967716713e+01
5.753714734399395070e+01
1.174149673086426837e+01
8.272672725389838888e+01
5.558607346001051752e+01
9.285950820375333592e+01
6.740852848251570606e+01
1.410767977573674692e+01
1.098748200908812294e+02
8.651379850113839609e+01
1.922502311988517931e+01
7.008460718883509344e+01
2.241134163480706221e+01
3.509900646951954428e+01
