8.333649262098765576e+01
7.191195638745720942e+01
4.350108220383632585e+01
8.880059841326466596e+01
8.906531337152269145e+01
7.738530916593438747e+01
9.489190082648526925e+01
1.003605526692852976e+02
4.805743466834817212e+01
2.936004529292968357e+01
5.665589963940090712e+01
5.281159102876802081e+01
4.581045034060059606e+01
4.867165706492344412e+01
6.254980946970076161e+01
6.006934683270809217e+01
5.126449597413927250e+01
6.234847218238392230e+01
6.636362564245025908e+01
9.206126289611324864e+01
3.572944766686662632e+01
6.927731960481960982e+01
6.157537347137392203e+01
5.437782305311068853e+01
5.857308990653942971e+01
7.948964588828084743e+01
7.641930989978173727e+01
7.855262375420464593e+01
7.849741907094410465e+01
7.496341475047911729e+01
7.625019124432097328e+01
9.473315762695867193e+01
6.100135065601769924e+01
7.767839185759005716e+01
7.560520141392346716e+01
1.094154290635320308e+02
8.297386658181135033e+01
6.587980149105786154e+01
5.798575792712371424e+01
6.238766537146274516e+01
8.300642325197652838e+01
7.279118265868005722e+01
7.723031764429704538e+01
1.110220301699269783e+02
5.453305061019111122e+01
5.911857900462586457e+01
8.695058345974729264e+01
5.644752977437512698e+01
5.579413791280369139e+01
5.825672900851969160e+01
7.516344407803970284e+01
3.041286197889616716e+01
2.808025502042719168e+01
3.105110703488717050e+01
4.127726882098473027e+01
3.685698263873133129e+01
4.610163880029433869e+01
3.418071053393292402e+01
6.223285373487092897e+01
5.257996120501454129e+01
8.838119220951703880e+01
9.197418931433976752e+01
8.047046330641340717e+01
5.943240951566347263e+01
1.076825322664255395e+02
6.264285114804982157e+01
6.749567243652444404e+01
9.539044617976635720e+01
5.575748435855825136e+01
6.442452106996915973e+01
8.461991774739162508e+01
7.736319894932478292e+01
9.789446433082005683e+01
6.507872259511582058e+01
1.097477145645878096e+02
1.171867716413679119e+02
7.861812832057880485e+01
1.390432761284953358e+02
8.059321916492936566e+01
6.109042770048068860e+01
1.011100177028097136e+02
1.067286961471723714e+02
1.034181871676658631e+02
7.748657011544469242e+01
1.426016549940787286e+02
7.402039895828292515e+01
9.068386405559883201e+01
8.414924111076928170e+01
1.065722638612012787e+02
7.144041392866230922e+01
9.409825499270318971e+01
1.673075480965158306e+02
9.949214346310699852e+01
1.402533416100605734e+02
6.761491534988040542e+01
1.226163417654116756e+02
1.093680627361613773e+02
7.740948802766864389e+01
1.394385116084599474e+02
8.425385922879149803e+01
5.617116027059251593e+01
9.551531860877481961e+01
1.061926606724374693e+02
5.409318105662790543e+01
5.296736353067002767e+01
6.865841293083497021e+01
4.745238265528036692e+01
6.352484725427637358e+01
1.067812608357662896e+02
9.685951463210788859e+01
8.499480792688635233e+01
6.137841091260508364e+01
8.202173725506257540e+01
1.296371153881442808e+02
6.398774783785231790e+01
1.111951975963876293e+02
1.020362445218062817e+02
5.900468992807348201e+01
1.057180374148962727e+02
6.553896132417845877e+01
4.337438767200095668e+01
5.778854327145466385e+01
4.148257506325601440e+01
5.642341543921641289e+01
9.466894062227611073e+01
1.101343272226679346e+02
5.529043924152870204e+01
7.289388492106181161e+01
6.668487375136346884e+01
9.037440924185322899e+01
1.325370185093991608e+02
6.622888081978780406e+01
1.176486533593872679e+02
1.071319314136939340e+02
7.858880013154734456e+01
5.835029864787667009e+01
7.967946880889464012e+01
1.307697918496352258e+02
1.501152386649983441e+02
7.194757322537978439e+01
9.880491723217907918e+01
1.033835026346235537e+02
7.076921712313624369e+01
5.995477811148757752e+01
8.282221799309515120e+01
1.273118410299280612e+02
6.565230918314024677e+01
4.450349068548548814e+01
6.237959520759500975e+01
1.006426863528298838e+02
1.142918769311804397e+02
5.565062826947516328e+01
6.426331839608333496e+01
1.009120448035469906e+02
1.081696910448568048e+02
7.420097568706631819e+01
6.226967580965426663e+01
8.707611059669659426e+01
7.616445739208920429e+01
1.197705613351755005e+02
1.333462850091198106e+02
6.604868262656911782e+01
7.705049507439527190e+01
1.190824769254892317e+02
9.460924148716684101e+01
5.936662484524876504e+01
7.672879459905260546e+01
8.206879419005821319e+01
4.170626177136260537e+01
4.926792541566823758e+01
7.818250098315233743e+01
8.292995466688383033e+01
8.926993795451113556e+01
8.136853044215915531e+01
4.582797641377692344e+01
5.715832014358312563e+01
9.560055725063638477e+01
1.011650358357391610e+02
5.707346375108939185e+01
7.811199867993410351e+01
1.410784623252856420e+02
1.490194759241904023e+02
7.499145915986532884e+01
1.457583116896026354e+02
1.472842878695421120e+02
6.223957219832895049e+01
5.656676033811833548e+01
4.524083520996763497e+01
4.677787756876311676e+01
4.613756514731693414e+01
5.224762980068386753e+01
4.853921931973973614e+01
6.872945684961862867e+01
7.735556564592162943e+01
4.804647542091569079e+01
6.854637423554774500e+01
6.985236678809381772e+01
3.274037120683618696e+01
4.789769039046112198e+01
6.961906699037817248e+01
7.184351481996598920e+01
3.631636137303226519e+01
6.568385837096829505e+01
4.793557459890653405e+01
7.088615019447264842e+01
7.531282485557414930e+01
4.147610543764449176e+01
8.224517241664806022e+01
8.307552007887062473e+01
4.792711470356729819e+01
7.149966101697910403e+01
7.715701974176887745e+01
4.495729079504843639e+01
9.500500250459009521e+01
9.891309033514424698e+01
5.876836871090040404e+01
4.778604373232177949e+01
7.124259745360639329e+01
7.663817855406921353e+01
4.569279695206019909e+01
9.916680334394085605e+01
1.053276001350486268e+02
6.720756718714056888e+01
5.105437858391234585e+01
4.773409751877338891e+01
7.128039296319111884e+01
7.686409550049776840e+01
4.683112031503732453e+01
1.046140520613931528e+02
1.149085432669440650e+02
7.896088503487196419e+01
6.523433160829478084e+01
8.191709728134075874e+01
4.764250924669911313e+01
7.104643195325449767e+01
7.631984008164077693e+01
4.689494028806397097e+01
1.057318914925852056e+02
1.173374343841018259e+02
8.402952958016874163e+01
7.162886778982399960e+01
8.814210437046284596e+01
5.800645304466549135e+01
4.764779157504623441e+01
7.683795164730716465e+01
4.792514829454620440e+01
1.104525098909307133e+02
1.264974687428202316e+02
9.592588215819851882e+01
8.738402941246796729e+01
1.144889114240410066e+02
8.365377019568137484e+01
9.126262870795552828e+01
4.761947018216477545e+01
7.119799009191669370e+01
7.684351644773278167e+01
4.829854990537848636e+01
1.125340286274801116e+02
1.311182384701842238e+02
1.033157066694257225e+02
9.830028419341076074e+01
1.335086951485953648e+02
1.028818350473143965e+02
1.201069158009967452e+02
7.577443932645552138e+01
4.752237009317367011e+01
7.084270913597330832e+01
7.597915079347684753e+01
4.766565549774889377e+01
1.105594531920607722e+02
1.283524330751526179e+02
1.027389497942657783e+02
9.921530464289716633e+01
1.345345110765543097e+02
1.041469572947883933e+02
1.204156377389385000e+02
7.393822743108920292e+01
7.751527920063502108e+01
7.504647900366015278e+01
4.689255598234714739e+01
1.078993695048338992e+02
1.241305586058500268e+02
1.000858179979586993e+02
9.717091617849281704e+01
1.302933613958003605e+02
1.001638653798619174e+02
1.129158962161265976e+02
6.637276283038634972e+01
7.006357280221048711e+01
7.965695497842271777e+01
7.513010550089229866e+01
4.713582696137970629e+01
1.090650432682223254e+02
1.266004197696310598e+02
1.041068547292633468e+02
1.035717564506157515e+02
1.319850433009114283e+02
8.096780741663407355e+01
9.284140241522266024e+01
1.235805392415457646e+02
1.040485224370113002e+02
7.514369030648863657e+01
4.727361010109186168e+01
1.097748215524978832e+02
1.281914214403505241e+02
1.069942645475538683e+02
1.084579113914213195e+02
1.517631674618180568e+02
1.237643528944739444e+02
1.486156195015489629e+02
9.424782095358078493e+01
1.143122216884899842e+02
1.666853591607785461e+02
1.605806018488432585e+02
6.235755337385177910e+01
4.738175821126782949e+01
7.040686138213794720e+01
7.495665602534469940e+01
4.717533797062657186e+01
1.095230574716745338e+02
1.279643063346699705e+02
1.076987944153829346e+02
1.102890169990246676e+02
1.554297648530425136e+02
1.283289220614128681e+02
1.555123610157888265e+02
9.929864200788487949e+01
1.223347308826662641e+02
1.822958888570047975e+02
1.747156197650910201e+02
6.258763108831578137e+01
4.735397813742491735e+01
7.031373090116838398e+01
7.473773286699430685e+01
4.702778239866013621e+01
1.090641438966709700e+02
1.273344471031616507e+02
1.078094824069072502e+02
1.112312487540724533e+02
1.575457926592483489e+02
1.605362419745895011e+02
1.033069553604932054e+02
1.292034440522740510e+02
1.968530757234983071e+02
1.916451960430562167e+02
6.837882385630712179e+01
5.397672309713981775e+01
7.894222058218255711e+01
7.335692162216926704e+01
4.568458471749964644e+01
1.029027702078028881e+02
1.179653110106062428e+02
1.018279133500357574e+02
1.067116062586238456e+02
1.521627567097205258e+02
1.283258562351753369e+02
1.579186801380746488e+02
1.021634449722319147e+02
1.283986796588333164e+02
1.964179571087607030e+02
1.917337257201761815e+02
6.849886274997544433e+01
5.408217032230436416e+01
5.661677289338327057e+01
3.771333450182127933e+01
8.538431666350388127e+01
9.841045927183355957e+01
8.842739035014659521e+01
9.572271323737928128e+01
1.395193458737754213e+02
1.204437733800642150e+02
1.508797380304598335e+02
9.899783372243192048e+01
1.258544484449039658e+02
1.942195384078441975e+02
1.907342330063490579e+02
6.838919276858136698e+01
5.409087710431644069e+01
3.640280771635450208e+01
8.457152143230544539e+01
7.837352811041080258e+01
8.708876446823511230e+01
1.286767558671110407e+02
1.134756847948521852e+02
1.444224310601371712e+02
9.600941510571536242e+01
1.234402936744378678e+02
1.922156609783171461e+02
1.899512846447291565e+02
6.835669184249960040e+01
5.414839018516548919e+01
3.860397871955887439e+01
8.113216018303508292e+01
7.551278379803036955e+01
7.079215445000956208e+01
7.994315279091117077e+01
1.184420131110764487e+02
1.065524807498047863e+02
1.376532533959074556e+02
9.274604242500862483e+01
1.899436505328263252e+02
1.890952649039631694e+02
6.834215242451355721e+01
5.423086926819462406e+01
4.579550159307625989e+01
5.020760516540424589e+01
6.199903635146485925e+01
9.669484989383140316e+01
9.164528694365783679e+01
1.232229422836045103e+02
8.581504808773274817e+01
1.147598357588335176e+02
1.862163148128767887e+02
6.791566620902058560e+01
5.414907266048829371e+01
9.233505727719962408e+01
8.775295057347541672e+01
1.181237894815652538e+02
8.285744158535612769e+01
1.119913255516172796e+02
1.819737089558654759e+02
5.435501299840362321e+01
3.885290324005956109e+01
7.029072109903547982e+01
9.155131680134405769e+01
8.647970587369920281e+01
1.151127238876741217e+02
8.073715652422821165e+01
1.097577108065313780e+02
1.800702640710371156e+02
1.853797748030619630e+02
3.907380156132394688e+01
6.703170885815011104e+01
7.075274694974879708e+01
9.916805368928429232e+01
7.256767171119419402e+01
1.020645355955235374e+02
1.724432450525159481e+02
1.817882767506020514e+02
6.810131386674345322e+01
3.924242643516523543e+01
5.289670620007854751e+01
8.004753767960080779e+01
6.231553946181542614e+01
9.176478726168606670e+01
1.613468421555853922e+02
1.760129466623264705e+02
6.748164117264059314e+01
5.489130761881028064e+01
6.052253354784105710e+01
8.800017821241530669e+01
1.552340479584122761e+02
1.730563549729952797e+02
6.772990591819785777e+01
5.548018042690834761e+01
3.988822292057369623e+01
7.910221775672799538e+01
5.020469741950002174e+01
7.677486061804243889e+01
1.396130172739674720e+02
1.632638765792333118e+02
6.674520327295607558e+01
5.575451625860338822e+01
4.033190681334190231e+01
1.313360585936978850e+02
1.557746439734964667e+02
6.665947550700731483e+01
5.676761465029114362e+01
4.123372208429928776e+01
7.638753447037355215e+01
1.273838656393842115e+02
6.166032150658186595e+01
5.619091008759051675e+01
9.721933018648286406e+01
9.951411787435820600e+01
5.637317333588669044e+01
5.632016833723280058e+01
5.678074060151558200e+01
6.178046696483754374e+01
6.838074221440150779e+01
6.134172429940660010e+01
6.164218866917290995e+01
4.677787756876311676e+01
6.262211515844585819e+01
6.714513418033575931e+01
3.381374632975033023e+01
5.457470472546881979e+01
7.183481729820792339e+01
5.848873796283217530e+01
6.294058897690348431e+01
8.568868369576058797e+01
5.509322007929862508e+01
8.140625280368890060e+01
9.744085335690073180e+01
7.338169922090600039e+01
5.952450204015364221e+01
8.831567041548288444e+01
1.021062818103696515e+02
5.817884701541954229e+01
7.280672533880715491e+01
7.838862251730283504e+01
7.505948644940019676e+01
7.320369417510256937e+01
5.391583900706553578e+01
1.011509246572233280e+02
1.071343455334001078e+02
8.729551266664101661e+01
7.797190123926358751e+01
8.786996960098404941e+01
8.352668555751000667e+01
1.055597210980164817e+02
9.153598140755821078e+01
8.851286478786225587e+01
1.068854223328452804e+02
9.310854636596491218e+01
6.185123512566063653e+01
9.682166751012472616e+01
1.045144972993061288e+02
9.980799140503340539e+01
8.861357590994646216e+01
7.709762537680512651e+01
7.540942477346166584e+01
1.077177639435271033e+02
1.072184769805971456e+02
9.551258795795594381e+01
9.772573869884092801e+01
1.024330734977877455e+02
8.325201331348318945e+01
1.040827970194274315e+02
6.464539957119572477e+01
8.456103442501101597e+01
1.095303445612275794e+02
1.103992406061681635e+02
1.315371078965506797e+02
9.404587729550601694e+01
1.026778078402180086e+02
8.661410348026009842e+01
6.983787599032150695e+01
9.812145889049662628e+01
9.681102660971946250e+01
1.097523139529358787e+02
1.263848107807625070e+02
1.111045457800290563e+02
9.901671438773009015e+01
1.005117762779896964e+02
1.044499706194841764e+02
9.329967239600384232e+01
1.425560826671844552e+02
5.858242071625340230e+01
1.212382640025125795e+02
1.339166860914844790e+02
1.382859333009905356e+02
1.140432390165195216e+02
1.109974656041397196e+02
1.366157135485145773e+02
1.215286517945089031e+02
9.464714394009629927e+01
1.354199550549389244e+02
1.541984508000958556e+02
9.499928217239182970e+01
6.064240130209941526e+01
1.209927486524165090e+02
1.271548347135639432e+02
1.356619155025573207e+02
1.215070469239309574e+02
1.083277529239809667e+02
8.581504808773274817e+01
1.317822299819573004e+02
1.372533747439165097e+02
1.212089433907800924e+02
1.632638765792333118e+02
5.634743197850529839e+01
6.164218866917290995e+01
