4.139168461539721733e+01
2.626108109351650199e+01
5.619061117837767227e+01
9.464256453125069868e+01
5.915479908527562003e+01
6.648056684186148857e+01
1.205750536229813150e+02
1.049537230256980962e+02
3.903213698072712390e+01
6.475411888725639642e+01
9.861264412566809767e+01
6.005460726845021924e+01
6.891334687618002874e+01
1.345490454987420605e+02
1.095348517818926979e+02
1.182586606367962077e+02
6.222629105352455525e+01
1.159667002769156312e+02
1.044291233413098183e+02
1.162494876785252416e+02
6.057274742661550704e+01
8.235815738944884856e+01
4.911426813120123569e+01
5.840767584251735656e+01
1.156438689103416380e+02
9.906174681034717366e+01
1.002789177033614010e+02
1.122559477517284563e+02
9.319117236469732291e+01
9.615054326906684423e+01
1.096681811727381017e+02
1.263116965891304062e+02
1.003302487858018708e+02
8.549999677446528779e+01
9.789471835166899893e+01
1.171361652574332197e+02
5.518041617629885565e+01
3.429699700710943233e+01
4.436138324359618679e+01
9.157596924358146850e+01
8.073911650134411389e+01
7.613772183464686805e+01
9.179320763464282606e+01
1.033683839965018194e+02
8.725509528023185624e+01
1.065945425159661681e+02
1.215458159120192931e+02
8.905987860115030230e+01
9.684774233239855334e+01
1.170771571491970491e+02
1.423120993781782886e+02
3.038235074557872650e+01
4.586010080476819439e+01
1.016640403634918641e+02
9.380231749051127110e+01
9.280955652718077431e+01
1.232696344261044032e+02
1.140197257757069309e+02
1.428429043380061501e+02
1.140075187865470241e+02
1.546776065412454386e+02
1.390706670264233082e+02
1.366476931982067526e+02
1.250238142357483895e+02
1.553221619480170261e+02
1.108251929536200180e+02
1.392244422932438965e+02
1.660839714771821036e+02
6.447605181421354814e+01
1.372034982826961880e+02
1.207320320112865062e+02
1.211103957452143902e+02
1.611625454407859763e+02
1.413590834095928983e+02
1.981738946632016791e+02
1.865369437080670423e+02
1.162067150038674441e+02
1.418238619859171763e+02
1.801123401191896676e+02
1.033988843258002390e+02
1.456669742456765277e+02
1.378757268910479183e+02
1.159290311556174231e+02
1.094688216605714928e+02
1.430731346391154659e+02
9.762264258279643059e+01
7.164697122755488579e+01
7.015733881226918811e+01
9.009707393375693130e+01
7.801295141544906642e+01
9.097134499538813657e+01
1.117925225010156822e+02
1.430234003010907031e+02
8.859809429978474782e+01
1.341237236286400218e+02
1.487205306406432896e+02
9.369027066521091740e+01
9.544047817627922825e+01
1.209998480587634617e+02
1.601108789047760297e+02
6.495482798795319468e+01
9.275741768236683527e+01
8.959841550312282266e+01
4.420771212698753772e+01
4.801768700474990936e+01
6.400582277788848273e+01
5.749139796802873548e+01
6.928954933155499418e+01
1.041220990517202125e+02
6.634346024961459420e+01
1.279760569020381666e+02
1.034923506736099483e+02
2.126337457344044140e+02
9.158756090874462075e+01
1.410187328646535718e+02
1.356572873073517940e+02
8.641311489183335937e+01
9.065635013024690636e+01
1.148180382295826689e+02
1.506071384708584446e+02
6.541453486864682532e+01
8.907803919704883810e+01
8.253908515238052246e+01
1.028385182837776313e+02
1.557906843281479894e+02
9.488783244317477283e+01
1.478302463437013046e+02
1.760660078990486852e+02
9.711978446903039242e+01
2.013091281146030269e+02
7.711870711108022647e+01
1.197842395211295496e+02
1.316578834166227523e+02
8.663866857909933117e+01
6.810072441484092565e+01
6.281127368875092998e+01
7.939919911908671679e+01
1.178765763741317159e+02
7.212725908860328161e+01
8.524547283123716568e+01
1.746224083061298415e+02
2.199894744635307973e+02
1.497431259057321427e+02
8.447395212523446162e+01
1.738335324134543214e+02
6.519915671941232915e+01
1.013733619881865877e+02
5.660082382737962092e+01
7.146582217719742403e+01
1.009275468899576254e+02
6.124287305426953765e+01
7.286560304945014366e+01
1.288358077045042194e+02
1.279947900328975976e+02
2.074447540988631431e+02
1.523215390103034679e+02
8.727828441565868900e+01
1.708200606497545664e+02
9.502714902714268419e+01
1.300413612783702604e+02
7.898401265827592965e+01
9.550601533344594429e+01
1.668630034468400254e+02
2.186328565490184985e+02
1.933063024091673299e+02
1.530135358304900706e+02
1.122509345357221946e+02
6.815855832366452205e+01
8.437622311044916046e+01
1.451025914977385014e+02
1.865402574818225219e+02
7.194592087965247629e+01
1.758083411945719376e+02
5.240365184196006254e+01
7.295470313299310305e+01
1.298116269178391633e+02
1.696802021380016186e+02
6.765150593885527996e+01
8.713730039751000334e+01
1.568694542215019965e+02
2.064299651927540538e+02
8.580812648232844708e+01
7.171179206073388457e+01
9.067303934236136342e+01
3.970716439289765276e+01
5.556147359792188212e+01
2.893827251531052625e+01
3.840932364058912896e+01
3.877741152845615602e+01
5.217155477849473755e+01
4.617569998563331524e+01
5.568493005688466013e+01
6.367492348424025295e+01
8.164151974618550867e+01
1.128209874461482514e+02
6.521174530995189400e+01
9.993312243282987595e+01
5.632822286560807612e+01
1.150455081238846873e+02
1.616768727826465977e+02
6.555331456712333704e+01
9.418032860348225199e+01
1.107974254273900669e+02
9.691773584917116580e+01
8.890064757785579275e+01
6.762440367457753609e+01
1.035376290945388433e+02
8.646196000926167358e+01
1.131475270373735924e+02
6.733899656035573855e+01
1.426491119150945508e+02
1.094003740306705907e+02
1.120463827376600818e+02
1.481606286712824385e+02
9.513816774039308655e+01
9.158925398416377561e+01
1.311896046624153769e+02
1.446159359219877274e+02
1.233450678861384375e+02
1.228766128266441626e+02
1.009867466746441949e+02
8.520537648722654467e+01
1.285063476107576435e+02
1.582012050543116288e+02
1.220015256301441866e+02
1.099281187706283731e+02
1.000753468078665946e+02
8.102818565138160523e+01
1.476460249206967887e+02
1.656780007166619271e+02
2.133796277649072408e+02
1.464849912331631856e+02
1.324766990867573213e+02
1.223329214321100835e+02
1.419870053413554842e+02
9.823188433760020644e+01
1.166482820470688608e+02
1.643091129873912450e+02
1.776999792988354159e+02
1.736763658358958367e+02
1.433245895654260380e+02
1.472427040730524936e+02
1.278919524472840976e+02
1.241979949056946424e+02
1.302298778505366670e+02
6.768585443471638996e+01
1.676272207824590339e+02
1.637729231726542594e+02
1.442816294378374664e+02
1.450678854312597537e+02
1.558692155927419947e+02
1.396352437360193903e+02
1.285989700687034087e+02
1.154416953166951032e+02
7.054132730220676706e+01
1.675740065242532353e+02
1.872183746148310775e+02
1.679576460407082550e+02
1.431520236127547321e+02
1.451385305662315375e+02
1.664547972892536905e+02
1.463428541492346540e+02
1.305820349831230942e+02
1.143116526115196905e+02
1.601471355467424189e+02
7.119395892851252938e+01
8.123791330683498302e+01
1.796842829356745597e+02
1.742460862304685634e+02
1.766948983695717459e+02
1.616935449118538202e+02
1.567246506747683839e+02
1.470660870830155602e+02
1.337951327927058855e+02
1.645689607630157525e+02
1.113227664375875463e+02
9.115684579282317657e+01
1.039530519252371619e+02
1.131307612492673798e+02
3.877741152845615602e+01
3.864576847336007148e+01
5.756175086900223903e+01
3.490069506708697844e+01
5.455064031594306329e+01
5.310433716499281331e+01
3.102839361614518410e+01
4.526259965645535743e+01
5.033207395938998729e+01
5.130171904431363572e+01
3.012101945634427835e+01
4.466967259575793747e+01
5.836451534695343213e+01
8.331434779369266153e+01
9.658439007306223800e+01
4.352653345112792493e+01
6.187031924715837761e+01
1.067783462892131183e+02
2.941635594795225828e+01
1.502137421780319926e+02
9.349286805296065950e+01
2.820702725245408615e+01
3.992930754111024072e+01
5.762931569154859801e+01
1.084831798266826297e+02
1.595281923989211634e+02
8.626744785631800028e+01
5.309486685160260322e+01
2.754212211718486003e+01
3.802585430285893153e+01
5.557896567198374527e+01
1.114175542063009061e+02
1.750783319075488009e+02
9.766184622669446469e+01
6.910345173464197899e+01
8.340993286450063238e+01
2.713206804849519216e+01
3.687231491167366215e+01
5.437138471989592148e+01
1.138149003967921828e+02
1.885612441951916196e+02
1.101013485498261559e+02
8.649420988208174776e+01
1.165319506693450649e+02
7.665184691076332513e+01
2.672881780787008310e+01
3.566590917711560849e+01
5.259484409006329031e+01
1.129859348389450275e+02
1.931202335171032018e+02
1.159305831702442759e+02
9.755806887451730347e+01
1.401220307690084041e+02
9.271494068864055293e+01
6.874528828526756286e+01
2.649114194344463513e+01
3.498334284119750492e+01
5.169904578679902585e+01
1.133366692528960442e+02
1.991316244078747388e+02
1.234985239273992050e+02
1.105892773724664693e+02
1.702127850083887211e+02
1.191524952395049439e+02
9.166975999414411547e+01
1.072123299625418724e+02
2.628408314349011121e+01
3.437393396345729712e+01
5.078804554875150501e+01
1.128717209188757380e+02
2.020181017934771717e+02
1.281376864703009346e+02
1.200090201163573340e+02
1.939688975653087653e+02
1.408752496361325370e+02
1.099241719914601418e+02
1.305470419746177413e+02
1.079198373747874768e+02
4.936400830625696301e+01
1.104582136606199896e+02
1.992769762781701672e+02
1.274577963698749556e+02
1.226513843401059347e+02
2.035924512731567120e+02
1.494914605322724412e+02
1.150076560988852918e+02
1.310117181969543481e+02
9.958728880727771582e+01
7.169148643867349335e+01
4.899055027598330980e+01
1.105522762362847402e+02
2.018846974439949236e+02
1.312936114092997570e+02
1.301711688765084318e+02
2.239344138563937179e+02
1.705437241114034634e+02
1.361078569410808257e+02
1.611877751780908739e+02
1.288261631724880374e+02
1.089938713968077337e+02
1.163404569908419859e+02
2.584158440054966022e+01
3.305148355753886591e+01
4.860931713878424176e+01
1.103707301838435626e+02
2.033277375479878515e+02
1.338452290834966050e+02
1.357525922953505528e+02
2.400278303837217209e+02
1.880342563455704408e+02
1.543720144735557369e+02
1.879206617727022888e+02
1.551319131911939166e+02
1.428698027370970465e+02
7.619228558786332428e+01
1.730290370917641383e+02
2.569535934282324163e+01
3.260072641608366695e+01
4.776059201179235458e+01
1.087026316686896621e+02
2.007854104863282600e+02
1.326122197765947135e+02
1.362660089555108129e+02
2.444492494314249029e+02
1.936402686363012151e+02
1.599998506931633813e+02
1.942953077882285697e+02
1.593323223511141578e+02
1.507253644568815787e+02
1.883465013409341964e+02
8.493153272218596328e+01
5.621611455810069202e+01
2.552820264252856575e+01
3.207779081533031018e+01
4.672376774273786992e+01
1.063631630993257176e+02
1.963127568713564415e+02
1.294678758020312443e+02
1.339944791222671654e+02
2.420504168106351699e+02
1.920991464986816482e+02
1.580067231788987101e+02
1.886099286307679392e+02
1.507759772305773538e+02
1.425948359383796173e+02
1.773165860754876917e+02
7.944853691772941318e+01
5.742937994621884457e+01
6.476064050207367018e+01
2.548780603477773710e+01
4.657034970417034714e+01
1.063707764719832056e+02
1.972749041611841960e+02
1.310021370205524534e+02
1.372577165992066170e+02
2.518137426633290659e+02
2.034158323240274910e+02
2.079291016108039116e+02
1.700755857586521529e+02
1.669053102231556522e+02
2.173349304088949907e+02
1.039672182460880663e+02
8.480476094663971764e+01
1.165066459283566331e+02
1.412707476312679660e+02
3.821132790841966198e+01
3.662362139243122527e+01
8.723152592865986321e+01
1.660543873929114511e+02
1.134078991767875948e+02
1.233387524565272173e+02
2.326492510861016854e+02
1.919816368616384352e+02
1.639699969952456513e+02
2.021550065821723479e+02
1.668127137700823255e+02
1.651040703321968408e+02
2.161276609232123747e+02
1.037699832250938243e+02
8.484690416271250513e+01
1.166101736255333492e+02
1.413178416761188032e+02
3.821957760270034754e+01
7.625417116307112053e+01
1.405041924342009452e+02
9.739430164009189639e+01
1.103180348417235876e+02
2.140741673037679789e+02
1.805430159248814732e+02
1.571841803807481028e+02
1.962035788978370761e+02
1.634021660855947573e+02
1.632881457168427346e+02
2.149840263850817053e+02
1.036368892396924650e+02
8.495835157901706225e+01
1.167797209866613741e+02
1.413912780474151418e+02
6.588923208752402161e+01
1.122058432263198142e+02
7.925819328886491633e+01
9.499019667654961552e+01
1.911975814581350051e+02
1.658259694469435033e+02
1.480713086081157144e+02
1.879999660765182909e+02
1.586364757346157717e+02
1.606051913483853184e+02
2.131698470711836535e+02
1.033463840536988272e+02
8.502775015322596630e+01
1.169382495627007899e+02
1.414627937297254903e+02
5.747682617348024081e+01
7.616651761265033826e+01
1.623820346225856781e+02
1.467604070487097943e+02
1.358326887817908641e+02
1.767535054864091819e+02
1.520259732873052201e+02
7.454711815445647005e+01
1.567140303550199860e+02
2.104171527714981664e+02
1.028346078019597485e+02
8.503737150687901192e+01
1.170817388570716986e+02
1.415325504559249623e+02
3.964467088800298455e+01
1.400962008968404859e+02
1.318355780182702972e+02
1.266309097433608031e+02
1.683233086806374104e+02
1.470660870830155602e+02
1.542713666463858715e+02
2.091875384483596179e+02
1.029387534735745646e+02
8.547748614351615970e+01
1.175809046589863129e+02
1.417399091166581115e+02
6.348109123950014521e+01
1.387108870173652519e+02
1.278262441813712940e+02
1.251265232784474790e+02
1.668818070702050420e+02
1.462524037641377106e+02
1.552706638503060788e+02
2.113457763503643321e+02
1.043163865377510717e+02
8.674929118518976168e+01
1.187353008737258477e+02
1.421933652238593595e+02
1.117436941980634515e+02
1.011648836283750086e+02
1.057079105721322350e+02
1.468665026492180345e+02
1.335795191780217976e+02
1.472442679244500710e+02
2.053980953538011534e+02
1.032247645699816445e+02
8.681359042527847691e+01
1.190860711989069785e+02
1.423599669252681679e+02
6.392134560320425152e+01
7.865105530173399018e+01
1.184319993892128480e+02
1.149086283911194499e+02
1.342755738386911162e+02
1.948620592934754256e+02
1.008396306168476997e+02
8.638952573872165885e+01
1.191983183337591896e+02
1.424563374716483395e+02
7.002800048072631967e+01
1.048683875802114613e+02
1.042363880173638364e+02
1.271823372423829426e+02
1.892886941483913574e+02
1.003602847750272673e+02
8.735970974665272593e+01
1.204453511510150463e+02
1.429718726254998842e+02
8.100435383428177261e+01
8.550627063005910600e+01
1.122967802833158260e+02
1.750120514280340274e+02
9.713714621136506366e+01
8.724275656294229009e+01
1.211383073395818002e+02
1.433153037853168428e+02
6.693019645037486498e+01
9.441164188789478828e+01
1.538167852556938726e+02
9.115684579282317657e+01
8.607135059964373625e+01
1.213788135371186314e+02
1.435333752422667430e+02
9.480840598657967178e+01
1.438954621747049885e+02
8.810875183973836045e+01
8.725046733219403450e+01
1.235420604585123101e+02
1.443925542254988557e+02
1.241257725921104367e+02
8.042467914021868580e+01
8.667628714374185961e+01
1.252000540191977649e+02
1.451497600055251098e+02
6.344560085290719798e+01
8.209800837700844056e+01
1.258172958266032424e+02
1.458982862288562501e+02
8.497814375624727745e+01
1.335976383012860822e+02
1.493868865616867652e+02
1.026414981403808468e+02
1.419872724063603755e+02
1.131307612492673798e+02
