21
# x y z
26	0	0
26.25	0	0
26.5	0	0
26.75	0	0
27	0	0
27.25	0	0
27.5	0	0
27.75	0	0
28	0	0
28.25	0	0
28.5	0	0
28.75	0	0
29	0	0
29.25	0	0
29.5	0	0
29.75	0	0
30	0	0
30.25	0	0
30.5	0	0
30.75	0	0
31	0	0
517
# a b m n rhoa k err ip iperr
1	2	3	4	8.67572481059321e+01	-4.71670842607930e+00	3.00000000000000e-02	0.00000000000000e+00	0.00000000000000e+00
1	2	4	5	9.18633612315877e+01	-1.88060001006364e+01	3.00000000000000e-02	0.00000000000000e+00	0.00000000000000e+00
1	2	5	6	8.56396009620929e+01	-4.70937981303680e+01	3.00000000000000e-02	0.00000000000000e+00	0.00000000000000e+00
1	2	6	7	1.54794054772404e+02	-9.44321074007628e+01	3.00000000000000e-02	0.00000000000000e+00	0.00000000000000e+00
1	2	7	8	1.31256248987000e+02	-1.65371787199006e+02	3.00000000000000e-02	0.00000000000000e+00	0.00000000000000e+00
1	2	8	9	9.35470884313170e+01	-2.64501639738733e+02	3.00000000000000e-02	0.00000000000000e+00	0.00000000000000e+00
1	2	9	11	1.52641022610229e+02	-2.33108060088192e+02	3.00000000000000e-02	0.00000000000000e+00	0.00000000000000e+00
1	2	11	14	1.53702503714718e+02	-3.34204898217498e+02	3.00000000000000e-02	0.00000000000000e+00	0.00000000000000e+00
2	3	4	5	6.81239329029569e+01	-4.69820226916944e+00	3.00000000000000e-02	0.00000000000000e+00	0.00000000000000e+00
2	3	5	6	6.84888957762430e+01	-1.88225081626647e+01	3.00000000000000e-02	0.00000000000000e+00	0.00000000000000e+00
2	3	6	7	1.18589377950366e+02	-4.71161154529139e+01	3.00000000000000e-02	0.00000000000000e+00	0.00000000000000e+00
2	3	7	8	1.01814182257910e+02	-9.44437889669303e+01	3.00000000000000e-02	0.00000000000000e+00	0.00000000000000e+00
2	3	8	9	7.21625488988188e+01	-1.65444407275121e+02	3.00000000000000e-02	0.00000000000000e+00	0.00000000000000e+00
2	3	9	10	1.22449509539237e+02	-2.64533202429172e+02	3.00000000000000e-02	0.00000000000000e+00	0.00000000000000e+00
2	3	10	12	1.24316878279541e+02	-2.33146750509723e+02	3.00000000000000e-02	0.00000000000000e+00	0.00000000000000e+00
2	3	12	15	1.56315477444309e+02	-3.34240255913968e+02	3.00000000000000e-02	0.00000000000000e+00	0.00000000000000e+00
2	4	8	9	6.49888043407574e+01	-6.01397373205976e+01	3.00000000000000e-02	0.00000000000000e+00	0.00000000000000e+00
2	4	9	11	1.10822823342996e+02	-6.20081485555836e+01	3.00000000000000e-02	0.00000000000000e+00	0.00000000000000e+00
2	4	11	14	1.12637544301390e+02	-1.04260234462341e+02	3.00000000000000e-02	0.00000000000000e+00	0.00000000000000e+00
2	4	14	18	1.83523488307656e+02	-2.03012708304929e+02	3.00000000000000e-02	0.00000000000000e+00	0.00000000000000e+00
3	4	5	6	7.49267916320584e+01	-4.73207894706630e+00	3.00000000000000e-02	0.00000000000000e+00	0.00000000000000e+00
3	4	6	7	1.14151257786184e+02	-1.88418470560964e+01	3.00000000000000e-02	0.00000000000000e+00	0.00000000000000e+00
3	4	7	8	8.76171639321084e+01	-4.71168947294850e+01	3.00000000000000e-02	0.00000000000000e+00	0.00000000000000e+00
3	4	8	9	6.39982681064178e+01	-9.44856785457343e+01	3.00000000000000e-02	0.00000000000000e+00	0.00000000000000e+00
3	4	9	10	1.08115550927485e+02	-1.65439769194197e+02	3.00000000000000e-02	0.00000000000000e+00	0.00000000000000e+00
3	4	10	11	1.08111236316359e+02	-2.64558339491100e+02	3.00000000000000e-02	0.00000000000000e+00	0.00000000000000e+00
3	4	11	13	1.10925881337961e+02	-2.33150712505356e+02	3.00000000000000e-02	0.00000000000000e+00	0.00000000000000e+00
3	4	13	16	1.61860353647715e+02	-3.34248878469461e+02	3.00000000000000e-02	0.00000000000000e+00	0.00000000000000e+00
2	5	10	11	1.01379353975223e+02	-8.09907440644408e+01	3.00000000000000e-02	0.00000000000000e+00	0.00000000000000e+00
2	5	11	13	1.04897361638579e+02	-7.32907330225879e+01	3.00000000000000e-02	0.00000000000000e+00	0.00000000000000e+00
2	5	13	16	1.53858932903553e+02	-1.07550789478008e+02	3.00000000000000e-02	0.00000000000000e+00	0.00000000000000e+00
2	5	16	20	1.40696704064274e+02	-1.87688699013743e+02	3.00000000000000e-02	0.00000000000000e+00	0.00000000000000e+00
3	5	9	10	9.96858398265621e+01	-6.01248747430983e+01	3.00000000000000e-02	0.00000000000000e+00	0.00000000000000e+00
3	5	10	12	9.84606555093688e+01	-6.20064459001888e+01	3.00000000000000e-02	0.00000000000000e+00	0.00000000000000e+00
3	5	12	15	1.23660330541493e+02	-1.04257050814421e+02	3.00000000000000e-02	0.00000000000000e+00	0.00000000000000e+00
3	5	15	19	1.50379324573919e+02	-2.03011468989810e+02	3.00000000000000e-02	0.00000000000000e+00	0.00000000000000e+00
4	5	6	7	1.11376714569465e+02	-4.72013233413422e+00	3.00000000000000e-02	0.00000000000000e+00	0.00000000000000e+00
4	5	7	8	7.13222268356351e+01	-1.88178840397651e+01	3.00000000000000e-02	0.00000000000000e+00	0.00000000000000e+00
4	5	8	9	5.58281438090390e+01	-4.71258789940059e+01	3.00000000000000e-02	0.00000000000000e+00	0.00000000000000e+00
4	5	9	10	9.64538044330078e+01	-9.44505091342700e+01	3.00000000000000e-02	0.00000000000000e+00	0.00000000000000e+00
4	5	10	11	9.43088238735467e+01	-1.65428246946611e+02	3.00000000000000e-02	0.00000000000000e+00	0.00000000000000e+00
4	5	11	12	9.49154427242765e+01	-2.64527683722842e+02	3.00000000000000e-02	0.00000000000000e+00	0.00000000000000e+00
4	5	12	14	9.67724186162836e+01	-2.33133183045528e+02	3.00000000000000e-02	0.00000000000000e+00	0.00000000000000e+00
4	5	14	17	1.56965285635101e+02	-3.34236793417488e+02	3.00000000000000e-02	0.00000000000000e+00	0.00000000000000e+00
3	6	11	12	8.06241548072744e+01	-8.09867324082662e+01	3.00000000000000e-02	0.00000000000000e+00	0.00000000000000e+00
3	6	12	14	8.42016069290734e+01	-7.32888910515044e+01	3.00000000000000e-02	0.00000000000000e+00	0.00000000000000e+00
3	6	14	17	1.39196055589118e+02	-1.07550420006427e+02	3.00000000000000e-02	0.00000000000000e+00	0.00000000000000e+00
4	6	10	11	7.38499504120582e+01	-6.01261554342017e+01	3.00000000000000e-02	0.00000000000000e+00	0.00000000000000e+00
4	6	11	13	7.81224065448051e+01	-6.20024020387504e+01	3.00000000000000e-02	0.00000000000000e+00	0.00000000000000e+00
4	6	13	16	1.15587504416380e+02	-1.04255927641072e+02	3.00000000000000e-02	0.00000000000000e+00	0.00000000000000e+00
4	6	16	20	1.06740286584499e+02	-2.03011281387827e+02	3.00000000000000e-02	0.00000000000000e+00	0.00000000000000e+00
5	6	7	8	3.65574773793327e+01	-4.70328138001594e+00	3.00000000000000e-02	0.00000000000000e+00	0.00000000000000e+00
5	6	8	9	3.51502092904141e+01	-1.88364902122718e+01	3.00000000000000e-02	0.00000000000000e+00	0.00000000000000e+00
5	6	9	10	6.34276875521272e+01	-4.71066474203860e+01	3.00000000000000e-02	0.00000000000000e+00	0.00000000000000e+00
5	6	10	11	6.28514043417000e+01	-9.44574257382844e+01	3.00000000000000e-02	0.00000000000000e+00	0.00000000000000e+00
5	6	11	12	6.48951910957761e+01	-1.65421936461483e+02	3.00000000000000e-02	0.00000000000000e+00	0.00000000000000e+00
5	6	12	13	6.99910034835714e+01	-2.64518263492435e+02	3.00000000000000e-02	0.00000000000000e+00	0.00000000000000e+00
5	6	13	15	9.26636815376940e+01	-2.33136707729470e+02	3.00000000000000e-02	0.00000000000000e+00	0.00000000000000e+00
5	6	15	18	9.80075087439864e+01	-3.34239947971648e+02	3.00000000000000e-02	0.00000000000000e+00	0.00000000000000e+00
2	7	13	14	9.76379994925862e+01	-9.69044329352662e+01	3.00000000000000e-02	0.00000000000000e+00	0.00000000000000e+00
2	7	14	16	1.93784151624479e+02	-7.92216800721472e+01	3.00000000000000e-02	0.00000000000000e+00	0.00000000000000e+00
2	7	16	19	1.39279675907223e+02	-1.03542114936790e+02	3.00000000000000e-02	0.00000000000000e+00	0.00000000000000e+00
4	7	12	13	1.03627295202634e+02	-8.09847648095361e+01	3.00000000000000e-02	0.00000000000000e+00	0.00000000000000e+00
4	7	13	15	1.35085835783684e+02	-7.32903468953774e+01	3.00000000000000e-02	0.00000000000000e+00	0.00000000000000e+00
4	7	15	18	1.41116832759531e+02	-1.07551183805632e+02	3.00000000000000e-02	0.00000000000000e+00	0.00000000000000e+00
5	7	11	12	9.68587071060811e+01	-6.01270762344534e+01	3.00000000000000e-02	0.00000000000000e+00	0.00000000000000e+00
5	7	12	14	1.01100213632236e+02	-6.20033691690195e+01	3.00000000000000e-02	0.00000000000000e+00	0.00000000000000e+00
5	7	14	17	1.64614071701660e+02	-1.04258046184811e+02	3.00000000000000e-02	0.00000000000000e+00	0.00000000000000e+00
6	7	8	9	5.49537652750482e+01	-4.74496095281684e+00	3.00000000000000e-02	0.00000000000000e+00	0.00000000000000e+00
6	7	9	10	1.00406990369839e+02	-1.88288643590736e+01	3.00000000000000e-02	0.00000000000000e+00	0.00000000000000e+00
6	7	10	11	1.09128812914293e+02	-4.71233878920519e+01	3.00000000000000e-02	0.00000000000000e+00	0.00000000000000e+00
6	7	11	12	1.15156437384659e+02	-9.44617559017116e+01	3.00000000000000e-02	0.00000000000000e+00	0.00000000000000e+00
6	7	12	13	1.26718586612419e+02	-1.65424213158915e+02	3.00000000000000e-02	0.00000000000000e+00	0.00000000000000e+00
6	7	13	14	1.15933873178636e+02	-2.64535801564015e+02	3.00000000000000e-02	0.00000000000000e+00	0.00000000000000e+00
6	7	14	16	2.30210853734308e+02	-2.33142858320547e+02	3.00000000000000e-02	0.00000000000000e+00	0.00000000000000e+00
6	7	16	19	1.65052880201542e+02	-3.34251819978092e+02	3.00000000000000e-02	0.00000000000000e+00	0.00000000000000e+00
3	8	14	15	1.95396178422754e+02	-9.69005972956341e+01	3.00000000000000e-02	0.00000000000000e+00	0.00000000000000e+00
3	8	15	17	1.38240956569841e+02	-7.92198166047809e+01	3.00000000000000e-02	0.00000000000000e+00	0.00000000000000e+00
3	8	17	20	1.52468769504898e+02	-1.03541343192645e+02	3.00000000000000e-02	0.00000000000000e+00	0.00000000000000e+00
5	8	13	14	9.73087579996015e+01	-8.09813069020169e+01	3.00000000000000e-02	0.00000000000000e+00	0.00000000000000e+00
5	8	14	16	1.89758424252762e+02	-7.32870229806941e+01	3.00000000000000e-02	0.00000000000000e+00	0.00000000000000e+00
5	8	16	19	1.33896634907920e+02	-1.07550953370325e+02	3.00000000000000e-02	0.00000000000000e+00	0.00000000000000e+00
6	8	12	13	1.14531070925206e+02	-6.01149857890015e+01	3.00000000000000e-02	0.00000000000000e+00	0.00000000000000e+00
6	8	13	15	1.49830205993272e+02	-6.19996466125440e+01	3.00000000000000e-02	0.00000000000000e+00	0.00000000000000e+00
6	8	15	18	1.58926671050827e+02	-1.04254545070438e+02	3.00000000000000e-02	0.00000000000000e+00	0.00000000000000e+00
7	8	9	10	1.27330689457947e+02	-4.69837605468238e+00	3.00000000000000e-02	0.00000000000000e+00	0.00000000000000e+00
7	8	10	11	9.34350389279330e+01	-1.88174124538921e+01	3.00000000000000e-02	0.00000000000000e+00	0.00000000000000e+00
7	8	11	12	9.84503609922655e+01	-4.70977740426273e+01	3.00000000000000e-02	0.00000000000000e+00	0.00000000000000e+00
7	8	12	13	1.08808322972860e+02	-9.44311763704575e+01	3.00000000000000e-02	0.00000000000000e+00	0.00000000000000e+00
7	8	13	14	1.00974139893768e+02	-1.65401496028149e+02	3.00000000000000e-02	0.00000000000000e+00	0.00000000000000e+00
7	8	14	15	2.05492455106158e+02	-2.64502755313944e+02	3.00000000000000e-02	0.00000000000000e+00	0.00000000000000e+00
7	8	15	17	1.44636540153598e+02	-2.33123060060922e+02	3.00000000000000e-02	0.00000000000000e+00	0.00000000000000e+00
7	8	17	20	1.59299300530207e+02	-3.34237577302393e+02	3.00000000000000e-02	0.00000000000000e+00	0.00000000000000e+00
2	9	16	17	8.21485675795245e+01	-1.20041803594923e+02	3.00000000000000e-02	0.00000000000000e+00	0.00000000000000e+00
2	9	17	19	1.47352680477564e+02	-9.15837013670890e+01	3.00000000000000e-02	0.00000000000000e+00	0.00000000000000e+00
4	9	15	16	1.49106672249985e+02	-9.69017977370998e+01	3.00000000000000e-02	0.00000000000000e+00	0.00000000000000e+00
4	9	16	18	1.02580067758137e+02	-7.92221956057404e+01	3.00000000000000e-02	0.00000000000000e+00	0.00000000000000e+00
6	9	14	15	1.71267604893723e+02	-8.09860150435144e+01	3.00000000000000e-02	0.00000000000000e+00	0.00000000000000e+00
6	9	15	17	1.23298317990693e+02	-7.32893381226813e+01	3.00000000000000e-02	0.00000000000000e+00	0.00000000000000e+00
6	9	17	20	1.38311544909185e+02	-1.07553418334022e+02	3.00000000000000e-02	0.00000000000000e+00	0.00000000000000e+00
7	9	13	14	7.35261769854880e+01	-6.01249310939561e+01	3.00000000000000e-02	0.00000000000000e+00	0.00000000000000e+00
7	9	14	16	1.45764432836628e+02	-6.20026171814796e+01	3.00000000000000e-02	0.00000000000000e+00	0.00000000000000e+00
7	9	16	19	1.02439463845775e+02	-1.04258991770148e+02	3.00000000000000e-02	0.00000000000000e+00	0.00000000000000e+00
8	9	10	11	4.41906497941669e+01	-4.72364565099270e+00	3.00000000000000e-02	0.00000000000000e+00	0.00000000000000e+00
8	9	11	12	5.14766265235969e+01	-1.88286642124387e+01	3.00000000000000e-02	0.00000000000000e+00	0.00000000000000e+00
8	9	12	13	6.25204832548241e+01	-4.71148647717555e+01	3.00000000000000e-02	0.00000000000000e+00	0.00000000000000e+00
8	9	13	14	5.87816646670815e+01	-9.44631272662256e+01	3.00000000000000e-02	0.00000000000000e+00	0.00000000000000e+00
8	9	14	15	1.21989060790312e+02	-1.65431776042669e+02	3.00000000000000e-02	0.00000000000000e+00	0.00000000000000e+00
8	9	15	16	1.05019254032120e+02	-2.64531459699397e+02	3.00000000000000e-02	0.00000000000000e+00	0.00000000000000e+00
8	9	16	18	7.20308177921033e+01	-2.33147923418115e+02	3.00000000000000e-02	0.00000000000000e+00	0.00000000000000e+00
8	9	18	21	9.37274426355823e+01	-3.34245467024169e+02	3.00000000000000e-02	0.00000000000000e+00	0.00000000000000e+00
3	10	17	18	1.40577599798854e+02	-1.20042012688271e+02	3.00000000000000e-02	0.00000000000000e+00	0.00000000000000e+00
3	10	18	20	1.37503679612107e+02	-9.15836416758403e+01	3.00000000000000e-02	0.00000000000000e+00	0.00000000000000e+00
5	10	16	17	8.13233868404897e+01	-9.69030757467490e+01	3.00000000000000e-02	0.00000000000000e+00	0.00000000000000e+00
5	10	17	19	1.43455121322321e+02	-7.92232703890171e+01	3.00000000000000e-02	0.00000000000000e+00	0.00000000000000e+00
7	10	15	16	1.45978302704876e+02	-8.09820829384645e+01	3.00000000000000e-02	0.00000000000000e+00	0.00000000000000e+00
7	10	16	18	9.90663167021336e+01	-7.32896232935568e+01	3.00000000000000e-02	0.00000000000000e+00	0.00000000000000e+00
8	10	14	15	1.61339413017983e+02	-6.01243233540592e+01	3.00000000000000e-02	0.00000000000000e+00	0.00000000000000e+00
8	10	15	17	1.12345086297967e+02	-6.20019681990592e+01	3.00000000000000e-02	0.00000000000000e+00	0.00000000000000e+00
8	10	17	20	1.19344170384857e+02	-1.04259854618634e+02	3.00000000000000e-02	0.00000000000000e+00	0.00000000000000e+00
9	10	11	12	6.29170016653236e+01	-4.70748892021306e+00	3.00000000000000e-02	0.00000000000000e+00	0.00000000000000e+00
9	10	12	13	8.93468483729402e+01	-1.88201643790159e+01	3.00000000000000e-02	0.00000000000000e+00	0.00000000000000e+00
9	10	13	14	9.06012145602982e+01	-4.71120662265604e+01	3.00000000000000e-02	0.00000000000000e+00	0.00000000000000e+00
9	10	14	15	1.86331586366057e+02	-9.44517538111675e+01	3.00000000000000e-02	0.00000000000000e+00	0.00000000000000e+00
9	10	15	16	1.59723077571554e+02	-1.65411581872136e+02	3.00000000000000e-02	0.00000000000000e+00	0.00000000000000e+00
9	10	16	17	8.54099281208757e+01	-2.64521201421174e+02	3.00000000000000e-02	0.00000000000000e+00	0.00000000000000e+00
9	10	17	19	1.50070103365623e+02	-2.33142147736274e+02	3.00000000000000e-02	0.00000000000000e+00	0.00000000000000e+00
4	11	18	19	1.50965679697256e+02	-1.20046502510620e+02	3.00000000000000e-02	0.00000000000000e+00	0.00000000000000e+00
6	11	17	18	1.39815667789719e+02	-9.69044425428804e+01	3.00000000000000e-02	0.00000000000000e+00	0.00000000000000e+00
6	11	18	20	1.35251504307784e+02	-7.92237066955937e+01	3.00000000000000e-02	0.00000000000000e+00	0.00000000000000e+00
8	11	16	17	7.68749472007718e+01	-8.09856150494519e+01	3.00000000000000e-02	0.00000000000000e+00	0.00000000000000e+00
8	11	17	19	1.35192448372745e+02	-7.32921214010557e+01	3.00000000000000e-02	0.00000000000000e+00	0.00000000000000e+00
9	11	15	16	1.53950072441380e+02	-6.01212470384122e+01	3.00000000000000e-02	0.00000000000000e+00	0.00000000000000e+00
9	11	16	18	1.04092468441375e+02	-6.20029832927543e+01	3.00000000000000e-02	0.00000000000000e+00	0.00000000000000e+00
10	11	12	13	7.13526335671388e+01	-4.71693695120208e+00	3.00000000000000e-02	0.00000000000000e+00	0.00000000000000e+00
10	11	13	14	8.51190933902996e+01	-1.88295749121335e+01	3.00000000000000e-02	0.00000000000000e+00	0.00000000000000e+00
10	11	14	15	1.75273598139775e+02	-4.71160520155093e+01	3.00000000000000e-02	0.00000000000000e+00	0.00000000000000e+00
10	11	15	16	1.50816116251439e+02	-9.44507450988177e+01	3.00000000000000e-02	0.00000000000000e+00	0.00000000000000e+00
10	11	16	17	8.16737893112593e+01	-1.65421970127923e+02	3.00000000000000e-02	0.00000000000000e+00	0.00000000000000e+00
10	11	17	18	1.40157020984288e+02	-2.64530561486898e+02	3.00000000000000e-02	0.00000000000000e+00	0.00000000000000e+00
10	11	18	20	1.33610131211977e+02	-2.33146384606485e+02	3.00000000000000e-02	0.00000000000000e+00	0.00000000000000e+00
5	12	19	20	1.01726491854801e+02	-1.20040465469093e+02	3.00000000000000e-02	0.00000000000000e+00	0.00000000000000e+00
7	12	18	19	1.38343130166114e+02	-9.69094813954776e+01	3.00000000000000e-02	0.00000000000000e+00	0.00000000000000e+00
9	12	17	18	1.29239944571373e+02	-8.09870501948056e+01	3.00000000000000e-02	0.00000000000000e+00	0.00000000000000e+00
9	12	18	20	1.24522365566791e+02	-7.32924257888797e+01	3.00000000000000e-02	0.00000000000000e+00	0.00000000000000e+00
10	12	16	17	7.21539478206234e+01	-6.01247825715362e+01	3.00000000000000e-02	0.00000000000000e+00	0.00000000000000e+00
10	12	17	19	1.29821723266796e+02	-6.20058858799235e+01	3.00000000000000e-02	0.00000000000000e+00	0.00000000000000e+00
11	12	13	14	8.23081562832862e+01	-4.72102029799053e+00	3.00000000000000e-02	0.00000000000000e+00	0.00000000000000e+00
11	12	14	15	1.54544474044727e+02	-1.88298254197388e+01	3.00000000000000e-02	0.00000000000000e+00	0.00000000000000e+00
11	12	15	16	1.21769252531637e+02	-4.71126549661216e+01	3.00000000000000e-02	0.00000000000000e+00	0.00000000000000e+00
11	12	16	17	6.80595756344633e+01	-9.44560839402329e+01	3.00000000000000e-02	0.00000000000000e+00	0.00000000000000e+00
11	12	17	18	1.19136468670575e+02	-1.65427109619988e+02	3.00000000000000e-02	0.00000000000000e+00	0.00000000000000e+00
11	12	18	19	1.28576342818308e+02	-2.64549489359096e+02	3.00000000000000e-02	0.00000000000000e+00	0.00000000000000e+00
11	12	19	21	1.06254003122112e+02	-2.33115919785063e+02	3.00000000000000e-02	0.00000000000000e+00	0.00000000000000e+00
8	13	19	20	8.85451468716443e+01	-9.69016548838640e+01	3.00000000000000e-02	0.00000000000000e+00	0.00000000000000e+00
10	13	18	19	1.22487629836627e+02	-8.09921246787278e+01	3.00000000000000e-02	0.00000000000000e+00	0.00000000000000e+00
11	13	17	18	1.08513760035067e+02	-6.01244223995007e+01	3.00000000000000e-02	0.00000000000000e+00	0.00000000000000e+00
11	13	18	20	1.04749326532496e+02	-6.20056983647533e+01	3.00000000000000e-02	0.00000000000000e+00	0.00000000000000e+00
12	13	14	15	1.48881468981706e+02	-4.70820572523633e+00	3.00000000000000e-02	0.00000000000000e+00	0.00000000000000e+00
12	13	15	16	9.86447106340080e+01	-1.88200826933732e+01	3.00000000000000e-02	0.00000000000000e+00	0.00000000000000e+00
12	13	16	17	5.82930639229341e+01	-4.71093130135236e+01	3.00000000000000e-02	0.00000000000000e+00	0.00000000000000e+00
12	13	17	18	1.05674597556443e+02	-9.44535194462309e+01	3.00000000000000e-02	0.00000000000000e+00	0.00000000000000e+00
12	13	18	19	1.14145836254909e+02	-1.65436420609229e+02	3.00000000000000e-02	0.00000000000000e+00	0.00000000000000e+00
12	13	19	20	8.25999672913331e+01	-2.64516272212757e+02	3.00000000000000e-02	0.00000000000000e+00	0.00000000000000e+00
11	14	19	20	7.03448216321347e+01	-8.09837360163369e+01	3.00000000000000e-02	0.00000000000000e+00	0.00000000000000e+00
12	14	18	19	8.86447749310158e+01	-6.01332132165302e+01	3.00000000000000e-02	0.00000000000000e+00	0.00000000000000e+00
13	14	16	17	3.31321649507490e+01	-1.88266982701645e+01	3.00000000000000e-02	0.00000000000000e+00	0.00000000000000e+00
13	14	17	18	6.61540670147793e+01	-4.71169389866238e+01	3.00000000000000e-02	0.00000000000000e+00	0.00000000000000e+00
13	14	18	19	7.44946203881119e+01	-9.44721799135256e+01	3.00000000000000e-02	0.00000000000000e+00	0.00000000000000e+00
13	14	19	20	5.58471010134576e+01	-1.65419467530361e+02	3.00000000000000e-02	0.00000000000000e+00	0.00000000000000e+00
13	14	20	21	7.87869114719693e+01	-2.64442401965420e+02	3.00000000000000e-02	0.00000000000000e+00	0.00000000000000e+00
13	15	19	20	8.03879377344376e+01	-6.01242587933237e+01	3.00000000000000e-02	0.00000000000000e+00	0.00000000000000e+00
14	15	16	17	6.05381762925000e+01	-4.72135642031009e+00	3.00000000000000e-02	0.00000000000000e+00	0.00000000000000e+00
14	15	18	19	1.22886114025483e+02	-4.71308360342276e+01	3.00000000000000e-02	0.00000000000000e+00	0.00000000000000e+00
14	15	19	20	9.36653915783140e+01	-9.44556071880492e+01	3.00000000000000e-02	0.00000000000000e+00	0.00000000000000e+00
14	15	20	21	1.33128062040073e+02	-1.65361889870673e+02	3.00000000000000e-02	0.00000000000000e+00	0.00000000000000e+00
15	16	17	18	1.25468658410125e+02	-4.72144630544382e+00	3.00000000000000e-02	0.00000000000000e+00	0.00000000000000e+00
15	16	18	19	1.14937752693742e+02	-1.88381472062225e+01	3.00000000000000e-02	0.00000000000000e+00	0.00000000000000e+00
15	16	19	20	8.27424506793871e+01	-4.71093838380924e+01	3.00000000000000e-02	0.00000000000000e+00	0.00000000000000e+00
15	16	20	21	1.14616489122583e+02	-9.44075985722148e+01	3.00000000000000e-02	0.00000000000000e+00	0.00000000000000e+00
16	17	18	19	4.89516105868552e+01	-4.72816236398942e+00	3.00000000000000e-02	0.00000000000000e+00	0.00000000000000e+00
16	17	19	20	3.83956269614788e+01	-1.88185260874469e+01	3.00000000000000e-02	0.00000000000000e+00	0.00000000000000e+00
16	17	20	21	5.39166097885279e+01	-4.70801073938648e+01	3.00000000000000e-02	0.00000000000000e+00	0.00000000000000e+00
17	18	19	20	5.11023716811897e+01	-4.70140315017937e+00	3.00000000000000e-02	0.00000000000000e+00	0.00000000000000e+00
17	18	20	21	6.02607178322883e+01	-1.88053231700567e+01	3.00000000000000e-02	0.00000000000000e+00	0.00000000000000e+00
18	19	20	21	1.13614269862939e+02	-4.72339866809149e+00	3.00000000000000e-02	0.00000000000000e+00	0.00000000000000e+00
1	4	2	3	7.92396583716959e+01	1.57497164426031e+00	3.00000000000000e-02	0.00000000000000e+00	0.00000000000000e+00
2	5	3	4	8.89575997370442e+01	1.57394707136465e+00	3.00000000000000e-02	0.00000000000000e+00	0.00000000000000e+00
3	6	4	5	8.99099971403736e+01	1.56988525118643e+00	3.00000000000000e-02	0.00000000000000e+00	0.00000000000000e+00
4	7	5	6	5.96653323765488e+01	1.57193564166835e+00	3.00000000000000e-02	0.00000000000000e+00	0.00000000000000e+00
2	8	4	6	8.22934701875195e+01	3.14236341996913e+00	3.00000000000000e-02	0.00000000000000e+00	0.00000000000000e+00
5	8	6	7	9.86727247165706e+01	1.57534321028695e+00	3.00000000000000e-02	0.00000000000000e+00	0.00000000000000e+00
3	9	5	7	1.07173319762559e+02	3.14238733591626e+00	3.00000000000000e-02	0.00000000000000e+00	0.00000000000000e+00
6	9	7	8	8.89516081651229e+01	1.56800945134099e+00	3.00000000000000e-02	0.00000000000000e+00	0.00000000000000e+00
4	10	6	8	1.25243343402578e+02	3.14250659654287e+00	3.00000000000000e-02	0.00000000000000e+00	0.00000000000000e+00
7	10	8	9	5.33379474386925e+01	1.57570553316354e+00	3.00000000000000e-02	0.00000000000000e+00	0.00000000000000e+00
2	11	5	8	1.37676916414236e+02	4.71853411020794e+00	3.00000000000000e-02	0.00000000000000e+00	0.00000000000000e+00
2	11	6	7	1.77316746949808e+02	1.57367294966859e+01	3.00000000000000e-02	0.00000000000000e+00	0.00000000000000e+00
5	11	7	9	8.83989955082620e+01	3.14219278880819e+00	3.00000000000000e-02	0.00000000000000e+00	0.00000000000000e+00
8	11	9	10	1.00650608408319e+02	1.56858987363022e+00	3.00000000000000e-02	0.00000000000000e+00	0.00000000000000e+00
3	12	6	9	1.31216984110543e+02	4.71872841373229e+00	3.00000000000000e-02	0.00000000000000e+00	0.00000000000000e+00
3	12	7	8	1.44172424706450e+02	1.57344521307727e+01	3.00000000000000e-02	0.00000000000000e+00	0.00000000000000e+00
6	12	8	10	8.86015490001762e+01	3.14254523980734e+00	3.00000000000000e-02	0.00000000000000e+00	0.00000000000000e+00
9	12	10	11	7.67264557681135e+01	1.57245999537060e+00	3.00000000000000e-02	0.00000000000000e+00	0.00000000000000e+00
4	13	7	10	1.24431107054600e+02	4.71878688681915e+00	3.00000000000000e-02	0.00000000000000e+00	0.00000000000000e+00
4	13	8	9	9.23579564259931e+01	1.57375935783869e+01	3.00000000000000e-02	0.00000000000000e+00	0.00000000000000e+00
7	13	9	11	1.19673852032296e+02	3.14253064524699e+00	3.00000000000000e-02	0.00000000000000e+00	0.00000000000000e+00
10	13	11	12	8.53282282915958e+01	1.57116762461325e+00	3.00000000000000e-02	0.00000000000000e+00	0.00000000000000e+00
2	14	6	10	1.69989203709667e+02	6.29207458098292e+00	3.00000000000000e-02	0.00000000000000e+00	0.00000000000000e+00
2	14	7	9	1.47834586739017e+02	1.37629369025757e+01	3.00000000000000e-02	0.00000000000000e+00	0.00000000000000e+00
5	14	8	11	1.36252710349348e+02	4.71897006758289e+00	3.00000000000000e-02	0.00000000000000e+00	0.00000000000000e+00
5	14	9	10	1.59499442400826e+02	1.57357802705997e+01	3.00000000000000e-02	0.00000000000000e+00	0.00000000000000e+00
8	14	10	12	1.25756594487608e+02	3.14220236190297e+00	3.00000000000000e-02	0.00000000000000e+00	0.00000000000000e+00
11	14	12	13	1.06732398329200e+02	1.57067277570332e+00	3.00000000000000e-02	0.00000000000000e+00	0.00000000000000e+00
3	15	7	11	1.50769009166494e+02	6.29197813073536e+00	3.00000000000000e-02	0.00000000000000e+00	0.00000000000000e+00
3	15	8	10	1.39506504860209e+02	1.37631957597728e+01	3.00000000000000e-02	0.00000000000000e+00	0.00000000000000e+00
6	15	9	12	1.31296754091840e+02	4.71864446459634e+00	3.00000000000000e-02	0.00000000000000e+00	0.00000000000000e+00
6	15	10	11	1.39585375960182e+02	1.57361213341686e+01	3.00000000000000e-02	0.00000000000000e+00	0.00000000000000e+00
9	15	11	13	9.79236031244147e+01	3.14214214603796e+00	3.00000000000000e-02	0.00000000000000e+00	0.00000000000000e+00
12	15	13	14	6.74253551648439e+01	1.57215934779558e+00	3.00000000000000e-02	0.00000000000000e+00	0.00000000000000e+00
4	16	8	12	1.37087310488097e+02	6.29230534909680e+00	3.00000000000000e-02	0.00000000000000e+00	0.00000000000000e+00
4	16	9	11	1.61304138187956e+02	1.37631517225219e+01	3.00000000000000e-02	0.00000000000000e+00	0.00000000000000e+00
7	16	10	13	1.23743260404723e+02	4.71881069597088e+00	3.00000000000000e-02	0.00000000000000e+00	0.00000000000000e+00
7	16	11	12	1.25886318140562e+02	1.57363011973592e+01	3.00000000000000e-02	0.00000000000000e+00	0.00000000000000e+00
10	16	12	14	8.42635123094434e+01	3.14217945808216e+00	3.00000000000000e-02	0.00000000000000e+00	0.00000000000000e+00
13	16	14	15	1.16201743106982e+02	1.57134492812059e+00	3.00000000000000e-02	0.00000000000000e+00	0.00000000000000e+00
2	17	7	12	1.65622509904789e+02	7.86125582179728e+00	3.00000000000000e-02	0.00000000000000e+00	0.00000000000000e+00
2	17	8	11	1.64720101111594e+02	1.41470791273678e+01	3.00000000000000e-02	0.00000000000000e+00	0.00000000000000e+00
2	17	9	10	1.89873727317325e+02	4.40067507949254e+01	3.00000000000000e-02	0.00000000000000e+00	0.00000000000000e+00
5	17	9	13	1.51437783583931e+02	6.29208008907808e+00	3.00000000000000e-02	0.00000000000000e+00	0.00000000000000e+00
5	17	10	12	1.56342971135150e+02	1.37631912615124e+01	3.00000000000000e-02	0.00000000000000e+00	0.00000000000000e+00
8	17	11	14	1.18353989518234e+02	4.71856942734141e+00	3.00000000000000e-02	0.00000000000000e+00	0.00000000000000e+00
8	17	12	13	1.33214218070806e+02	1.57352575157727e+01	3.00000000000000e-02	0.00000000000000e+00	0.00000000000000e+00
11	17	13	15	1.19896883807661e+02	3.14271779568032e+00	3.00000000000000e-02	0.00000000000000e+00	0.00000000000000e+00
14	17	15	16	9.86971637745844e+01	1.57220672443672e+00	3.00000000000000e-02	0.00000000000000e+00	0.00000000000000e+00
3	18	8	13	1.58128792665412e+02	7.86135476370079e+00	3.00000000000000e-02	0.00000000000000e+00	0.00000000000000e+00
3	18	9	12	1.78824585595051e+02	1.41469550725882e+01	3.00000000000000e-02	0.00000000000000e+00	0.00000000000000e+00
3	18	10	11	1.86011652115546e+02	4.40072612437534e+01	3.00000000000000e-02	0.00000000000000e+00	0.00000000000000e+00
6	18	10	14	1.31404018332105e+02	6.29215077390632e+00	3.00000000000000e-02	0.00000000000000e+00	0.00000000000000e+00
6	18	11	13	1.42057326319039e+02	1.37629776411869e+01	3.00000000000000e-02	0.00000000000000e+00	0.00000000000000e+00
9	18	12	15	1.33580051789059e+02	4.71889258285116e+00	3.00000000000000e-02	0.00000000000000e+00	0.00000000000000e+00
9	18	13	14	1.00814344952161e+02	1.57364803301944e+01	3.00000000000000e-02	0.00000000000000e+00	0.00000000000000e+00
12	18	14	16	1.49658889119704e+02	3.14284641433768e+00	3.00000000000000e-02	0.00000000000000e+00	0.00000000000000e+00
15	18	16	17	4.93459251477715e+01	1.57342039613839e+00	3.00000000000000e-02	0.00000000000000e+00	0.00000000000000e+00
4	19	9	14	1.57427305259932e+02	7.86126353934855e+00	3.00000000000000e-02	0.00000000000000e+00	0.00000000000000e+00
4	19	10	13	1.68089336827167e+02	1.41469096869276e+01	3.00000000000000e-02	0.00000000000000e+00	0.00000000000000e+00
4	19	11	12	1.66433064986327e+02	4.40069765192021e+01	3.00000000000000e-02	0.00000000000000e+00	0.00000000000000e+00
7	19	11	15	1.52731698233512e+02	6.29206500177196e+00	3.00000000000000e-02	0.00000000000000e+00	0.00000000000000e+00
7	19	12	14	1.32076851617833e+02	1.37628367059929e+01	3.00000000000000e-02	0.00000000000000e+00	0.00000000000000e+00
10	19	13	16	1.41473097427259e+02	4.71866402817926e+00	3.00000000000000e-02	0.00000000000000e+00	0.00000000000000e+00
10	19	14	15	1.86853020559612e+02	1.57360513179508e+01	3.00000000000000e-02	0.00000000000000e+00	0.00000000000000e+00
13	19	15	17	9.41446011485173e+01	3.14192368003328e+00	3.00000000000000e-02	0.00000000000000e+00	0.00000000000000e+00
16	19	17	18	9.12692203443354e+01	1.57052576744827e+00	3.00000000000000e-02	0.00000000000000e+00	0.00000000000000e+00
2	20	8	14	1.79962243246959e+02	9.42941353755577e+00	3.00000000000000e-02	0.00000000000000e+00	0.00000000000000e+00
2	20	9	13	2.06491514623515e+02	1.51234840829603e+01	3.00000000000000e-02	0.00000000000000e+00	0.00000000000000e+00
2	20	10	12	2.09543789174924e+02	3.14225972247310e+01	3.00000000000000e-02	0.00000000000000e+00	0.00000000000000e+00
5	20	10	15	1.73200813204521e+02	7.86129389411456e+00	3.00000000000000e-02	0.00000000000000e+00	0.00000000000000e+00
5	20	11	14	1.53339114236685e+02	1.41468492989902e+01	3.00000000000000e-02	0.00000000000000e+00	0.00000000000000e+00
5	20	12	13	1.67097025628048e+02	4.40063694831194e+01	3.00000000000000e-02	0.00000000000000e+00	0.00000000000000e+00
8	20	12	16	1.68272280704416e+02	6.29191677838246e+00	3.00000000000000e-02	0.00000000000000e+00	0.00000000000000e+00
8	20	13	15	1.75790390377770e+02	1.37628703477522e+01	3.00000000000000e-02	0.00000000000000e+00	0.00000000000000e+00
11	20	14	17	1.53058468182196e+02	4.71874005919898e+00	3.00000000000000e-02	0.00000000000000e+00	0.00000000000000e+00
11	20	15	16	1.75774839025371e+02	1.57359103180193e+01	3.00000000000000e-02	0.00000000000000e+00	0.00000000000000e+00
14	20	16	18	7.81168015343625e+01	3.14225612665928e+00	3.00000000000000e-02	0.00000000000000e+00	0.00000000000000e+00
17	20	18	19	9.19901767044652e+01	1.57450563295835e+00	3.00000000000000e-02	0.00000000000000e+00	0.00000000000000e+00
3	21	9	15	2.09158040254586e+02	9.42985880572875e+00	3.00000000000000e-02	0.00000000000000e+00	0.00000000000000e+00
3	21	10	14	1.91489760878861e+02	1.51241399613671e+01	3.00000000000000e-02	0.00000000000000e+00	0.00000000000000e+00
3	21	11	13	2.00429134544119e+02	3.14235486428410e+01	3.00000000000000e-02	0.00000000000000e+00	0.00000000000000e+00
6	21	11	16	1.76617558606504e+02	7.86189889189869e+00	3.00000000000000e-02	0.00000000000000e+00	0.00000000000000e+00
6	21	12	15	1.80174544172038e+02	1.41477592948708e+01	3.00000000000000e-02	0.00000000000000e+00	0.00000000000000e+00
6	21	13	14	1.32379136567792e+02	4.40093140804766e+01	3.00000000000000e-02	0.00000000000000e+00	0.00000000000000e+00
9	21	13	17	1.47788599176408e+02	6.29305407744751e+00	3.00000000000000e-02	0.00000000000000e+00	0.00000000000000e+00
9	21	14	16	2.06152526084950e+02	1.37646074704513e+01	3.00000000000000e-02	0.00000000000000e+00	0.00000000000000e+00
12	21	15	18	1.29984908471855e+02	4.72023576581482e+00	3.00000000000000e-02	0.00000000000000e+00	0.00000000000000e+00
12	21	16	17	8.75084684185998e+01	1.57398390588307e+01	3.00000000000000e-02	0.00000000000000e+00	0.00000000000000e+00
15	21	17	19	1.12509054055398e+02	3.14587445630795e+00	3.00000000000000e-02	0.00000000000000e+00	0.00000000000000e+00
18	21	19	20	5.63675603655211e+01	1.57714289934671e+00	3.00000000000000e-02	0.00000000000000e+00	0.00000000000000e+00
1	4	2	3	7.92961998537248e+01	1.57497164426031e+00	3.00000000000000e-02	0.00000000000000e+00	0.00000000000000e+00
1	5	2	3	8.52205739733513e+01	2.36919274994513e+00	3.00000000000000e-02	0.00000000000000e+00	0.00000000000000e+00
1	5	3	4	9.12628800556519e+01	2.36220589978030e+00	3.00000000000000e-02	0.00000000000000e+00	0.00000000000000e+00
1	6	2	3	8.76007675372924e+01	2.71034431396689e+00	3.00000000000000e-02	0.00000000000000e+00	0.00000000000000e+00
1	6	3	4	1.08389947096647e+02	4.71676945724474e+00	3.00000000000000e-02	0.00000000000000e+00	0.00000000000000e+00
1	6	4	5	1.02008440268693e+02	2.69565507636247e+00	3.00000000000000e-02	0.00000000000000e+00	0.00000000000000e+00
1	7	2	3	8.56600603910978e+01	2.87577250295761e+00	3.00000000000000e-02	0.00000000000000e+00	0.00000000000000e+00
1	7	3	4	1.06857369019168e+02	6.29183436978056e+00	3.00000000000000e-02	0.00000000000000e+00	0.00000000000000e+00
1	7	4	5	9.05235484019451e+01	6.28500450610946e+00	3.00000000000000e-02	0.00000000000000e+00	0.00000000000000e+00
1	7	5	6	4.73597582538868e+01	2.85328968953970e+00	3.00000000000000e-02	0.00000000000000e+00	0.00000000000000e+00
1	8	2	3	8.75289785017451e+01	2.96608861777726e+00	3.00000000000000e-02	0.00000000000000e+00	0.00000000000000e+00
1	8	4	5	1.03285014316553e+02	9.43681662843456e+00	3.00000000000000e-02	0.00000000000000e+00	0.00000000000000e+00
1	8	5	6	6.66822456695134e+01	7.25399164638889e+00	3.00000000000000e-02	0.00000000000000e+00	0.00000000000000e+00
1	8	6	7	8.68411600477903e+01	2.95825859030813e+00	3.00000000000000e-02	0.00000000000000e+00	0.00000000000000e+00
1	9	3	4	9.48251378626844e+01	7.86604212880004e+00	3.00000000000000e-02	0.00000000000000e+00	0.00000000000000e+00
1	9	4	5	1.10851118999852e+02	1.17996641626849e+01	3.00000000000000e-02	0.00000000000000e+00	0.00000000000000e+00
1	9	5	6	8.27959672047485e+01	1.17970869471625e+01	3.00000000000000e-02	0.00000000000000e+00	0.00000000000000e+00
1	9	6	7	1.36151567678329e+02	7.85627298306024e+00	3.00000000000000e-02	0.00000000000000e+00	0.00000000000000e+00
1	9	2	3	8.50770115984567e+01	3.02023542186292e+00	3.00000000000000e-02	0.00000000000000e+00	0.00000000000000e+00
1	9	7	8	1.23571190892661e+02	2.99281389833833e+00	3.00000000000000e-02	0.00000000000000e+00	0.00000000000000e+00
1	10	3	4	9.08904404753378e+01	8.25871303862993e+00	3.00000000000000e-02	0.00000000000000e+00	0.00000000000000e+00
1	10	4	5	1.12627160882316e+02	1.34842455411333e+01	3.00000000000000e-02	0.00000000000000e+00	0.00000000000000e+00
1	10	5	6	8.89391647765926e+01	1.57385480861209e+01	3.00000000000000e-02	0.00000000000000e+00	0.00000000000000e+00
1	10	6	7	1.54056105816693e+02	1.34812910912975e+01	3.00000000000000e-02	0.00000000000000e+00	0.00000000000000e+00
1	10	7	8	1.18140018249995e+02	8.24441671842360e+00	3.00000000000000e-02	0.00000000000000e+00	0.00000000000000e+00
1	10	2	3	8.45879236578747e+01	3.05511637674582e+00	3.00000000000000e-02	0.00000000000000e+00	0.00000000000000e+00
1	11	3	4	6.65823524440715e+01	8.52483258784076e+00	3.00000000000000e-02	0.00000000000000e+00	0.00000000000000e+00
1	11	4	5	1.06489249053160e+02	1.46809027051654e+01	3.00000000000000e-02	0.00000000000000e+00	0.00000000000000e+00
1	11	5	6	8.80851638384056e+01	1.88852125616190e+01	3.00000000000000e-02	0.00000000000000e+00	0.00000000000000e+00
1	11	6	7	1.60852446390793e+02	1.88836062491392e+01	3.00000000000000e-02	0.00000000000000e+00	0.00000000000000e+00
1	11	7	8	1.29067494022097e+02	1.46730967943085e+01	3.00000000000000e-02	0.00000000000000e+00	0.00000000000000e+00
1	11	8	9	6.75485374675931e+01	8.51290479298803e+00	3.00000000000000e-02	0.00000000000000e+00	0.00000000000000e+00
1	12	2	3	8.54971556738226e+01	3.09568167635192e+00	3.00000000000000e-02	0.00000000000000e+00	0.00000000000000e+00
1	12	4	5	1.17578539661054e+02	1.55435470160532e+01	3.00000000000000e-02	0.00000000000000e+00	0.00000000000000e+00
1	12	5	6	9.95743967121003e+01	2.13190819972510e+01	3.00000000000000e-02	0.00000000000000e+00	0.00000000000000e+00
1	12	6	7	1.88563089908482e+02	2.36017766014401e+01	3.00000000000000e-02	0.00000000000000e+00	0.00000000000000e+00
1	12	7	8	1.58399767867720e+02	2.13130940990253e+01	3.00000000000000e-02	0.00000000000000e+00	0.00000000000000e+00
1	12	8	9	9.09358808079466e+01	1.55380345064471e+01	3.00000000000000e-02	0.00000000000000e+00	0.00000000000000e+00
1	12	9	10	1.22391982370400e+02	8.69755417640703e+00	3.00000000000000e-02	0.00000000000000e+00	0.00000000000000e+00
1	13	4	5	1.10123938908053e+02	1.61778528984606e+01	3.00000000000000e-02	0.00000000000000e+00	0.00000000000000e+00
1	13	5	6	9.58459335696608e+01	2.31879339169459e+01	3.00000000000000e-02	0.00000000000000e+00	0.00000000000000e+00
1	13	6	7	1.86914511325042e+02	2.75295321263464e+01	3.00000000000000e-02	0.00000000000000e+00	0.00000000000000e+00
1	13	7	8	1.62667881268553e+02	2.75256200018195e+01	3.00000000000000e-02	0.00000000000000e+00	0.00000000000000e+00
1	13	8	9	9.83015968828223e+01	2.31838467775029e+01	3.00000000000000e-02	0.00000000000000e+00	0.00000000000000e+00
1	13	9	10	1.41172868591957e+02	1.61706710047167e+01	3.00000000000000e-02	0.00000000000000e+00	0.00000000000000e+00
1	13	10	11	1.32167344470588e+02	8.83554239504951e+00	3.00000000000000e-02	0.00000000000000e+00	0.00000000000000e+00
1	13	11	12	1.05695376161900e+02	3.08916221184046e+00	3.00000000000000e-02	0.00000000000000e+00	0.00000000000000e+00
1	14	4	5	1.11089856878396e+02	1.66539025378002e+01	3.00000000000000e-02	0.00000000000000e+00	0.00000000000000e+00
1	14	5	6	9.81091508119883e+01	2.46284490575008e+01	3.00000000000000e-02	0.00000000000000e+00	0.00000000000000e+00
1	14	6	7	1.95591435787613e+02	3.07272329335601e+01	3.00000000000000e-02	0.00000000000000e+00	0.00000000000000e+00
1	14	7	8	1.75658047978291e+02	3.30208507725737e+01	3.00000000000000e-02	0.00000000000000e+00	0.00000000000000e+00
1	14	8	9	1.11403269447866e+02	3.07244777675670e+01	3.00000000000000e-02	0.00000000000000e+00	0.00000000000000e+00
1	14	9	10	1.68664202619498e+02	2.46218283900882e+01	3.00000000000000e-02	0.00000000000000e+00	0.00000000000000e+00
1	14	11	12	1.58987440533213e+02	8.93705012075598e+00	3.00000000000000e-02	0.00000000000000e+00	0.00000000000000e+00
1	14	12	13	1.33303429177530e+02	3.09258562222545e+00	3.00000000000000e-02	0.00000000000000e+00	0.00000000000000e+00
1	15	4	5	1.07568330058936e+02	1.70182588895854e+01	3.00000000000000e-02	0.00000000000000e+00	0.00000000000000e+00
1	15	5	6	9.49010691110450e+01	2.57489409167619e+01	3.00000000000000e-02	0.00000000000000e+00	0.00000000000000e+00
1	15	6	7	1.88673156675322e+02	3.33088215924345e+01	3.00000000000000e-02	0.00000000000000e+00	0.00000000000000e+00
1	15	7	8	1.69441319012567e+02	3.77312690141417e+01	3.00000000000000e-02	0.00000000000000e+00	0.00000000000000e+00
1	15	8	9	1.07902441829805e+02	3.77322163695385e+01	3.00000000000000e-02	0.00000000000000e+00	0.00000000000000e+00
1	15	9	10	1.62866679821653e+02	3.33034133927259e+01	3.00000000000000e-02	0.00000000000000e+00	0.00000000000000e+00
1	15	11	12	1.80731948477859e+02	1.70107061421474e+01	3.00000000000000e-02	0.00000000000000e+00	0.00000000000000e+00
1	16	4	5	1.08078382572945e+02	1.73022304607292e+01	3.00000000000000e-02	0.00000000000000e+00	0.00000000000000e+00
1	16	5	6	9.57176084896109e+01	2.66304634544266e+01	3.00000000000000e-02	0.00000000000000e+00	0.00000000000000e+00
1	16	6	7	1.90815460922316e+02	3.53917090180924e+01	3.00000000000000e-02	0.00000000000000e+00	0.00000000000000e+00
1	16	7	8	1.72382669802727e+02	4.17003729710698e+01	3.00000000000000e-02	0.00000000000000e+00	0.00000000000000e+00
1	16	8	9	1.11193054219746e+02	4.40096630278900e+01	3.00000000000000e-02	0.00000000000000e+00	0.00000000000000e+00
1	16	9	10	1.69133393368690e+02	4.16989377298881e+01	3.00000000000000e-02	0.00000000000000e+00	0.00000000000000e+00
1	16	11	12	1.66149337544777e+02	2.66235097897315e+01	3.00000000000000e-02	0.00000000000000e+00	0.00000000000000e+00
1	16	12	13	1.06004314386281e+02	1.72938105990888e+01	3.00000000000000e-02	0.00000000000000e+00	0.00000000000000e+00
1	16	13	14	6.02415809807331e+01	9.07498734306485e+00	3.00000000000000e-02	0.00000000000000e+00	0.00000000000000e+00
1	17	4	5	1.08261466132681e+02	1.75272256219572e+01	3.00000000000000e-02	0.00000000000000e+00	0.00000000000000e+00
1	17	5	6	9.65552996621722e+01	2.73324122996669e+01	3.00000000000000e-02	0.00000000000000e+00	0.00000000000000e+00
1	17	6	7	1.94424211630379e+02	3.70786663317248e+01	3.00000000000000e-02	0.00000000000000e+00	0.00000000000000e+00
1	17	7	8	1.78614156557796e+02	4.50173922120025e+01	3.00000000000000e-02	0.00000000000000e+00	0.00000000000000e+00
1	17	8	9	1.18050162224376e+02	4.95050185247802e+01	3.00000000000000e-02	0.00000000000000e+00	0.00000000000000e+00
1	17	9	10	1.85010542827034e+02	4.95024730633686e+01	3.00000000000000e-02	0.00000000000000e+00	0.00000000000000e+00
1	17	10	11	1.51021620391996e+02	4.50157742475085e+01	3.00000000000000e-02	0.00000000000000e+00	0.00000000000000e+00
1	17	11	12	1.80753533506016e+02	3.70729329820650e+01	3.00000000000000e-02	0.00000000000000e+00	0.00000000000000e+00
1	17	12	13	1.38188091609101e+02	2.73246959043239e+01	3.00000000000000e-02	0.00000000000000e+00	0.00000000000000e+00
1	17	13	14	8.87863053080334e+01	1.75202125853272e+01	3.00000000000000e-02	0.00000000000000e+00	0.00000000000000e+00
1	17	14	15	1.34990812408022e+02	9.12488508000176e+00	3.00000000000000e-02	0.00000000000000e+00	0.00000000000000e+00
1	18	4	5	1.09725627760465e+02	1.77081639874675e+01	3.00000000000000e-02	0.00000000000000e+00	0.00000000000000e+00
1	18	5	6	9.78627622028400e+01	2.78981379538636e+01	3.00000000000000e-02	0.00000000000000e+00	0.00000000000000e+00
1	18	6	7	1.97393379065621e+02	3.84536551806294e+01	3.00000000000000e-02	0.00000000000000e+00	0.00000000000000e+00
1	18	7	8	1.82545388480337e+02	4.77827481677809e+01	3.00000000000000e-02	0.00000000000000e+00	0.00000000000000e+00
1	18	8	9	1.22178182517395e+02	5.42500577308569e+01	3.00000000000000e-02	0.00000000000000e+00	0.00000000000000e+00
1	18	9	10	1.94239386685987e+02	5.65655720892946e+01	3.00000000000000e-02	0.00000000000000e+00	0.00000000000000e+00
1	18	12	13	1.49765207180892e+02	3.84471760383257e+01	3.00000000000000e-02	0.00000000000000e+00	0.00000000000000e+00
1	18	13	14	1.00839135908335e+02	2.78915572020619e+01	3.00000000000000e-02	0.00000000000000e+00	0.00000000000000e+00
1	18	14	15	1.59450472416668e+02	1.77025964193752e+01	3.00000000000000e-02	0.00000000000000e+00	0.00000000000000e+00
1	19	2	3	8.28166224682580e+01	3.14170583406390e+00	3.00000000000000e-02	0.00000000000000e+00	0.00000000000000e+00
1	19	4	5	1.14385651109149e+02	1.78556277429386e+01	3.00000000000000e-02	0.00000000000000e+00	0.00000000000000e+00
1	19	5	6	1.01479690524562e+02	2.83593529209165e+01	3.00000000000000e-02	0.00000000000000e+00	0.00000000000000e+00
1	19	6	7	2.04471290979263e+02	3.95828774654232e+01	3.00000000000000e-02	0.00000000000000e+00	0.00000000000000e+00
1	19	7	8	1.89631840847359e+02	5.00909571015939e+01	3.00000000000000e-02	0.00000000000000e+00	0.00000000000000e+00
1	19	8	9	1.27736070992714e+02	5.83168541498344e+01	3.00000000000000e-02	0.00000000000000e+00	0.00000000000000e+00
1	19	9	10	2.06083137507820e+02	6.28465112934205e+01	3.00000000000000e-02	0.00000000000000e+00	0.00000000000000e+00
1	19	11	12	1.95299547124942e+02	5.83128199299953e+01	3.00000000000000e-02	0.00000000000000e+00	0.00000000000000e+00
1	19	12	13	1.53180843318948e+02	5.00874165194531e+01	3.00000000000000e-02	0.00000000000000e+00	0.00000000000000e+00
1	19	13	14	1.07462332287873e+02	3.95757219255911e+01	3.00000000000000e-02	0.00000000000000e+00	0.00000000000000e+00
1	19	14	15	1.75429880969806e+02	2.83516166832005e+01	3.00000000000000e-02	0.00000000000000e+00	0.00000000000000e+00
1	19	15	16	1.29678320151490e+02	1.78469338811928e+01	3.00000000000000e-02	0.00000000000000e+00	0.00000000000000e+00
1	19	16	17	5.17283266957197e+01	9.19196360335912e+00	3.00000000000000e-02	0.00000000000000e+00	0.00000000000000e+00
1	20	4	5	1.08956257161915e+02	1.79772664841678e+01	3.00000000000000e-02	0.00000000000000e+00	0.00000000000000e+00
1	20	5	6	9.76627552385497e+01	2.87394702618584e+01	3.00000000000000e-02	0.00000000000000e+00	0.00000000000000e+00
1	20	6	7	1.97939723145565e+02	4.05178288000747e+01	3.00000000000000e-02	0.00000000000000e+00	0.00000000000000e+00
1	20	7	8	1.85173537767208e+02	5.20243913982311e+01	3.00000000000000e-02	0.00000000000000e+00	0.00000000000000e+00
1	20	8	9	1.26814336738952e+02	6.17919273875652e+01	3.00000000000000e-02	0.00000000000000e+00	0.00000000000000e+00
1	20	9	10	2.06643958744371e+02	6.83703650532922e+01	3.00000000000000e-02	0.00000000000000e+00	0.00000000000000e+00
1	20	11	12	2.78801023826590e+02	6.83692770555682e+01	3.00000000000000e-02	0.00000000000000e+00	0.00000000000000e+00
1	20	12	13	1.80528306945677e+02	6.17870979148592e+01	3.00000000000000e-02	0.00000000000000e+00	0.00000000000000e+00
1	20	13	14	1.31427927630459e+02	5.20216147143412e+01	3.00000000000000e-02	0.00000000000000e+00	0.00000000000000e+00
1	20	14	15	2.23771531260332e+02	4.05114600211330e+01	3.00000000000000e-02	0.00000000000000e+00	0.00000000000000e+00
1	20	15	16	1.69526708051647e+02	2.87316359286563e+01	3.00000000000000e-02	0.00000000000000e+00	0.00000000000000e+00
1	20	16	17	7.02221122200514e+01	1.79689486408676e+01	3.00000000000000e-02	0.00000000000000e+00	0.00000000000000e+00
1	21	4	5	1.08782428366361e+02	1.80786996467371e+01	3.00000000000000e-02	0.00000000000000e+00	0.00000000000000e+00
1	21	5	6	9.73449319016124e+01	2.90559335399678e+01	3.00000000000000e-02	0.00000000000000e+00	0.00000000000000e+00
1	21	6	7	1.97491793357788e+02	4.12983039509560e+01	3.00000000000000e-02	0.00000000000000e+00	0.00000000000000e+00
1	21	7	8	1.85337375671251e+02	5.36517754407362e+01	3.00000000000000e-02	0.00000000000000e+00	0.00000000000000e+00
1	21	8	9	1.27966168477034e+02	6.47611899355932e+01	3.00000000000000e-02	0.00000000000000e+00	0.00000000000000e+00
1	21	9	10	2.10390583597602e+02	7.31974100030277e+01	3.00000000000000e-02	0.00000000000000e+00	0.00000000000000e+00
1	21	12	13	1.93673661865298e+02	7.31984798441717e+01	3.00000000000000e-02	0.00000000000000e+00	0.00000000000000e+00
1	21	13	14	1.45009106512233e+02	6.47616503413095e+01	3.00000000000000e-02	0.00000000000000e+00	0.00000000000000e+00
1	21	14	15	2.54241144300338e+02	5.36566161493231e+01	3.00000000000000e-02	0.00000000000000e+00	0.00000000000000e+00
1	21	15	16	1.95823453612808e+02	4.13010276803556e+01	3.00000000000000e-02	0.00000000000000e+00	0.00000000000000e+00
1	21	16	17	8.33976405942608e+01	2.90603352118296e+01	3.00000000000000e-02	0.00000000000000e+00	0.00000000000000e+00
2	21	3	4	9.46526654040075e+01	3.12465470992558e+00	3.00000000000000e-02	0.00000000000000e+00	0.00000000000000e+00
2	21	4	5	1.02934667363875e+02	9.21758967009412e+00	3.00000000000000e-02	0.00000000000000e+00	0.00000000000000e+00
2	21	5	6	9.53831639924569e+01	1.79692592292308e+01	3.00000000000000e-02	0.00000000000000e+00	0.00000000000000e+00
2	21	6	7	1.89711216599332e+02	2.87325871580853e+01	3.00000000000000e-02	0.00000000000000e+00	0.00000000000000e+00
2	21	7	8	1.77047086683992e+02	4.05092944526160e+01	3.00000000000000e-02	0.00000000000000e+00	0.00000000000000e+00
2	21	8	9	1.24952906882819e+02	5.20236096687217e+01	3.00000000000000e-02	0.00000000000000e+00	0.00000000000000e+00
2	21	9	10	2.07820947438543e+02	6.17876619796053e+01	3.00000000000000e-02	0.00000000000000e+00	0.00000000000000e+00
2	21	10	11	2.14614784461459e+02	6.83699958781591e+01	3.00000000000000e-02	0.00000000000000e+00	0.00000000000000e+00
2	21	13	14	1.38979723126040e+02	6.17923842562224e+01	3.00000000000000e-02	0.00000000000000e+00	0.00000000000000e+00
2	21	14	15	2.43760118539986e+02	5.20290194703156e+01	3.00000000000000e-02	0.00000000000000e+00	0.00000000000000e+00
2	21	15	16	1.87797748009228e+02	4.05204607065982e+01	3.00000000000000e-02	0.00000000000000e+00	0.00000000000000e+00
2	21	16	17	8.07326728081718e+01	2.87437863809491e+01	3.00000000000000e-02	0.00000000000000e+00	0.00000000000000e+00
3	21	4	5	7.99167594306228e+01	3.11201122389020e+00	3.00000000000000e-02	0.00000000000000e+00	0.00000000000000e+00
3	21	5	6	8.22234330459593e+01	9.19299485987018e+00	3.00000000000000e-02	0.00000000000000e+00	0.00000000000000e+00
3	21	6	7	1.62830632013375e+02	1.78482669735862e+01	3.00000000000000e-02	0.00000000000000e+00	0.00000000000000e+00
3	21	7	8	1.54244195444337e+02	2.83494912419910e+01	3.00000000000000e-02	0.00000000000000e+00	0.00000000000000e+00
3	21	8	9	1.12374678300091e+02	3.95783039129682e+01	3.00000000000000e-02	0.00000000000000e+00	0.00000000000000e+00
3	21	9	10	1.91898655881166e+02	5.00883942057753e+01	3.00000000000000e-02	0.00000000000000e+00	0.00000000000000e+00
3	21	10	11	2.01319206047472e+02	5.83138410606926e+01	3.00000000000000e-02	0.00000000000000e+00	0.00000000000000e+00
3	21	11	12	1.92650364006432e+02	6.28467293033314e+01	3.00000000000000e-02	0.00000000000000e+00	0.00000000000000e+00
3	21	14	15	2.46373607052468e+02	5.00952821318128e+01	3.00000000000000e-02	0.00000000000000e+00	0.00000000000000e+00
3	21	15	16	1.89948026794894e+02	3.95853708277887e+01	3.00000000000000e-02	0.00000000000000e+00	0.00000000000000e+00
3	21	16	17	8.20787448791356e+01	2.83635569989514e+01	3.00000000000000e-02	0.00000000000000e+00	0.00000000000000e+00
3	21	17	18	1.00131198011909e+02	1.78626127682185e+01	3.00000000000000e-02	0.00000000000000e+00	0.00000000000000e+00
4	21	7	8	1.24790498159869e+02	1.76998007429190e+01	3.00000000000000e-02	0.00000000000000e+00	0.00000000000000e+00
4	21	8	9	9.52432815546869e+01	2.78940162176522e+01	3.00000000000000e-02	0.00000000000000e+00	0.00000000000000e+00
4	21	9	10	1.67762941705185e+02	3.84479329568327e+01	3.00000000000000e-02	0.00000000000000e+00	0.00000000000000e+00
4	21	10	11	1.79455050306531e+02	4.77817969141817e+01	3.00000000000000e-02	0.00000000000000e+00	0.00000000000000e+00
4	21	11	12	1.76025134092310e+02	5.42477083900316e+01	3.00000000000000e-02	0.00000000000000e+00	0.00000000000000e+00
4	21	12	13	1.79525494925442e+02	5.65662676371708e+01	3.00000000000000e-02	0.00000000000000e+00	0.00000000000000e+00
4	21	15	16	1.99413433358168e+02	3.84559701780287e+01	3.00000000000000e-02	0.00000000000000e+00	0.00000000000000e+00
4	21	16	17	8.64156361349231e+01	2.79022037250849e+01	3.00000000000000e-02	0.00000000000000e+00	0.00000000000000e+00
4	21	17	18	1.08139126354757e+02	1.77150346972345e+01	3.00000000000000e-02	0.00000000000000e+00	0.00000000000000e+00
5	21	6	7	1.21101508413010e+02	3.11565625845500e+00	3.00000000000000e-02	0.00000000000000e+00	0.00000000000000e+00
5	21	7	8	1.00457184456814e+02	9.12086294323715e+00	3.00000000000000e-02	0.00000000000000e+00	0.00000000000000e+00
5	21	8	9	8.25500431047533e+01	1.75224189426172e+01	3.00000000000000e-02	0.00000000000000e+00	0.00000000000000e+00
5	21	9	10	1.50691771710044e+02	2.73248262793311e+01	3.00000000000000e-02	0.00000000000000e+00	0.00000000000000e+00
5	21	10	11	1.64314540455711e+02	3.70735766305315e+01	3.00000000000000e-02	0.00000000000000e+00	0.00000000000000e+00
5	21	11	12	1.66167880355244e+02	4.50160865698382e+01	3.00000000000000e-02	0.00000000000000e+00	0.00000000000000e+00
5	21	12	13	1.74108425452803e+02	4.95028419263386e+01	3.00000000000000e-02	0.00000000000000e+00	0.00000000000000e+00
5	21	13	14	1.40526983165115e+02	4.95048643422456e+01	3.00000000000000e-02	0.00000000000000e+00	0.00000000000000e+00
5	21	16	17	8.25121859704536e+01	2.73363081789596e+01	3.00000000000000e-02	0.00000000000000e+00	0.00000000000000e+00
5	21	17	18	1.03378279469023e+02	1.75339566153750e+01	3.00000000000000e-02	0.00000000000000e+00	0.00000000000000e+00
6	21	7	8	5.82154704388546e+01	3.10312044257579e+00	3.00000000000000e-02	0.00000000000000e+00	0.00000000000000e+00
6	21	8	9	5.99390735606273e+01	9.07785411003051e+00	3.00000000000000e-02	0.00000000000000e+00	0.00000000000000e+00
6	21	9	10	1.18750338686639e+02	1.72935035863551e+01	3.00000000000000e-02	0.00000000000000e+00	0.00000000000000e+00
6	21	10	11	1.35821273709174e+02	2.66239483343378e+01	3.00000000000000e-02	0.00000000000000e+00	0.00000000000000e+00
6	21	11	12	1.44513184120527e+02	3.53864197402769e+01	3.00000000000000e-02	0.00000000000000e+00	0.00000000000000e+00
6	21	12	13	1.57830359648432e+02	4.16991264546792e+01	3.00000000000000e-02	0.00000000000000e+00	0.00000000000000e+00
6	21	13	14	1.32041145035654e+02	4.40093140804766e+01	3.00000000000000e-02	0.00000000000000e+00	0.00000000000000e+00
6	21	14	15	2.48487929673545e+02	4.17035213367165e+01	3.00000000000000e-02	0.00000000000000e+00	0.00000000000000e+00
6	21	17	18	1.08700427827616e+02	1.73087923904695e+01	3.00000000000000e-02	0.00000000000000e+00	0.00000000000000e+00
7	21	10	11	1.23675563599121e+02	1.70122842230605e+01	3.00000000000000e-02	0.00000000000000e+00	0.00000000000000e+00
7	21	11	12	1.34009346345064e+02	2.57428595143130e+01	3.00000000000000e-02	0.00000000000000e+00	0.00000000000000e+00
7	21	12	13	1.49127190960735e+02	3.33040457731528e+01	3.00000000000000e-02	0.00000000000000e+00	0.00000000000000e+00
7	21	13	14	1.27594316885667e+02	3.77320482038530e+01	3.00000000000000e-02	0.00000000000000e+00	0.00000000000000e+00
7	21	14	15	2.43553723954826e+02	3.77342335837796e+01	3.00000000000000e-02	0.00000000000000e+00	0.00000000000000e+00
7	21	15	16	1.97129264392219e+02	3.33104533659043e+01	3.00000000000000e-02	0.00000000000000e+00	0.00000000000000e+00
7	21	18	19	1.08027870097298e+02	9.03673741643576e+00	3.00000000000000e-02	0.00000000000000e+00	0.00000000000000e+00
8	21	9	10	1.23325908089534e+02	3.08856813932287e+00	3.00000000000000e-02	0.00000000000000e+00	0.00000000000000e+00
8	21	10	11	1.10061063431968e+02	8.93468822509157e+00	3.00000000000000e-02	0.00000000000000e+00	0.00000000000000e+00
8	21	11	12	1.22896761640023e+02	1.66449867527366e+01	3.00000000000000e-02	0.00000000000000e+00	0.00000000000000e+00
8	21	12	13	1.40727428263444e+02	2.46207754406109e+01	3.00000000000000e-02	0.00000000000000e+00	0.00000000000000e+00
8	21	13	14	1.24437440821483e+02	3.07233216686046e+01	3.00000000000000e-02	0.00000000000000e+00	0.00000000000000e+00
8	21	14	15	2.42410845306085e+02	3.30231213226756e+01	3.00000000000000e-02	0.00000000000000e+00	0.00000000000000e+00
8	21	15	16	1.99109664197269e+02	3.07283649008775e+01	3.00000000000000e-02	0.00000000000000e+00	0.00000000000000e+00
8	21	16	17	8.94706081009725e+01	2.46316043610810e+01	3.00000000000000e-02	0.00000000000000e+00	0.00000000000000e+00
9	21	10	11	6.76611913580546e+01	3.09000362418502e+00	3.00000000000000e-02	0.00000000000000e+00	0.00000000000000e+00
9	21	11	12	8.91750097918331e+01	8.83480718394161e+00	3.00000000000000e-02	0.00000000000000e+00	0.00000000000000e+00
9	21	12	13	1.14255906964453e+02	1.61705464958013e+01	3.00000000000000e-02	0.00000000000000e+00	0.00000000000000e+00
9	21	13	14	1.08458606312038e+02	2.31831885121482e+01	3.00000000000000e-02	0.00000000000000e+00	0.00000000000000e+00
9	21	14	15	2.22522055276193e+02	2.75280362611840e+01	3.00000000000000e-02	0.00000000000000e+00	0.00000000000000e+00
9	21	15	16	1.89486744514640e+02	2.75303937215618e+01	3.00000000000000e-02	0.00000000000000e+00	0.00000000000000e+00
9	21	16	17	8.75113885883032e+01	2.31907939463483e+01	3.00000000000000e-02	0.00000000000000e+00	0.00000000000000e+00
9	21	17	18	1.18999647496507e+02	1.61836245029651e+01	3.00000000000000e-02	0.00000000000000e+00	0.00000000000000e+00
10	21	11	12	7.67511095136310e+01	3.07110083923393e+00	3.00000000000000e-02	0.00000000000000e+00	0.00000000000000e+00
10	21	12	13	1.08582425923667e+02	8.69751815669821e+00	3.00000000000000e-02	0.00000000000000e+00	0.00000000000000e+00
10	21	13	14	1.07973050216610e+02	1.55374344482705e+01	3.00000000000000e-02	0.00000000000000e+00	0.00000000000000e+00
10	21	14	15	2.25845080314549e+02	2.13155909048870e+01	3.00000000000000e-02	0.00000000000000e+00	0.00000000000000e+00
10	21	15	16	1.95014675063412e+02	2.36021527251067e+01	3.00000000000000e-02	0.00000000000000e+00	0.00000000000000e+00
10	21	16	17	9.18938264679146e+01	2.13215186553581e+01	3.00000000000000e-02	0.00000000000000e+00	0.00000000000000e+00
10	21	17	18	1.26256528391408e+02	1.55488909923816e+01	3.00000000000000e-02	0.00000000000000e+00	0.00000000000000e+00
10	21	18	19	1.22581826101999e+02	8.72021640881537e+00	3.00000000000000e-02	0.00000000000000e+00	0.00000000000000e+00
11	21	14	15	2.00153492656784e+02	1.46760540439492e+01	3.00000000000000e-02	0.00000000000000e+00	0.00000000000000e+00
11	21	15	16	1.77502514624518e+02	1.88834069464972e+01	3.00000000000000e-02	0.00000000000000e+00	0.00000000000000e+00
11	21	16	17	8.66352425347260e+01	1.88871250348215e+01	3.00000000000000e-02	0.00000000000000e+00	0.00000000000000e+00
11	21	17	18	1.20607164764924e+02	1.46856787540227e+01	3.00000000000000e-02	0.00000000000000e+00	0.00000000000000e+00
11	21	18	19	1.16366872375399e+02	8.53254673525437e+00	3.00000000000000e-02	0.00000000000000e+00	0.00000000000000e+00
11	21	12	13	8.34810211138270e+01	3.05831615575046e+00	3.00000000000000e-02	0.00000000000000e+00	0.00000000000000e+00
12	21	14	15	1.53595050531354e+02	8.24773263443830e+00	3.00000000000000e-02	0.00000000000000e+00	0.00000000000000e+00
12	21	15	16	1.61274396112086e+02	1.34803109499641e+01	3.00000000000000e-02	0.00000000000000e+00	0.00000000000000e+00
12	21	16	17	8.31844198323578e+01	1.57398390588307e+01	3.00000000000000e-02	0.00000000000000e+00	0.00000000000000e+00
12	21	17	18	1.20462768863543e+02	1.34882670520923e+01	3.00000000000000e-02	0.00000000000000e+00	0.00000000000000e+00
12	21	18	19	1.16937486488175e+02	8.26594423429694e+00	3.00000000000000e-02	0.00000000000000e+00	0.00000000000000e+00
12	21	13	14	8.65229364123507e+01	3.03686217045971e+00	3.00000000000000e-02	0.00000000000000e+00	0.00000000000000e+00
13	21	15	16	1.27418182283846e+02	7.85441098991190e+00	3.00000000000000e-02	0.00000000000000e+00	0.00000000000000e+00
13	21	16	17	7.69642369639463e+01	1.17979794564500e+01	3.00000000000000e-02	0.00000000000000e+00	0.00000000000000e+00
13	21	17	18	1.18661715042214e+02	1.18027905191336e+01	3.00000000000000e-02	0.00000000000000e+00	0.00000000000000e+00
13	21	18	19	1.17009580085685e+02	7.87259418321355e+00	3.00000000000000e-02	0.00000000000000e+00	0.00000000000000e+00
13	21	14	15	1.61064939830745e+02	2.99723732327607e+00	3.00000000000000e-02	0.00000000000000e+00	0.00000000000000e+00
14	21	16	17	6.04342291655730e+01	7.25287630475706e+00	3.00000000000000e-02	0.00000000000000e+00	0.00000000000000e+00
14	21	17	18	1.08461090107942e+02	9.43845746453367e+00	3.00000000000000e-02	0.00000000000000e+00	0.00000000000000e+00
14	21	18	19	1.13988236424662e+02	7.26701622654148e+00	3.00000000000000e-02	0.00000000000000e+00	0.00000000000000e+00
14	21	19	20	4.85109794661588e+01	2.97263220416190e+00	3.00000000000000e-02	0.00000000000000e+00	0.00000000000000e+00
14	21	15	16	7.87933659979299e+01	2.94684630969661e+00	3.00000000000000e-02	0.00000000000000e+00	0.00000000000000e+00
15	21	16	17	5.19540910380858e+01	2.85975852427636e+00	3.00000000000000e-02	0.00000000000000e+00	0.00000000000000e+00
15	21	17	18	1.08434368483972e+02	6.28728958078532e+00	3.00000000000000e-02	0.00000000000000e+00	0.00000000000000e+00
15	21	18	19	1.16054345524859e+02	6.29621457460011e+00	3.00000000000000e-02	0.00000000000000e+00	0.00000000000000e+00
16	21	17	18	1.17945623507055e+02	2.69650398276767e+00	3.00000000000000e-02	0.00000000000000e+00	0.00000000000000e+00
16	21	18	19	1.15133654916606e+02	4.71899855793349e+00	3.00000000000000e-02	0.00000000000000e+00	0.00000000000000e+00
17	21	18	19	8.15452183818128e+01	2.36178800824322e+00	3.00000000000000e-02	0.00000000000000e+00	0.00000000000000e+00
17	21	19	20	6.02441410164634e+01	2.37329287574410e+00	3.00000000000000e-02	0.00000000000000e+00	0.00000000000000e+00
18	21	19	20	5.65019329405455e+01	1.57714289934671e+00	3.00000000000000e-02	0.00000000000000e+00	0.00000000000000e+00
0
