8.757226504640722453e+01
9.316074971928524917e+01
8.451157377990695352e+01
1.571489417964212976e+02
1.297418545646286816e+02
9.390486258648365947e+01
1.583356229223652178e+02
1.617669512738140440e+02
7.001687409998987732e+01
6.668254897052153751e+01
1.204758623356885607e+02
9.709266154629585799e+01
7.169568032393969759e+01
1.219967747091136943e+02
1.222541345558521755e+02
1.505900612883441738e+02
6.725963545428156465e+01
1.135981144242920777e+02
1.176526885967639231e+02
1.737631994298996005e+02
6.812487049426924557e+01
1.130481945324262512e+02
8.611152367629848925e+01
6.472609555242910062e+01
1.098124403113330061e+02
1.070478404196381064e+02
1.147940968976055416e+02
1.572374551164078014e+02
1.038724905295156873e+02
1.124728272466106347e+02
1.557937086143068086e+02
1.249297253372825480e+02
1.022086121755291543e+02
1.018997885246993320e+02
1.286200184160660172e+02
1.422657765177378622e+02
1.009454071006274489e+02
7.310289999967562835e+01
5.728014523902355393e+01
9.786683727766927632e+01
9.520070444314067970e+01
1.005543320188367602e+02
1.026376529899997934e+02
1.589382961903425269e+02
8.646087723330252572e+01
8.978980329474318012e+01
1.413720726783245425e+02
7.441985058793582652e+01
8.248633785309115751e+01
1.185352127970480183e+02
9.872377673023946443e+01
4.350442457930082440e+01
3.703714752621613115e+01
6.427569234280841215e+01
6.255424661529283270e+01
6.688524039950905831e+01
7.273572526889343237e+01
9.427625609438307208e+01
9.557135886020907378e+01
9.928569715166740650e+01
1.906871662591879613e+02
1.278168585378238191e+02
1.063093992486549269e+02
1.373206046356325487e+02
1.389380448985284033e+02
9.713996459727039223e+01
1.024418663991431941e+02
1.641394844648369826e+02
6.299913262323020291e+01
1.103956414175825245e+02
1.060182350051862556e+02
1.144159943910135553e+02
1.268453496430537371e+02
1.173889947358645287e+02
2.291867591859384277e+02
1.570264576470994484e+02
2.031427436815760643e+02
1.413450049066630072e+02
1.445520158675350615e+02
1.003157260817359315e+02
1.935872262478697792e+02
1.310896968573406696e+02
1.170634387636210505e+02
1.538118353282635269e+02
1.610851949685291800e+02
1.164166255219133745e+02
9.777999267692185015e+01
1.011414540828784112e+02
1.114794861512389730e+02
1.039328167867237767e+02
2.118627829643297105e+02
1.490863518656200029e+02
1.556466235965289400e+02
8.169401294505924227e+01
1.419782510944651506e+02
1.509773047481726564e+02
1.024858978604649593e+02
1.729676591522795377e+02
1.245731036342295113e+02
1.332932098677211741e+02
7.496974590071805267e+01
1.485620759713534653e+02
1.038840441983662402e+02
5.138994496659040578e+01
5.329115435885881880e+01
6.054549388937940790e+01
5.842396115144190816e+01
1.202938481142799247e+02
1.058222943596385903e+02
7.250313289675629846e+01
9.106613602105109351e+01
1.385636808716664348e+02
1.286526523768744426e+02
8.120963831272769085e+01
1.428156285506333916e+02
1.476895119017231650e+02
1.014952773083153375e+02
1.583193384334337850e+02
1.128849710475432033e+02
1.212516115702168378e+02
7.275112832679548092e+01
8.655977306527898918e+01
8.714078478109884429e+01
1.800201948360628137e+02
1.581071459695486965e+02
8.534704389523712109e+01
1.525051546101078657e+02
1.503151681773778705e+02
1.401869002030948650e+02
1.320286624272669087e+02
7.641900986833867648e+01
1.361077803920294400e+02
1.497139417279836948e+02
1.048962406227583557e+02
7.879199189162621053e+01
8.291928784427382482e+01
1.682423602848297719e+02
1.449210341797792694e+02
7.922110829332865478e+01
1.375628799863976610e+02
1.307519112405707347e+02
9.856418816832231755e+01
1.439331775623264207e+02
1.331661085050043027e+02
1.274748843914593834e+02
7.378898093744891185e+01
1.346132498972572762e+02
7.864472980626972287e+01
1.530912060669450909e+02
1.274553783948742733e+02
7.068722910362251355e+01
1.247463502850734471e+02
1.367818834439683826e+02
1.103454173013984416e+02
9.010062069167837251e+01
1.284334095699387035e+02
1.113318404236203776e+02
1.084506727977909577e+02
1.303174151652227977e+02
1.019120603084137571e+02
5.745175506491376893e+01
1.036724444509035834e+02
1.139672121901617317e+02
8.055124831493287729e+01
7.094468733616855616e+01
8.960174190595444088e+01
3.695836691851555855e+01
6.870805121623605771e+01
7.567599537780726848e+01
5.506724783361594433e+01
7.899218485002973011e+01
7.978749891619013113e+01
6.157420645031492512e+01
1.253604284650652971e+02
9.389291262291877160e+01
1.352848337291356131e+02
1.144301682266389832e+02
1.088026498365289854e+02
8.138838515279130092e+01
1.139116996437398797e+02
5.124103270418273581e+01
3.876989578665595815e+01
5.257411253522940342e+01
5.266514047413713939e+01
7.118808373837225645e+01
9.491515478141778317e+01
8.115368721825652187e+01
8.480770838261999245e+01
8.719685657472570028e+01
5.952408546935156863e+01
8.184997771696845348e+01
9.742478842893135038e+01
1.050637405802387860e+02
8.792247672923552670e+01
1.240526362807355696e+02
5.862312083852351208e+01
1.288242443199679883e+02
1.653960647780540114e+02
8.775640084033304333e+01
9.962952299745262508e+01
1.283182228922475190e+02
1.414127961366347961e+02
8.685026630202315800e+01
8.058389352607649414e+01
1.217651121151709361e+02
9.048184152618907206e+01
1.167394939973873136e+02
8.776880875627860235e+01
1.616857132317245487e+02
1.398747282819624047e+02
1.278915655644059370e+02
1.511604341513638303e+02
1.262348246220178254e+02
1.021168231075551205e+02
1.427913480461905351e+02
1.337668959720570001e+02
1.261412005720893461e+02
1.296641008215255226e+02
9.944299388030030684e+01
7.225439036264371850e+01
1.328808140394520763e+02
1.538161359748120560e+02
1.181551280869553011e+02
1.248485483492964647e+02
8.344809272951653156e+01
1.144747206092414729e+02
1.625732608020905161e+02
1.596611315617427067e+02
1.874905247729693940e+02
1.475149556416738790e+02
1.532421904452214392e+02
1.149180064575193398e+02
1.276279663325380938e+02
1.187437466744888610e+02
1.003345761664839699e+02
1.563385167454609928e+02
1.778022920517888963e+02
1.788556360066402533e+02
1.281863388655112601e+02
1.415671575340329298e+02
1.260462678821024838e+02
9.551674902563807734e+01
1.463074602545680989e+02
5.576831519911308988e+01
1.557529665101203022e+02
1.674824828186671368e+02
1.724441082947582800e+02
1.461904395303516822e+02
1.261507802934243614e+02
1.382357394108484243e+02
1.823415836237153087e+02
9.376633121750124644e+01
8.891443933349938789e+01
1.700097512240529340e+02
1.964788249189149099e+02
2.003476555954936487e+02
1.708595955229142760e+02
1.547178132784060267e+02
1.671190007791735752e+02
1.623496602127994493e+02
1.689839467558704200e+02
1.421844078070467674e+02
1.635747452848614216e+02
7.697903387555798815e+01
8.687157969864452411e+01
1.963010805078905605e+02
1.813028006655881086e+02
1.945601675753689506e+02
1.741381916298162480e+02
1.763532709467709481e+02
1.296669365029732717e+02
1.438541073100600727e+02
2.005176446033271418e+02
1.215450719694079567e+02
8.190230088613851933e+01
1.127950403282845286e+02
5.688326991358335505e+01
8.115368721825652187e+01
8.676966478543121752e+01
8.342225121832854029e+01
8.966188348719414591e+01
9.867013731003169141e+01
9.619878562137597555e+01
8.778087262117037426e+01
9.386884780547126184e+01
8.987849851099306875e+01
5.173884225542379056e+01
8.748833349265504467e+01
9.829114614001431960e+01
6.443823438367661538e+01
8.944681906559900142e+01
9.758991900905594719e+01
1.085592569989521223e+02
8.159877311909978914e+01
1.332351226356269365e+02
8.777663159621795330e+01
1.176088591459590589e+02
9.697957630402471807e+01
1.100854111040798387e+02
8.738568482477170107e+01
1.495862085591797950e+02
1.196973313851530349e+02
8.738126545900850317e+01
9.665513447274905445e+01
1.114063458049951976e+02
9.235029382766150263e+01
1.670450412076994837e+02
1.367876102668407441e+02
7.143519212151171871e+01
8.691816770766448030e+01
1.120440057815163613e+02
9.563214159467136710e+01
1.801946904956656397e+02
1.529185097547280066e+02
8.640796030852678200e+01
1.173479108595641520e+02
1.122331043330537312e+02
9.763922967514434959e+01
1.890729649045425731e+02
1.649975159494420609e+02
9.913389485315005345e+01
1.438016731801413073e+02
1.236343996256596256e+02
1.010709290594024452e+02
1.127158641792616294e+02
9.960077968775804891e+01
1.973978518256049597e+02
1.771860421380305297e+02
1.123736494963886940e+02
1.734100390902003141e+02
1.435139602319590892e+02
1.218158647287096557e+02
1.109520416095447359e+02
9.801064546324961668e+01
1.937443525377416336e+02
1.722383701532097859e+02
1.105655515171114160e+02
1.710768833996402236e+02
1.348583652597592675e+02
1.099870481327217959e+02
9.731975989162093299e+01
1.925715774865511491e+02
1.708495053202258873e+02
1.113544191525757299e+02
1.743462793051028541e+02
1.390417665196202677e+02
1.088585222330999329e+02
6.452550669412509876e+01
1.102918973753826180e+02
9.827207998296276514e+01
1.964621759288407929e+02
1.767091149581496268e+02
1.182268296098922349e+02
1.910009472286711230e+02
1.802745780791986192e+02
1.658692601791476307e+02
1.386743796177913737e+02
9.017951253692750413e+01
1.401420023632922209e+02
1.099679876422129752e+02
9.821421263623376774e+01
1.968938615726432033e+02
1.775642661110942981e+02
1.203945261204363391e+02
1.973139136451791273e+02
1.529215895306410573e+02
1.028881501919367452e+02
1.624442730060603708e+02
8.591573722022559423e+01
1.096119775409800070e+02
9.802861751233750454e+01
1.967809114341045529e+02
1.776121203649412337e+02
1.215982876802763002e+02
2.013773389745309714e+02
1.867758120540660514e+02
1.647151013916335387e+02
1.142864522789528365e+02
1.847509052251710386e+02
1.375139231246588167e+02
5.608536638722469547e+01
1.096876655641276415e+02
9.838966761287146312e+01
1.983279264217247260e+02
1.799874725568725466e+02
1.247117960163086536e+02
2.095825173040703362e+02
2.026757395480531443e+02
1.843737540112437898e+02
1.329096754814176791e+02
2.237178301035400239e+02
1.717421821431809974e+02
7.261872302286214165e+01
1.095443490994527025e+02
9.839547910712630596e+01
1.986578796802199633e+02
1.806044488463807340e+02
1.260769105890131812e+02
2.137462944801451386e+02
1.973460369979106304e+02
1.461138634889713614e+02
2.524125533165918682e+02
1.970416110746536162e+02
8.499097826402673661e+01
8.963871968947159985e+01
1.015146698061087562e+02
9.309802246558399474e+01
1.860283380283146357e+02
1.681454094338400580e+02
1.197492218934311552e+02
2.052720620956807807e+02
2.062703710942586497e+02
1.461718300366432288e+02
2.536547997104754870e+02
1.981120689089543419e+02
8.545633541795000099e+01
8.065109173188582758e+01
8.019666292132910712e+01
1.611961110485880226e+02
1.468172887145335039e+02
1.082537022697208187e+02
1.895042235770281138e+02
1.935659428595556619e+02
1.987261599337628297e+02
2.527659660294371236e+02
1.981390527010937603e+02
8.566054330108015336e+01
1.111734063754495452e+02
1.240128420092845971e+02
9.540350681192302318e+01
1.709840085749815444e+02
1.779399913145662140e+02
1.868946444528042150e+02
1.832007068925664441e+02
1.976690134354003021e+02
8.577079467342424834e+01
1.114967228445830756e+02
1.134645307211130500e+02
9.933739887115956435e+01
8.122871447947301249e+01
1.498312446414479382e+02
1.593976736977478765e+02
1.722017326489271341e+02
1.737367771490531538e+02
1.376097354953443244e+02
8.578641932537254888e+01
1.118051258408100637e+02
6.250058253800627739e+01
5.993173502058657931e+01
1.184228456990006322e+02
1.321012615592992177e+02
1.496728914093662866e+02
1.578148320629958619e+02
1.296669365029732717e+02
2.391094600978517519e+02
1.116672227931907315e+02
1.226849813835865177e+02
1.400647517434783538e+02
1.515800601185542291e+02
1.279156742387245487e+02
2.392774487495545941e+02
1.942104323121915854e+02
1.159346605839943720e+02
1.157873540607178455e+02
1.108598624866904885e+02
1.263087640268924190e+02
1.411248085597376871e+02
1.234608737786527399e+02
2.358547436247141604e+02
1.935306576753536945e+02
8.649453484228678235e+01
7.196360279214371758e+01
9.205062392358564693e+01
1.134710092951996501e+02
1.075016623774991018e+02
2.166278836709499274e+02
1.844039192954779764e+02
8.472957077605261134e+01
1.134135993331094170e+02
7.946078399557623584e+01
1.010351385337013710e+02
1.007867923626137241e+02
2.083666478330590053e+02
1.806519707373815038e+02
8.477939995192427602e+01
1.147212590772446106e+02
1.170046517330243603e+02
1.958684411382297696e+02
1.735083467254459038e+02
8.414479735360492896e+01
1.159893355873054759e+02
1.177274583547934554e+02
8.661340957669695229e+01
1.771314744785591415e+02
1.603312562432602135e+02
8.190230088613851933e+01
1.167033507454085139e+02
1.183228328115939263e+02
8.366197927694578595e+01
1.359507022778036855e+02
7.577896474909393021e+01
1.150750457581231530e+02
1.181156245001983365e+02
1.473301287712797034e+02
6.082855480608858301e+01
1.057911680312218010e+02
1.148523367083547697e+02
5.969887323175186822e+01
9.096121876671359985e+01
6.128093313417257804e+01
1.093383068056803182e+02
1.162566662651722424e+02
1.122463726194479250e+02
1.143895573570346471e+02
8.284959638618737188e+01
5.901187906437926500e+01
5.688326991358335505e+01
