7.898642225376160297e+01
1.046850881232399786e+02
7.863539823532912010e+01
9.252756087201858293e+01
9.934608395338470643e+01
5.532225276510345680e+01
8.093473984254328002e+01
6.970235535001656046e+01
8.109571393920423077e+01
6.037587103794191279e+01
7.080576893065902766e+01
7.382601786793983933e+01
4.137882527075306882e+01
5.609388185304813135e+01
6.420255650073890763e+01
5.440169508409408650e+01
3.779984973670528348e+01
5.707341595165156178e+01
5.014081137557637646e+01
5.415145861833181584e+01
4.965648504402967234e+01
6.012968484051163642e+01
6.205683857317695384e+01
3.575619586809520456e+01
4.992085814854000603e+01
6.177576292538557112e+01
4.426984691721314391e+01
6.006535468834833580e+01
6.631624637821180102e+01
4.755534058430195188e+01
6.481772001178318021e+01
4.602682971301737069e+01
5.293755615206249132e+01
6.171123863246461383e+01
5.372062762619045628e+01
4.779458092206281350e+01
6.500998078160307614e+01
6.418582250277950152e+01
3.787807118878789936e+01
5.465903854554053254e+01
6.818658587523781023e+01
5.757759696765586455e+01
5.046962492788552623e+01
6.166258551379821995e+01
4.889997173242240791e+01
4.303729109570490152e+01
5.274294719742896120e+01
5.792401646919650915e+01
4.146745915866824816e+01
5.815682346726636354e+01
4.251368460049300069e+01
5.219405546477781854e+01
2.975035809215980720e+01
4.300828235527826138e+01
5.206362872142225484e+01
4.205948180607433073e+01
2.742007977297575749e+01
5.328982879525616312e+01
3.888803431596184623e+01
5.832324754840018954e+01
5.666641989824115910e+01
4.041569133996627272e+01
3.009552876442822011e+01
5.885563495667301481e+01
4.342543091151171097e+01
4.277044098266171090e+01
3.807290036015605494e+01
4.739633294929240748e+01
3.106810105601897121e+01
4.724070839243802311e+01
5.638406545746636311e+01
4.317636706964927384e+01
2.890608652804947454e+01
5.438488738359816921e+01
5.282139578820012105e+01
3.833964354494705162e+01
6.368852167881768622e+01
4.344069051303723228e+01
4.556931359826724304e+01
5.783488015483126077e+01
5.522811462222301060e+01
3.979014628704747025e+01
3.226220954090681658e+01
6.082786986151949549e+01
4.469162152261635867e+01
6.988801622414885628e+01
7.838931728704874047e+01
5.102187684156231029e+01
3.417873182388816389e+01
6.261078098733097619e+01
6.584614993854630427e+01
4.548231844693426495e+01
4.821489173990904220e+01
3.204516050974251584e+01
3.825798680616908598e+01
3.935152619833903032e+01
3.544204022869408988e+01
4.814013479713963051e+01
3.378798215430815333e+01
3.644597601651798158e+01
4.328441268411975784e+01
4.126766204848689767e+01
3.068982479606734870e+01
5.080699946372347853e+01
2.726889559319313960e+01
1.829794148837036616e+01
3.225024225105679676e+01
3.266689290291532899e+01
2.470135443657060748e+01
2.212758738323164209e+01
2.564794525634458111e+01
3.764264118280572546e+01
3.389531508699794671e+01
2.653176691180708602e+01
3.205053675909927335e+01
3.046573722750057200e+01
2.784997489355161804e+01
3.351287358461704002e+01
2.350740965285652351e+01
2.539566333121876340e+01
2.726840733650634974e+01
1.968942638532416112e+01
3.437244223698817081e+01
3.399587513197860744e+01
2.597398407529884068e+01
2.098519319150587847e+01
2.531282705337127936e+01
2.770860199000478374e+01
3.362535288865893790e+01
3.039075289724875262e+01
2.232026902018414205e+01
2.669317930846783682e+01
2.845638685993387895e+01
2.587243675793438413e+01
2.635006002490744592e+01
4.350914050619729778e+01
3.978554893394361613e+01
2.987376998731529198e+01
2.429561672871738409e+01
3.199066937949270439e+01
2.896134593439535010e+01
3.387369240499560163e+01
2.355383573875443304e+01
2.803471488240286291e+01
2.550934625087385044e+01
2.134191554749998687e+01
2.584553852958049447e+01
3.883922146449603474e+01
3.272835896732343031e+01
2.399273167827095321e+01
1.965536567420715741e+01
2.565720524813979964e+01
2.041750640956406926e+01
3.080730429824536998e+01
2.406808829259307103e+01
1.651162071968427014e+01
1.765496648980461103e+01
1.637651471582334040e+01
1.946695560832034388e+01
1.302656560398052399e+01
1.038800981975052906e+01
1.308556790358852950e+01
1.043602412252440104e+01
1.419115427312904032e+01
2.403354791043551231e+01
1.752572079551621798e+01
2.984738283014693039e+01
2.357463905395993820e+01
2.754337952853176930e+01
2.157405752969076218e+01
2.860543712006661110e+01
3.467478600619720908e+01
3.406317998432147220e+01
3.636309242193792102e+01
3.850677270929905660e+01
2.925389275436668868e+01
3.717878016986306022e+01
4.275400713695681532e+01
2.980824495285785858e+01
3.224584797656234514e+01
2.368912639070629922e+01
2.435794379384927666e+01
4.068884232859807071e+01
3.895805708518866339e+01
8.326799603000249306e+01
7.208474612847217600e+01
8.186761663108923415e+01
5.519094553373756895e+01
8.805921460961657488e+01
5.509892762188633242e+01
7.365732764096502194e+01
6.622020599456143941e+01
7.863265615870150782e+01
3.890674423208078281e+01
9.501337951159881356e+01
9.901007706849887313e+01
5.626453260169183324e+01
4.631821435632222972e+01
7.928546794419287380e+01
9.872781494995766138e+01
3.874168318024406688e+01
4.539373400469859376e+01
6.723365689081202845e+01
5.005672302571038301e+01
5.091936753172400643e+01
3.450420085140731885e+01
9.445546792840617911e+01
9.582951111835514268e+01
5.491114320553513295e+01
5.802000422220213238e+01
5.249384283328347323e+01
2.192997115779304451e+01
8.060771932282403895e+01
6.482766152237323354e+01
5.409013050114364773e+01
6.314965835155769724e+01
2.951277581020304552e+01
3.567590744557133320e+01
6.356280453750667903e+01
7.328577744177276543e+01
4.625589357833888471e+01
4.968680797974962360e+01
2.944445033344004514e+01
3.252903349124912324e+01
9.545934074348141962e+01
8.557210745069248503e+01
8.793943359698727136e+01
6.028050067501849441e+01
7.207376645319367015e+01
4.447258357937102602e+01
2.978878456208326142e+01
4.400833101773264389e+01
3.017343499603927626e+01
7.188331043873134263e+01
8.637653006991804716e+01
9.822523006319875094e+01
5.860843960050955559e+01
4.892933311367540483e+01
4.375509598735008154e+01
5.123724218576593614e+01
3.764183007118882784e+01
2.702184719484278119e+01
7.389858905295398017e+01
7.282857903774069541e+01
7.868925337912125428e+01
5.763949531239189383e+01
5.005913216811565292e+01
4.908182435424424739e+01
5.684692107831158836e+01
2.699908693590785802e+01
3.762469604805245638e+01
8.842122628695368292e+01
9.180986793205379115e+01
1.074173243240948636e+02
7.587579894524844804e+01
6.694601635205852119e+01
4.389716899442225184e+01
5.638478049528046654e+01
7.122123961258834868e+01
4.310462327020352546e+01
4.272753103720098267e+01
3.231705311982467776e+01
2.670631417675025077e+01
9.068125764402115863e+01
8.837314986694789809e+01
7.307757207061364113e+01
6.753990826398616321e+01
6.876400389027803328e+01
7.912809488720176887e+01
5.560701615381035623e+01
6.195016904805854807e+01
3.956695972353375623e+01
3.221366189460231766e+01
3.548222442361213069e+01
4.143542162214568236e+01
8.326799603000249306e+01
8.435974366953776382e+01
6.863107969731211710e+01
8.781837033583130392e+01
8.759508790791110755e+01
7.904099226305197590e+01
9.678058245393161485e+01
9.778932769854763762e+01
5.633041365949189583e+01
8.885861808875316115e+01
1.021343009999148705e+02
1.146350410017257104e+02
6.267824348626103159e+01
4.596541983440813794e+01
8.933138684575334310e+01
1.076653784627897465e+02
1.338681565655764132e+02
8.331700401797880318e+01
7.084190985416084629e+01
7.489194461037331507e+01
9.020865978156493270e+01
1.105496879033383095e+02
1.451791370643928190e+02
9.678113059808312357e+01
8.773939420800057576e+01
8.361352255008765155e+01
9.060343570981964945e+01
1.121223374585347159e+02
1.520143292790227747e+02
1.057221351032484336e+02
1.003067534495210538e+02
8.768413789732427688e+01
3.558096821876792148e+01
9.077436083422215063e+01
1.134379946454005079e+02
1.575653175550496314e+02
1.139271945906290284e+02
1.145819225367485359e+02
1.042676447024001192e+02
4.244044361147321354e+01
3.638772140431343871e+01
9.095466879772008895e+01
3.451162806610641098e+01
1.146989820521134931e+02
1.624888701212685760e+02
1.215109506919825435e+02
1.288403682844615048e+02
1.246927641372734854e+02
5.432113873252964709e+01
5.073259602765436682e+01
9.117608448194715720e+01
1.153117838245103997e+02
1.652184094200705147e+02
1.258568806644494202e+02
1.374890341863503807e+02
1.370851281865206204e+02
6.150023947966727889e+01
9.125102616421176549e+01
3.702488323078198817e+01
9.129707634226724622e+01
1.157366029873899862e+02
1.671731032940917601e+02
1.290464272514165316e+02
1.441098926025407820e+02
1.472469759111004919e+02
6.807729755155300211e+01
6.819865204936374425e+01
4.090788527492648541e+01
1.733394221302415161e+01
9.136822376881622176e+01
1.161854697469826192e+02
1.690177775808523108e+02
1.320331749624805013e+02
1.503424112642621253e+02
1.574896584307003593e+02
7.529354302984810943e+01
7.884214201246278719e+01
5.046504055534769151e+01
2.129011691732556955e+01
3.363585133641158365e+01
9.144420170055154529e+01
1.166053354444517964e+02
1.706509276372850366e+02
1.346625905197182647e+02
1.558541740565320879e+02
1.668974188752837620e+02
8.224976067609101449e+01
8.966956357038263548e+01
6.255792135534844078e+01
9.149188222396125525e+01
1.168953359884478544e+02
1.718239718597666013e+02
1.365725993018037343e+02
1.599380056450840470e+02
1.739805842975517010e+02
8.766502059998222762e+01
9.849664838574706494e+01
7.321590747221880235e+01
5.214586164147554825e+01
9.154383256385695233e+01
1.171747734884375092e+02
1.728949634928747230e+02
1.382976959468339260e+02
1.636066569712983210e+02
1.804692776676964172e+02
9.274500965603442637e+01
1.070180652356952464e+02
8.485418709892448419e+01
4.051882451148228625e+01
6.495305047728959380e+01
6.493006780159102220e+01
4.229014722490992284e+01
2.851537466178513114e+01
9.157644328430869507e+01
1.173699019379072155e+02
1.736761314699157595e+02
1.395697381801446113e+02
1.663552888751570151e+02
1.853711834594084849e+02
9.667090102468625901e+01
1.138254174104160512e+02
9.468883837587665653e+01
4.666838490870306799e+01
7.638321520697427047e+01
7.683266993683088231e+01
4.990147021051014775e+01
3.312294749677659667e+01
9.159408620288702707e+01
1.175003934521767093e+02
1.742361200161987540e+02
1.404974569986442532e+02
1.683999485588216771e+02
1.890452088885748765e+02
9.968101013445794933e+01
1.192100102591867454e+02
5.200909555629962711e+01
8.659322580924185786e+01
8.788487807139246399e+01
5.761911682342216778e+01
3.852730716863214866e+01
5.104148663666960317e+01
9.197625083084248843e+01
1.401465535741206736e+02
1.168892727716375788e+02
1.453092786075505103e+02
1.670707652843317419e+02
9.095471372241968311e+01
1.121757955558218356e+02
1.284586562475945186e+02
8.661401331767837064e+01
8.806658008823625039e+01
5.782647839121388955e+01
3.866870962252055932e+01
5.113148841049090976e+01
3.523440068801807712e+01
1.010903025849529797e+02
8.929090571213590977e+01
1.170836322133926757e+02
1.390830594220885814e+02
7.909368302065460909e+01
1.015569452518073632e+02
1.196595038923359482e+02
9.578163179492864288e+01
8.744829622410708225e+01
5.770090448730420718e+01
3.867974940303212605e+01
5.113357172849489274e+01
3.524407297481411661e+01
6.310140082207150414e+01
8.936443053468786957e+01
1.101473354199484476e+02
6.629708397106267626e+01
8.955661899955836702e+01
1.092048640881270813e+02
8.983034686610778863e+01
4.861936748309570788e+01
8.648522843020360540e+01
5.745866628905126561e+01
3.865907097793090941e+01
5.111499955435904496e+01
3.524967752240250007e+01
7.327388106979606164e+01
8.787504073925812520e+01
5.572855137875124854e+01
7.946132157077359182e+01
1.000124750234893014e+02
8.434194237261532123e+01
4.716302145731344808e+01
8.257017601143338936e+01
8.587309639592534438e+01
5.743022147726245663e+01
3.875671960793172843e+01
5.117576025761817249e+01
3.528376911394818194e+01
4.653285183683490800e+01
6.437024883658720853e+01
4.320668570088044902e+01
6.608178522930371912e+01
8.649847245477218394e+01
7.529771313901947849e+01
4.405095418217472769e+01
7.912809488720176887e+01
8.365437365049707807e+01
5.671978290603342288e+01
3.859072297297641541e+01
5.106309775952463781e+01
3.526765268325315361e+01
4.652831882341450154e+01
3.521271439378969603e+01
5.706094393930796826e+01
7.562532510539915620e+01
6.654359573729240651e+01
4.100186952595250034e+01
7.559891810702008286e+01
8.127839824975920635e+01
5.599732637525972478e+01
3.846238934182314040e+01
5.097564602421806512e+01
3.526594596154711780e+01
4.652961178638615536e+01
6.547196291262599743e+01
7.693694969836180064e+01
6.106024319915314180e+01
3.922336511875590048e+01
7.318688869378244988e+01
7.935208650662431751e+01
5.552253999936180406e+01
3.849529904776836275e+01
5.098884614287340611e+01
3.530381569073754378e+01
4.654557783546312777e+01
5.983639892171413521e+01
4.520211105494093573e+01
3.204040627245199602e+01
6.313935995019541991e+01
7.158332689809998328e+01
5.231529084809121599e+01
3.738960436656952169e+01
5.026785183708265947e+01
3.512888365785062916e+01
4.648696657809273347e+01
3.351493465590785803e+01
2.633320131099305783e+01
5.365269026596355673e+01
6.310107748357295065e+01
4.855751287685484385e+01
3.606781721714168043e+01
4.938750351241366587e+01
3.492333498151069193e+01
4.642007397603094887e+01
2.634416161772471199e+01
4.906616587983086930e+01
5.583777525281274023e+01
4.482266084612878387e+01
3.472409887724261068e+01
4.842242593442315979e+01
3.471494471922294167e+01
4.635457959482351953e+01
4.248677425290340892e+01
4.571344438275225741e+01
3.886352495461937195e+01
3.221366189460231766e+01
4.656754236937322133e+01
3.426922886244438615e+01
4.621270581634723129e+01
2.900215270043088012e+01
2.808309025210668608e+01
2.674854751081592852e+01
4.238635116879581233e+01
3.313754501436388011e+01
4.584938999809285320e+01
2.918566440393388106e+01
2.552613602233625656e+01
3.941470199831103116e+01
3.224981951707635375e+01
4.554210889659826478e+01
3.210327498844724659e+01
3.911243516503021311e+01
3.185038270152408657e+01
4.528899905460441744e+01
3.567773170754560397e+01
3.002629398474939748e+01
4.440350352856018645e+01
2.486709853685947280e+01
4.180878195914585405e+01
4.143542162214568236e+01
