1.002637735002345494e+02
1.185690719849333306e+02
1.512089714335219242e+02
1.600075282365050668e+02
2.022973721204460276e+02
2.233727069407199792e+02
2.362731542466069925e+02
2.875879974165269459e+02
1.010800936385147963e+02
1.276609130937947327e+02
1.384590045434620436e+02
1.766586140588960916e+02
1.967120352840640862e+02
2.020351777474322148e+02
2.251806867663743503e+02
2.866592826724563565e+02
1.721723871553967342e+02
1.886894164232195408e+02
2.373483462715905432e+02
2.545838355569523799e+02
2.680043889481328279e+02
9.651976358540701995e+01
1.078990301509160616e+02
1.402296146028892281e+02
1.581423821145988313e+02
1.656082752718187123e+02
1.875328604669234096e+02
2.121585960580954975e+02
2.378031755445973658e+02
1.804389378254612950e+02
2.061467391928110544e+02
2.341239062160560138e+02
2.502502265833267643e+02
2.432383206084238623e+02
1.472302501375224040e+02
1.692028077429893358e+02
2.250485095688717649e+02
2.267917545193730575e+02
2.379847706490470785e+02
8.372521803335845902e+01
1.110651141458389901e+02
1.274715995914044271e+02
1.367250420158844406e+02
1.571077871823155760e+02
1.580313856854932340e+02
2.121355543346952288e+02
2.078156473460169309e+02
1.659832618453855559e+02
2.239914431260201582e+02
2.204912104180008896e+02
2.428888837382560553e+02
2.624935242802669109e+02
1.600499447376097351e+02
1.822177937613233496e+02
2.142272103163815586e+02
2.344054330469976435e+02
2.333819557612706888e+02
1.136341881788669355e+02
1.282817831946894103e+02
1.400348693766246697e+02
1.617314692589326626e+02
1.619902266604803742e+02
2.192790158174636304e+02
2.217485816618262788e+02
2.265863804300716140e+02
2.137400248185000464e+02
2.068507917900931261e+02
2.316373069479240314e+02
2.394680516366588279e+02
1.942390823600960630e+02
1.986618732259648255e+02
2.051338619787490813e+02
2.276091292212086330e+02
2.415050738823766494e+02
1.381026783566359200e+02
1.922153802733499788e+02
1.965702877008857286e+02
2.234197504581892133e+02
2.481624525308781983e+02
9.283361634513786953e+01
1.056686703926414168e+02
1.244869465190402735e+02
1.244451011107715743e+02
1.714119245371831255e+02
1.775781970253864870e+02
1.742680377022821290e+02
1.984443994325884262e+02
1.948720095858779473e+02
2.000440455489664657e+02
2.229274857402180601e+02
2.292052876584691887e+02
1.878465108175474541e+02
1.857402922067228133e+02
2.128537763955548314e+02
2.256984337667091722e+02
1.707522267242261762e+02
1.788547095246693175e+02
1.893128992419489691e+02
2.155550669993538691e+02
2.346246163627081103e+02
1.027154740422617891e+02
1.216518782275576314e+02
1.703746509595457610e+02
1.794115998260813285e+02
1.807679597063881829e+02
1.875871918234175837e+02
2.129966891004572460e+02
2.107534951367643146e+02
2.186029141381663123e+02
2.301678195776582356e+02
2.605727830870123967e+02
1.762908705887575422e+02
2.046014351893950334e+02
2.197971031978826204e+02
2.136527102087900687e+02
1.715257634112331857e+02
1.788004549810365518e+02
2.040296124606118440e+02
2.159467387707210833e+02
1.109569087368632410e+02
1.050372898721641235e+02
1.497419118330409731e+02
1.602991010166143440e+02
1.636501137358694109e+02
1.615496955476220080e+02
1.893496270648493578e+02
2.067465757726708944e+02
1.944685535563702388e+02
2.046592832674255362e+02
2.147459267644085514e+02
2.401689387266680455e+02
1.821970615558102509e+02
1.924300443643756751e+02
2.069311624993313501e+02
2.404619077933827214e+02
1.960501460721056901e+02
1.416426765881842300e+02
1.507777358076739347e+02
1.774275687798050569e+02
1.941808629491554541e+02
7.770518379602857806e+01
1.128083882686322994e+02
1.241377612931346874e+02
1.290602632693100418e+02
1.290104455043175165e+02
1.507291125226994097e+02
1.606857870095171563e+02
1.750545913297584377e+02
1.862871974210013946e+02
1.964395276706036668e+02
1.977960785492265643e+02
1.690495306046143185e+02
1.801539900152939424e+02
1.937923646483020548e+02
2.221926976508258065e+02
1.519392920285272055e+02
1.633174883536007655e+02
1.793617507095553947e+02
2.147620094695810167e+02
1.216514895446684363e+02
1.457310136429913427e+02
1.641207166274577673e+02
1.704470032412672822e+02
9.623122232446370106e+01
1.094478229590770439e+02
1.163174578668830748e+02
1.174441701519713774e+02
1.381162034947785742e+02
1.453222557148354781e+02
1.555372535741435911e+02
1.705512850464697294e+02
1.968244547159457341e+02
1.916054176061304020e+02
2.427173577180595885e+02
1.718798309980282681e+02
1.863031879322674911e+02
1.804333710247624651e+02
1.773751347301642909e+02
1.383637402493931177e+02
1.488714129116405616e+02
1.644296920563800484e+02
1.937517903923080951e+02
1.261298331445973844e+02
1.372078420831743699e+02
1.530219790241369537e+02
1.882283621729616243e+02
9.253808032001415995e+01
9.981371128552021332e+01
1.014582956909600853e+02
1.192783836634992412e+02
1.261995613408295043e+02
1.350956191044055856e+02
1.430431204528178739e+02
1.511580077017467545e+02
1.807185480068340269e+02
1.828704418879394780e+02
2.305678227856266176e+02
1.761680238572417636e+02
1.739199007761305040e+02
2.235566295853532779e+02
1.514472761070508966e+02
1.679101471327402635e+02
1.659792748631969630e+02
1.406303394938005908e+02
1.496397275280147028e+02
1.597579713418655842e+02
1.272271747969994635e+02
1.376253644260479803e+02
1.558762580517892502e+02
1.886141477442849350e+02
1.002789664239156622e+02
1.016777681705336107e+02
1.196675270864879508e+02
1.278145678575670701e+02
1.382593453991130446e+02
1.398305834352290162e+02
1.585504636161711005e+02
1.602253356944117968e+02
1.681513496833912029e+02
1.650573169246877399e+02
1.506077836942934027e+02
1.512803329255409608e+02
1.979779738090164187e+02
1.252316002568113475e+02
1.432434614741933672e+02
1.457251358005974282e+02
1.214112585087604543e+02
1.295242170110986990e+02
1.440526221925095740e+02
8.707246634242893890e+01
9.810239621754595873e+01
1.037724701495986324e+02
1.117801224794453816e+02
1.113746603155512247e+02
1.287102589742280259e+02
1.308262721574114664e+02
1.736456106613130146e+02
1.547867422049731658e+02
2.285988695104966553e+02
1.427742971324003065e+02
1.425483753418801030e+02
1.316087405345916466e+02
1.373306154012308014e+02
1.819125548385369768e+02
1.226415011585338988e+02
1.260240276797240000e+02
1.690946300710759260e+02
9.665056408680780464e+01
1.139293103673906558e+02
1.191690071693627004e+02
8.154423771541831911e+01
8.499967457906556945e+01
9.095463585884981228e+01
8.823327590466413994e+01
1.037637690786355336e+02
1.051279746693512180e+02
1.101955880260238985e+02
1.484191560589704864e+02
1.285729698781022137e+02
2.161966130924368485e+02
1.274635939419001716e+02
1.908160775493653603e+02
1.162870474185603058e+02
1.182481722629326129e+02
1.005641132571251291e+02
1.065851714589515495e+02
1.453114327422357235e+02
9.114646311348303698e+01
9.470959022811619832e+01
1.285920783018784164e+02
6.991209495375743188e+01
7.413151651597245007e+01
6.979707422743712186e+01
8.393342772531134699e+01
8.571383861510904012e+01
8.931271849046821387e+01
9.115668699707065059e+01
1.388868217409109889e+02
2.736449757189218985e+02
1.087602464869443253e+02
1.862910387940760302e+02
1.071023921284035083e+02
1.623204993690293634e+02
9.148094838478876056e+01
9.421496301001378981e+01
8.290538909781234622e+01
8.857571029796821449e+01
1.233794111991567775e+02
6.864320438945331659e+01
6.277340791673924514e+01
7.864150402438482956e+01
8.129988219034251529e+01
8.563398883392508765e+01
8.975879335471537956e+01
1.361483642807380079e+02
9.111195513626412890e+01
2.275872719241042432e+02
8.904503193217936996e+01
1.555886958559105437e+02
8.326688582856903054e+01
1.273041637198638512e+02
7.644555311752706928e+01
8.035907903703414945e+01
4.853999404732847012e+01
6.421470499807203680e+01
6.696028166461169917e+01
7.119314801307179152e+01
7.525556019449322775e+01
7.450117734711906792e+01
1.320808207577424014e+02
7.655096096194732525e+01
1.846526485487661375e+02
7.251373355236994200e+01
1.298047758852923437e+02
6.848896430539232938e+01
1.059988328673654792e+02
5.559583551491794395e+01
5.718638887595341203e+01
6.109270848915354435e+01
6.462023358172264409e+01
6.511636905806074083e+01
1.554994461862574440e+02
6.808789216289559931e+01
6.504793226230172820e+01
1.570400920117556893e+02
6.431202756089348327e+01
1.159443104185312876e+02
6.192667841920361127e+01
6.249727122723409423e+01
6.346317571866473628e+01
6.385182729886031439e+01
1.496632995659249161e+02
5.927116937796403562e+01
5.372209193524670923e+01
1.279155079929502392e+02
4.532483196232332290e+01
4.650905814926822046e+01
4.889176823684712758e+01
1.154827601533279591e+02
4.736041468858132930e+01
6.293051333802832659e+01
4.180332303478000000e+01
4.002288116285555475e+01
4.148271731538982010e+01
9.251685502281942775e+01
3.862643785839015464e+01
5.163301832869137797e+01
4.312835238825743289e+01
8.350415713996601141e+01
3.499685410735011004e+01
4.629227140565174636e+01
7.442335495072759954e+01
3.117078778149842577e+01
4.076552816476993968e+01
2.221805718553136799e+01
2.924451454233694747e+01
5.705908171619885394e+01
1.222758595130120653e+02
1.136805101553695465e+02
1.081575456610407002e+02
1.222780240248904988e+02
1.577804912455855799e+02
1.043585783756208372e+02
1.560929264206417884e+02
1.219367155826512175e+02
1.545485124887848087e+02
1.175123894608571931e+02
1.954552874086433292e+02
1.893057273830017380e+02
1.569357174251239542e+02
1.054176719117314889e+02
1.989078622562432201e+02
2.158413968004793730e+02
1.546068022645594624e+02
1.150018206103771092e+02
1.932929981628366818e+02
2.088549227713915570e+02
1.431263225362711466e+02
9.819964453077717792e+01
2.206572302181337477e+02
2.432031242225949086e+02
1.813045562117892757e+02
1.826130030653526717e+02
1.390310702853973623e+02
1.122144294386531556e+02
2.217858564021657628e+02
2.298810494217226221e+02
1.726755323353209519e+02
1.852261074241653773e+02
1.408900806474227068e+02
1.027472272320242439e+02
2.122207893156603404e+02
2.185257370820807523e+02
1.759597739611775467e+02
1.694516010116221025e+02
1.440135778413542482e+02
9.862501146786237882e+01
2.459616623796038937e+02
2.557009204172460670e+02
2.498929890679465586e+02
2.077519629461772581e+02
2.090611820851354707e+02
1.729148513136600798e+02
1.983884462993909779e+02
1.288761054510450208e+02
8.662853250263137284e+01
2.460810134225191916e+02
2.432912451948552359e+02
2.541176634234344078e+02
2.074298708182659254e+02
2.180146921062551257e+02
1.718938728451786631e+02
1.799466826650621272e+02
1.135762691005755443e+02
8.454715735902782114e+01
2.379043529044040781e+02
2.497090941551643368e+02
2.349962138222830959e+02
1.967398468985451814e+02
2.213918755832343663e+02
1.509128590924746618e+02
1.571764665255770126e+02
1.088844338154478351e+02
7.133215705613314128e+01
2.711332915733825644e+02
2.769994498271933026e+02
2.722789276339250364e+02
2.305409161449923090e+02
2.458644646996741017e+02
2.738716553101205591e+02
1.931559923649236623e+02
2.006816124414021942e+02
1.414998858883520256e+02
1.394256372690398393e+02
1.080813761862065121e+02
7.063700739195233780e+01
2.621265977436989374e+02
2.779317949657097415e+02
2.861642939633694596e+02
2.211216034068601743e+02
2.438476685565146909e+02
2.482620153454417675e+02
1.801172985976481016e+02
1.790574181393247102e+02
1.326943981908018486e+02
1.446193383124366676e+02
9.913665722757831134e+01
6.446694426948081968e+01
2.902836971110883724e+02
3.004662587087676116e+02
3.095222353677065712e+02
2.891288294175781175e+02
2.532420980231317458e+02
2.694035246281097216e+02
2.949355207183484708e+02
2.169165784039798837e+02
2.172068687405139826e+02
1.669804516697835481e+02
1.712544355242382892e+02
1.326557465386749470e+02
1.373768834835065888e+02
9.378199766386553904e+01
5.951845135454137647e+01
2.814623281368515109e+02
2.985204945691839953e+02
3.126281512749345666e+02
3.447700229083338286e+02
2.453974012197915044e+02
2.602012232823692557e+02
2.640442859521538139e+02
2.041508510615809939e+02
2.059754238819247973e+02
1.973195221933223991e+02
1.597610408228433982e+02
1.708085529890349790e+02
1.279172338913492837e+02
1.320766761215215013e+02
8.597726220681913389e+01
5.774544728077993483e+01
2.794628019565436716e+02
2.896269782172108762e+02
3.124437823513968624e+02
3.152656653074374731e+02
2.440106720561743430e+02
2.451418573296877241e+02
2.381018768273172270e+02
1.950956143313530902e+02
1.998842063906035946e+02
2.115571549343698621e+02
1.592758130448784186e+02
1.632202827857574903e+02
1.217095040627775830e+02
1.277224823336474486e+02
8.202138462404202812e+01
5.470266469457429537e+01
3.056861357266629966e+02
3.173955757949716485e+02
3.328526456128248583e+02
3.607909857602010106e+02
2.740759315482967509e+02
2.884556963316268821e+02
2.830926011151268540e+02
2.837902721111208280e+02
2.323126382668475287e+02
1.910002363379361441e+02
1.999047616893144266e+02
2.014056237894532160e+02
1.578351417292777796e+02
1.646967233802241424e+02
1.151628292202588426e+02
1.239910253352096845e+02
8.065244646776625359e+01
5.754076700830228930e+01
2.917497298309715461e+02
3.020613185858148881e+02
3.148169864093975434e+02
3.167039491270242024e+02
2.573396303280126745e+02
2.579283315968596639e+02
2.553952855893267611e+02
2.425468033559253911e+02
2.114162383120965387e+02
2.151807374287619723e+02
2.245342188531920158e+02
1.772435950323944382e+02
1.829838442586377596e+02
1.848014019168659843e+02
1.396277809153923215e+02
1.478558014693167308e+02
9.946487672544868985e+01
1.022179443281114288e+02
6.756628421504026960e+01
3.872130522387343632e+01
2.891887585588958700e+02
3.019849275676623392e+02
2.987800727011720596e+02
2.877936202414404079e+02
2.485114990995196251e+02
2.489501665139001148e+02
2.505702272487164350e+02
2.629261662202349044e+02
2.084274932466876180e+02
2.184104096212602428e+02
2.192744959276805616e+02
1.708204233402087766e+02
1.797082346726448918e+02
1.838229371190132326e+02
1.331119081847077439e+02
1.402586132896812217e+02
9.414801557774818264e+01
9.852936755695976956e+01
6.054878810030790959e+01
8.021163272649883424e+01
2.871435487577994081e+02
2.859107997215521664e+02
2.839118544224818379e+02
2.820560736898432879e+02
2.041944149676776306e+02
2.120130205795875042e+02
2.161746357565844221e+02
1.668450067302800903e+02
1.742509616605451015e+02
1.818514822275323581e+02
1.262548933595636811e+02
1.295780328619532042e+02
8.670655960786071148e+01
9.434485702839478449e+01
8.790312710426344722e+01
2.919454314585616217e+01
1.222758595130120653e+02
1.329064365034854234e+02
1.204093151680541496e+02
1.336546858863437421e+02
1.442694737957189091e+02
1.107255168323044785e+02
1.333636312660867702e+02
1.563718411046348535e+02
1.467236551329371537e+02
1.352620461182121687e+02
1.320091839353050602e+02
1.588548738740902024e+02
1.645290461100152584e+02
1.686632835811832933e+02
1.128407954147105698e+02
1.308310527887673800e+02
1.589143111140841427e+02
1.737832683025523579e+02
1.938499946487112595e+02
1.461514377353552732e+02
1.245971288204734577e+02
1.300113435333524592e+02
1.585790752884379344e+02
1.790779700305377276e+02
2.117604764861758895e+02
1.749938796959493175e+02
1.628974592321408466e+02
1.269951700823411187e+02
1.292705566811289373e+02
1.576433952103698743e+02
1.810320830690390324e+02
2.217631328012979282e+02
1.951629327214458556e+02
1.938657340669428208e+02
1.560735283120641554e+02
1.006973036398189549e+02
1.287531915708538861e+02
1.569861267819069894e+02
1.823861326378758747e+02
2.294769140938352336e+02
2.128342080712310747e+02
2.264338945089712354e+02
1.980459728860599853e+02
1.431782150767089945e+02
1.109628919114062597e+02
1.281025516042830077e+02
1.555707999503255223e+02
1.811988933585579105e+02
2.303715797733597128e+02
2.197367405298534777e+02
2.427754162747936277e+02
2.217353584299630427e+02
1.691478460718997781e+02
1.385310051196510130e+02
1.042174157970624435e+02
1.276243691476090021e+02
1.545262765641398346e+02
1.802594328641777111e+02
2.307992513449856631e+02
2.246390165672242460e+02
2.554473015924371282e+02
2.417290147200552610e+02
1.925944768222237542e+02
1.641424365084388910e+02
1.264542507773124953e+02
1.129846993808856013e+02
1.272850383090868291e+02
1.538072893820464060e+02
1.796696922074000611e+02
2.313237113957708573e+02
2.286793020836543633e+02
2.661155256074840736e+02
2.595732699784950910e+02
2.150048823937656834e+02
1.901837073867854144e+02
1.504332563285599633e+02
1.373319354037334392e+02
9.959798434267197820e+01
1.270477706012063379e+02
1.533329932424735205e+02
1.793736487017790182e+02
2.320442019791907455e+02
2.322848279838163137e+02
2.755219983709691292e+02
2.759095728284019629e+02
2.367250445033070605e+02
2.174431245919369644e+02
1.780159377636593376e+02
1.699490531274972795e+02
1.237554569730752974e+02
9.009647411237969550e+01
1.268148977314095305e+02
1.528131900043931068e+02
1.788148149126897408e+02
2.318870166135883721e+02
2.340573066995834779e+02
2.812855167704634027e+02
2.870327434552432351e+02
2.528480509735001363e+02
2.390736545434546940e+02
2.010801275368245058e+02
1.990137203091396429e+02
1.475349958677817312e+02
1.067109747029084019e+02
7.726893218185082901e+01
1.783580758941688771e+02
2.317185825915225621e+02
2.353855258743251682e+02
2.857948991190626202e+02
2.960672315507248982e+02
2.665233921435412867e+02
2.583367449147424395e+02
2.280073131052326687e+02
1.733580848756315049e+02
1.270502705071117475e+02
9.159888468387934779e+01
7.548605195664335099e+01
1.264706465660438823e+02
1.520411556310042158e+02
1.779464915980807120e+02
2.314789368281321913e+02
2.362876667858103019e+02
2.891678380556208481e+02
3.031461185316142064e+02
2.777165277166011492e+02
2.747984388869905956e+02
2.421159648855173145e+02
2.552364310664190157e+02
1.991674102798619970e+02
1.486976243160139859e+02
1.080885949558803247e+02
8.883891881654029987e+01
6.041732684127425301e+01
1.263394028135496114e+02
1.517453475140618764e+02
1.776002017421108974e+02
2.312627746522616121e+02
2.369942641493613280e+02
2.919082019163647601e+02
3.090565261966019648e+02
2.873548790296972015e+02
2.895422314497054685e+02
2.603386833562578886e+02
2.822441196411382975e+02
2.268311606137724823e+02
1.746381397389313861e+02
1.313594371697705583e+02
1.136151879509546063e+02
8.373090239325034645e+01
6.299427273577878594e+01
1.262226287703866774e+02
1.514751281954902140e+02
1.772562267129459315e+02
2.309490989359854609e+02
2.373574803530804047e+02
2.937673793066746271e+02
3.133695250384197379e+02
2.947409090990291247e+02
3.012370866357042019e+02
2.751984260930311166e+02
3.050573422170318736e+02
2.508971096698564054e+02
1.976688615458850791e+02
1.520970812982674829e+02
1.351031637818253728e+02
1.023908157924819164e+02
6.887907355196439596e+01
1.261344154339581110e+02
1.512792168061477867e+02
1.770306072421606984e+02
2.308114429012777293e+02
2.378292424186465723e+02
2.955963417590539848e+02
3.173817753774788457e+02
3.014906569586732417e+02
3.119903134819281831e+02
2.891288294175781175e+02
3.268961887504275410e+02
2.746568401894210183e+02
2.212565065650885856e+02
1.742214879157108101e+02
1.590029992892052348e+02
1.243601236821911726e+02
8.256461884118870387e+01
5.367760585107067328e+01
1.260626421532729609e+02
1.511228288738178378e+02
1.768584393197487827e+02
2.307299627542194287e+02
2.382689035887187856e+02
2.972018623548565870e+02
3.208659841978173404e+02
3.073654317202084485e+02
3.214665418274040576e+02
3.016476321527298410e+02
3.469684276604452862e+02
2.971255874626896798e+02
2.442860653064958854e+02
1.965649765018267487e+02
1.839765499854792949e+02
1.482918482137033322e+02
1.019176099147053236e+02
7.015284367600035864e+01
4.907959890052127605e+01
1.260033309373720840e+02
1.509957292719660416e+02
1.767240860656063148e+02
2.306834000725384612e+02
2.386691212431548195e+02
2.986044967199543407e+02
3.238859482946746198e+02
3.124681045905805945e+02
3.297822947405158516e+02
3.128152845689859873e+02
3.652274539640609987e+02
3.180776110868792443e+02
2.663743931959133988e+02
2.186518479338614327e+02
2.094400169745978815e+02
1.735964080683966984e+02
1.261005377935259162e+02
9.303190037936424517e+01
6.696558137479446771e+01
5.445094216179744961e+01
1.259632424686221128e+02
1.509201614814294317e+02
1.766779862499966782e+02
2.307848981873652008e+02
2.392110975234388661e+02
3.001384243760439290e+02
3.269481123576802588e+02
3.174397578260190471e+02
3.377826890858775641e+02
3.235897495360051153e+02
3.829157406620936968e+02
3.386660592910194509e+02
2.885344888551976510e+02
2.413619621619785960e+02
2.362851938210870060e+02
2.009861617641061855e+02
1.209398759521904338e+02
9.168922536781657584e+01
7.682513147052358704e+01
6.690253971169921954e+01
1.258338454738653382e+02
1.505637277979151065e+02
1.760310073824526000e+02
2.296019576968527929e+02
2.378244138932123803e+02
2.982642957429748662e+02
3.249546753853521182e+02
3.160142319080671882e+02
3.369919240328816841e+02
3.235451613970913627e+02
3.849668141370787566e+02
3.424016244509663238e+02
2.931866684432736747e+02
2.461642164852859196e+02
2.418014803534029795e+02
2.063908146272138140e+02
1.234644100750710010e+02
9.115981146847246919e+01
7.032333027390360769e+01
5.200935359333444552e+01
3.015338884661322894e+01
1.258184982487032215e+02
1.505523552579615227e+02
1.760891876891562617e+02
2.298652717597755384e+02
2.384894243173191342e+02
2.998336044664087012e+02
3.278248252645242360e+02
3.204277302752400942e+02
3.328489917060831544e+02
4.002376075422870940e+02
3.604014460843303596e+02
3.129509604847749529e+02
2.668851700380337775e+02
2.668234919068494833e+02
2.324188174869777299e+02
1.508704417059065577e+02
1.156598872766280977e+02
9.285867388660328459e+01
7.232258236941038376e+01
4.586325951615101104e+01
7.335346940409624494e+01
2.041355118348888311e+02
1.257945063040318416e+02
1.505102577947820919e+02
1.760732820784233184e+02
2.299558293958440061e+02
2.388659330250503388e+02
3.008510613209153348e+02
3.298209594345572100e+02
3.236604646845000843e+02
3.400495126681301485e+02
4.123994939107425353e+02
3.750821886674180519e+02
3.294129967395552967e+02
2.844778558743839199e+02
2.884791942321587044e+02
2.553963414829964336e+02
1.764171178456372502e+02
1.389386536171268176e+02
1.147105258077031067e+02
9.252918516732466969e+01
6.209763963837041700e+01
1.056956511238284122e+02
2.283682334438374539e+02
1.170969235328093134e+02
1.476517463148330194e+02
1.992153804858144497e+02
2.136790880254683600e+02
2.745707007560153556e+02
3.058569805853612138e+02
3.050595099773404968e+02
3.332178677276866097e+02
4.019066414889879297e+02
3.692425030868917588e+02
3.269169994130663213e+02
2.840449186303309261e+02
2.894003005133546935e+02
2.571855270277832801e+02
2.305136309611800698e+02
1.403919107989195822e+02
1.157321299612974457e+02
9.319116903861225865e+01
6.244731351524363561e+01
1.060710974707872936e+02
3.016687202196295914e+01
1.166855203449600253e+02
1.638929902329623474e+02
1.843826099377246521e+02
2.434265874014658948e+02
2.769568012312450946e+02
2.821206719412953134e+02
3.130375418363842641e+02
3.111624698381460234e+02
3.603604480950877473e+02
3.222722480050732656e+02
2.821880872856604014e+02
2.892793047797678696e+02
2.583755372020250434e+02
2.323590354620700111e+02
2.133443425555149702e+02
1.168056366708761686e+02
9.389481090908529382e+01
6.282244947937201829e+01
1.064754421909871098e+02
3.020978369843143341e+01
1.191760642728025488e+02
1.466781377176158685e+02
2.033340728231606533e+02
2.393471789779592029e+02
2.515193838506281168e+02
2.854484847454974101e+02
2.883719178974812962e+02
3.658891770039026596e+02
3.458395944672760152e+02
3.134193898882739404e+02
2.773478824495491608e+02
2.867642318945605098e+02
2.579630759830197348e+02
2.331756980325806978e+02
2.144653140927729567e+02
1.818609497571848692e+02
9.457486074709206036e+01
6.319387705872458127e+01
1.068808399680389414e+02
3.025303980708294560e+01
1.432392458833619742e+02
1.048794382107812169e+02
1.578814986200570445e+02
1.960063563992684408e+02
2.153795922497647553e+02
2.520544905474308450e+02
2.601438286533678479e+02
3.380615599687037047e+02
3.260710699063920401e+02
2.695350610859525204e+02
2.818106353134754727e+02
2.559023865349413427e+02
2.329388857189205453e+02
2.149230868843067981e+02
1.831239616956256100e+02
1.444551232946893720e+02
6.357102066532279139e+01
1.072976813058482293e+02
3.029776334101537216e+01
1.284851942953370099e+02
1.627025242616342950e+02
1.862919311447819837e+02
2.238031992906037999e+02
2.348871035116945336e+02
3.127893443862781737e+02
3.080737406850957996e+02
2.888572423757537422e+02
2.547929539799247323e+02
2.336338926530611104e+02
2.161594269234521164e+02
1.851418415324169473e+02
1.462347942491627464e+02
1.201284264982426322e+02
1.078471036421909446e+02
1.163836401621459089e+02
1.467240125889380522e+02
1.856155782923838160e+02
2.006078787414480757e+02
2.768899504015675461e+02
2.808884659582669201e+02
2.697749624212750632e+02
2.501510615128531754e+02
2.500767566537995492e+02
1.175466979885978560e+02
1.549393152363255410e+02
1.703848366000678709e+02
2.441272771173085516e+02
2.555205570063791356e+02
2.516955364287246084e+02
2.381487057922828399e+02
2.603644838830620643e+02
2.458537444180549585e+02
2.306320694624475891e+02
2.158461452440337496e+02
1.879210359890388418e+02
1.493872821343718442e+02
1.227786370410052967e+02
9.807809371228147199e+01
6.516463322973740446e+01
1.257703619829865431e+02
1.384387163643401095e+02
2.082058262511885403e+02
2.265494981843577307e+02
2.301016939096499243e+02
2.230616366078019155e+02
2.489055791682404504e+02
2.394426143338069437e+02
2.150607745674296893e+02
1.893569668427642512e+02
1.512561810552196846e+02
1.244207984361919017e+02
9.928537875581542949e+01
6.586085628437753314e+01
1.098229867846424526e+02
9.824134239077801567e+01
1.617259534545110000e+02
1.878388580584104091e+02
1.997694105777501647e+02
2.005279951446532891e+02
2.302872430699939059e+02
2.273203363939177564e+02
2.210836329748390767e+02
1.889837417482534079e+02
1.522190360215841451e+02
1.256356539784425479e+02
1.003175863184541470e+02
6.650852316050337265e+01
1.105662623309998907e+02
3.064933996950400186e+01
1.184499049320901634e+02
1.497721338686673107e+02
1.684876492880615615e+02
1.759918154689865730e+02
2.088326799298579601e+02
2.124859328126053128e+02
2.119797245059916406e+02
2.058222757565159213e+02
1.529741019830440223e+02
1.268863461809374087e+02
1.014599767069858132e+02
6.725063528111201094e+01
1.114267904802535583e+02
3.074358855022795467e+01
1.119233059263104764e+02
1.352734303218804257e+02
1.483339981242799297e+02
1.829172630924827558e+02
1.931164871085636321e+02
1.988747085898899627e+02
1.971678286771310411e+02
1.847278428455030053e+02
1.277627527017212259e+02
1.025059328619543777e+02
6.800571977897561737e+01
1.123343680461740064e+02
3.084442059714951867e+01
1.121850872722616259e+02
1.258929539607077004e+02
1.597489426714286367e+02
1.747047108621175369e+02
1.858875143399059198e+02
1.881152219380844315e+02
1.818514822275323581e+02
1.531858723374160149e+02
6.909553145294763965e+01
1.136127371695664579e+02
3.098480218499111416e+01
1.003259772528532210e+02
1.302917125044675686e+02
1.491462479882711989e+02
1.656839314081775285e+02
1.726397735124782002e+02
1.742601588641353487e+02
1.509161504026934040e+02
1.295014747082953761e+02
7.006212000097266923e+01
1.148447843552792591e+02
3.112467029853885236e+01
9.824036302569909651e+01
1.187563419546851406e+02
1.393355419445787220e+02
1.506290677112998821e+02
1.611461021928946025e+02
1.451928512582137785e+02
1.278939256072380317e+02
1.054674153912437475e+02
7.083932630555416665e+01
1.159975218768425407e+02
3.126272582789091103e+01
8.676005106901445174e+01
1.088049527127358687e+02
1.229447812938338132e+02
1.421895063288832830e+02
1.352809502198772122e+02
1.238751732517384880e+02
1.047239232401552727e+02
7.135481020462736979e+01
1.170490949176858066e+02
8.261170846121537181e+01
9.520347409700293895e+01
1.212789239063291120e+02
1.230967926983673095e+02
1.184127242209207651e+02
1.035169770426968228e+02
7.197987419510273810e+01
1.184182475068812153e+02
3.158238579739768070e+01
6.490145492228307944e+01
9.553253052962547542e+01
1.056504568475856729e+02
1.089722719245566225e+02
1.002870823862881480e+02
7.212012745763583155e+01
1.196807539052635008e+02
3.177810438140925697e+01
6.981954905985907089e+01
8.447180139054218273e+01
9.530819881021507456e+01
9.434485702839478449e+01
7.154818155005796143e+01
1.208014178508128253e+02
3.199928807249962048e+01
7.011790853692110659e+01
8.165285121893955989e+01
8.663356178226553084e+01
7.058638943292298507e+01
1.221771991286773016e+02
3.230893212338108356e+01
5.893537991333867154e+01
7.122072996737985306e+01
6.625205947029596132e+01
1.216619643090296989e+02
3.257747982184712043e+01
5.230486108890458752e+01
5.800693064620988793e+01
1.177783151405244979e+02
3.276058312002798090e+01
4.950257961488021863e+01
1.092192615383293344e+02
3.288812235950833696e+01
3.267431662570832174e+01
9.181026121459493083e+01
2.919454314585616217e+01
