9.125292381561582999e+01
1.084682105204804117e+02
1.389136983834925161e+02
1.494422417857484504e+02
1.835011549996031022e+02
2.022258765965189866e+02
2.246640526070790145e+02
2.693768007989491480e+02
9.250724365493502432e+01
1.174220137591387356e+02
1.294375601057545850e+02
1.600142412293058385e+02
1.780968176389619941e+02
1.860397207023030148e+02
2.147209404593785393e+02
2.690849188724725991e+02
1.569019015459300590e+02
1.800186603866949326e+02
2.237123550981463893e+02
2.399184395683210198e+02
2.541896379372294348e+02
8.879363586575571787e+01
1.013937479188467705e+02
1.278222092493540885e+02
1.447841296788260479e+02
1.542484841681595924e+02
1.868691327143367289e+02
1.999168706780837681e+02
2.260333167634831000e+02
1.789865370394562660e+02
1.935053276792319537e+02
2.215947293085091587e+02
2.392014493568684372e+02
2.341522785540500138e+02
1.369476937792190085e+02
1.634065292320208869e+02
2.144838439330115705e+02
2.200454646619078574e+02
2.266515779521529907e+02
7.809777398802160064e+01
1.005093334937286187e+02
1.165228290957093122e+02
1.270582515570468729e+02
1.559078582229813890e+02
1.457377157629817361e+02
2.049495510457679472e+02
1.960497318657881465e+02
1.530513018059829164e+02
2.162944854658153417e+02
2.079253430110982492e+02
2.336755383073331416e+02
2.528726730329213694e+02
1.579822272239079837e+02
1.716650546256601899e+02
2.035463699766976049e+02
2.253508105234118659e+02
2.263110797293255985e+02
1.014986514940643048e+02
1.168656650467291200e+02
1.295255204784028251e+02
1.591676645838806792e+02
1.494293594437617116e+02
2.115203700527645481e+02
2.090001588500016112e+02
2.199452818488089179e+02
2.068155050100226902e+02
1.939260419298265106e+02
2.243310519176397406e+02
2.285229167220501267e+02
1.882963996216936096e+02
1.881108402918561069e+02
2.000112548650043323e+02
2.197055682279076905e+02
2.345142119353655232e+02
1.283364265625938003e+02
1.865845537580246116e+02
1.862981507155047893e+02
2.165951368871200771e+02
2.410412759665186400e+02
8.603686949664981398e+01
9.881201719275475170e+01
1.227193482785672956e+02
1.162767449352592166e+02
1.671766222271713218e+02
1.731974917795761257e+02
1.648802013373775424e+02
1.942387910741704218e+02
1.772987912743038237e+02
1.939430031529019516e+02
2.147015077086013548e+02
2.212602446123530910e+02
1.815331734367451872e+02
1.740178193422439108e+02
2.061669471917986129e+02
2.162209459840991883e+02
1.654676633671776074e+02
1.689580693480172044e+02
1.840411099687480885e+02
2.078355989036786298e+02
2.275084636409198993e+02
9.802487054636746677e+01
1.132885954509391837e+02
1.644903529524717669e+02
1.724524471709348461e+02
1.636255136918079813e+02
1.807704074141710748e+02
2.040996540832650226e+02
1.195397559255105620e+02
2.003163082274881788e+02
2.107258562974709832e+02
2.187376141887543497e+02
2.481171590226639978e+02
1.700874200203934947e+02
1.958512167164757614e+02
2.087788766732422232e+02
2.062385156577576311e+02
1.533599803539916877e+02
1.706366666126722293e+02
1.941649080472780611e+02
2.064636603173231038e+02
1.879966945849103581e+02
2.032469367992209470e+02
9.918094309145394050e+01
9.402582791509450999e+01
1.391806128304160382e+02
1.483663667454877668e+02
1.432554428711403602e+02
1.520675016977985479e+02
1.767576362516736594e+02
1.921648167955561348e+02
1.878127713470755111e+02
1.933747798374582203e+02
2.061794117363124030e+02
2.322243454267552920e+02
1.722878744924872763e+02
1.848488620594460201e+02
1.967199089246860524e+02
2.288426546320932289e+02
1.877139297773675537e+02
1.250619579969300901e+02
1.421138243590225727e+02
1.670851607866023016e+02
1.839480807791990742e+02
7.117806795385381236e+01
1.067603562264427097e+02
1.163051747774930647e+02
1.146601047585559883e+02
1.233377187952724512e+02
1.415707813125957273e+02
1.535458883274180266e+02
1.662744652675888517e+02
1.809328725709640651e+02
1.882678863220329504e+02
1.918145400571688128e+02
1.658673058830301557e+02
1.731260601912790946e+02
1.891575791758930620e+02
2.180085643968924956e+02
1.462516958971711176e+02
1.597396285506117692e+02
1.742170953229882571e+02
2.081419392278222631e+02
1.209834179475326863e+02
1.433074845820703160e+02
1.612599439645558448e+02
1.701241754328826516e+02
9.786231882819764394e+01
1.087246902836226354e+02
1.099582795343238644e+02
1.196373225826173581e+02
1.380088925650851479e+02
1.485850143453252770e+02
1.564234810945006586e+02
1.747004078289909614e+02
1.895946941624333419e+02
1.840992145914818821e+02
2.327769092056175850e+02
1.604203810491752620e+02
1.806222689511563999e+02
1.734316604931629229e+02
1.695862169185510879e+02
1.327750145428477708e+02
1.407650885035095882e+02
1.585957632065871223e+02
1.880682585525990760e+02
1.179751714200274932e+02
1.312094636030494428e+02
1.468815111644687192e+02
1.804997526419636813e+02
8.315000643289249638e+01
8.500160157411539785e+01
9.285081897390027450e+01
1.065236029186054338e+02
1.154199709363573305e+02
1.221751594472452354e+02
1.297614783049027949e+02
1.382561114565995126e+02
1.773899804503849396e+02
1.735606786710160634e+02
2.257953510247573945e+02
1.708076767195551326e+02
1.679965773368451778e+02
2.152994031684940808e+02
1.428068345235454899e+02
1.635873791475441408e+02
1.599250421033255520e+02
1.345810542954615130e+02
1.439678848996579745e+02
1.548403324058415365e+02
1.213072192382926460e+02
1.292801752457893372e+02
1.491453107731582008e+02
1.808387005887091163e+02
8.972382521563375235e+01
9.907006011079685948e+01
1.136809274458917400e+02
1.246724620914295230e+02
1.331638242864544566e+02
1.347278500148643445e+02
1.569974747120963912e+02
1.565261253479289110e+02
1.597106940098935581e+02
1.622420531448276790e+02
1.476841582837940621e+02
1.476083545568507418e+02
1.923629607034174001e+02
1.196074267447643962e+02
1.402921464244653862e+02
1.406447761283360762e+02
1.168379920608714144e+02
1.269630613351734638e+02
1.415439509049248841e+02
8.378692643829862163e+01
9.221695105212785393e+01
1.008890227435706066e+02
1.075054257260130441e+02
1.089750058998625661e+02
1.282488719251708460e+02
1.296070587912453789e+02
1.711240439415721823e+02
1.470170595328697232e+02
2.202273633571318499e+02
1.340627759722786436e+02
1.386077461710576131e+02
1.287581023996413876e+02
1.298201798097623794e+02
1.775831601976348395e+02
1.184016543424607875e+02
1.211657754925612949e+02
1.620160443031546720e+02
9.112922787277754821e+01
1.096788547629125787e+02
1.132113622382509277e+02
7.003544886931139501e+01
7.553553519268413652e+01
8.009182818883354571e+01
8.092705406306131977e+01
9.634737223453468857e+01
9.868595491987206003e+01
9.974234339204684829e+01
1.386003200245419862e+02
1.299949195534358068e+02
2.085851349674528876e+02
1.217683222145732458e+02
1.848093881006107324e+02
1.093722338104394822e+02
1.150515771130779683e+02
9.889273387867221743e+01
1.010266003209745236e+02
1.420988324505795504e+02
8.800578390958511932e+01
9.079571025419384966e+01
1.224616987141584445e+02
6.447517678972171495e+01
6.800864191737626641e+01
6.893273081550012193e+01
8.323699232880386489e+01
8.593234169294059654e+01
8.587648293648626918e+01
9.074453922889631485e+01
1.366579750835183233e+02
2.582236911052082746e+02
1.102908710341765328e+02
1.803571512367445564e+02
1.026650421356844163e+02
1.576638812095040976e+02
8.621480306428196627e+01
9.179375024034629860e+01
8.277022679639729574e+01
8.505759546339241695e+01
1.223079679826165744e+02
6.146533332889804768e+01
6.278827750494790649e+01
7.769000091645189343e+01
8.096255010489527137e+01
8.151133503446216366e+01
8.645894231019936171e+01
1.328484135116200662e+02
2.142725098346851382e+02
8.995662330245481542e+01
1.502353268097265016e+02
7.998059087428563885e+01
1.240649555207871515e+02
7.211266910762810767e+01
7.857160313921397687e+01
4.861933791537157390e+01
6.224945225558654727e+01
6.571043456858926390e+01
6.674012529145181816e+01
7.165743531275319356e+01
7.492605676719354335e+01
1.272314599615694988e+02
8.028283325023116390e+01
1.748755605481342457e+02
7.391398806365671703e+01
1.263524119350271917e+02
6.654750795354949844e+01
1.038243031966362651e+02
5.988486346612450006e+01
5.986340817614838272e+01
6.362602061104793449e+01
6.707918639144465089e+01
1.494986647834402334e+02
6.973144333637772263e+01
6.598122729918382845e+01
1.415795842114322340e+02
6.059816493899783296e+01
1.053913388540115790e+02
5.315223530595551438e+01
5.355610554925421241e+01
5.689267234809302209e+01
5.545727306540167234e+01
5.420636011215983530e+01
1.149375504210047581e+02
4.297026379817410202e+01
4.493652590550328085e+01
4.896198433936122996e+01
1.085467025963491636e+02
4.919118909523460559e+01
6.054138147290001370e+01
4.404098534078020322e+01
3.897847018101239769e+01
4.177644382290542779e+01
8.861888585124027884e+01
4.109668598612109491e+01
5.091727780226391786e+01
4.034790510851109957e+01
7.619882254102122943e+01
3.598135252217583968e+01
4.429854048473351469e+01
3.146135928707428775e+01
3.868702238450034514e+01
2.434066527623633291e+01
3.009874646350323601e+01
1.117718007798888209e+02
1.051270462361068496e+02
1.001876934761683202e+02
1.122063769613720297e+02
1.478807908596522225e+02
9.804680063941439983e+01
1.478440500325180835e+02
1.132522409715681135e+02
1.469654659923564566e+02
1.071875412947645998e+02
1.859820858640753443e+02
1.823303354485027512e+02
1.450146504715655738e+02
9.889135071506650831e+01
1.876725492651785601e+02
2.037487781760686403e+02
1.437486236246535896e+02
1.111673118224849759e+02
1.804857731174328137e+02
1.934137919267267307e+02
1.382620601478722335e+02
8.882406803690675190e+01
2.088840867800405476e+02
2.282168069591401149e+02
1.729120020600169880e+02
1.716130819615610221e+02
1.319688101184440541e+02
1.074283675639504594e+02
2.128977134869065537e+02
2.165893732014880868e+02
1.650789198276019931e+02
1.870447217190391882e+02
1.326159588688293809e+02
9.706412976938389647e+01
2.019647301358670575e+02
2.146281308830334922e+02
1.702617409596103073e+02
1.559203536768697802e+02
1.380526198628353427e+02
8.726660704211883512e+01
2.353423466077057924e+02
2.484178360174213367e+02
2.390581999493702767e+02
2.005776927898907616e+02
2.029741024634889186e+02
1.657324881658632876e+02
1.930781399359887587e+02
1.214072782567871229e+02
8.245885585835429765e+01
2.363312006424445428e+02
2.349935905946768742e+02
2.592973159463160187e+02
2.019489297518323099e+02
2.071482149008278384e+02
1.631771144081129137e+02
1.744826962573272340e+02
1.050565568385036102e+02
7.700861313434185718e+01
2.311468517929283450e+02
2.436323009483664350e+02
2.173011177306818809e+02
1.872465914844475776e+02
2.166487043305868383e+02
1.436302952714796675e+02
1.431095444511254584e+02
1.057513830594811139e+02
6.799951681983507967e+01
2.630559447469894394e+02
2.701127274390202615e+02
2.669269426624300081e+02
2.232049408541547848e+02
2.369109798820690855e+02
2.678474643007842246e+02
1.865602945151435392e+02
1.910211777814543268e+02
1.351422395335658280e+02
1.372350563184630516e+02
1.039482871899534757e+02
6.863223310465126303e+01
2.534122491666719270e+02
2.725493717569085561e+02
2.734281670396164827e+02
2.117537527900241514e+02
2.345635884746479576e+02
2.438280733651144203e+02
1.723994679041325355e+02
1.688712987893504192e+02
1.281148163339604480e+02
1.387809144116915263e+02
9.529814885339979469e+01
5.911902075210297625e+01
2.945883892415523064e+02
3.045146079680116600e+02
2.693678109802629592e+02
2.458359946277260235e+02
2.569019893013307296e+02
2.891773600514710552e+02
2.095986326582687411e+02
2.087192757998526247e+02
2.017921583077759919e+02
1.585406837337217496e+02
1.659113206883048406e+02
1.278602468917657404e+02
1.327859738347501377e+02
8.626409546889310320e+01
5.937865582047884772e+01
2.737256163887078060e+02
2.905864582301909422e+02
3.026366645805284747e+02
3.387632954379004673e+02
2.357417320023145066e+02
2.517969330403031165e+02
2.519627798074351688e+02
1.968195864545000120e+02
1.967068245958666921e+02
1.940965738892968488e+02
1.559992556329029298e+02
1.659415838420703153e+02
1.212326267811358065e+02
1.281587613186254089e+02
8.172315953585010107e+01
5.444287242459398612e+01
2.721911143679639622e+02
2.784898920649611114e+02
3.017628123889390963e+02
3.109922158917002548e+02
2.364127697662837306e+02
2.365428968838365904e+02
2.262901094455394286e+02
1.869393412968003076e+02
1.944633973813905925e+02
2.045236551583358562e+02
1.510964955759423844e+02
1.583754999255810390e+02
1.147177679483735631e+02
1.162529659627409586e+02
8.013576902294309434e+01
5.089572218820758565e+01
3.102488196136168312e+02
3.195338216506939375e+02
3.561322340250721368e+02
2.636451306006179038e+02
2.793191929080824139e+02
2.726613682318047154e+02
2.611946687755740300e+02
1.822259061189230351e+02
1.932967846904792850e+02
1.953155772269248871e+02
1.500867577405445559e+02
1.541193524971453712e+02
1.098042507843998123e+02
1.193900488696048683e+02
7.825063197993895869e+01
5.305189048817479858e+01
2.850771401778131917e+02
2.917820324787251138e+02
3.063159665426634319e+02
3.038775396772357453e+02
2.498570638131682813e+02
2.496128289108101228e+02
2.447288957968040393e+02
2.393033002814588883e+02
2.014607263197786153e+02
2.102528601878858581e+02
2.186263085724730786e+02
1.702648517503857306e+02
1.749349483044536271e+02
1.802805605717788353e+02
1.340076064843148913e+02
1.395692243153333720e+02
9.663584751956589969e+01
1.008006567389025179e+02
6.302259938834252750e+01
3.867453688509731080e+01
2.929279910198986272e+02
2.885872657913924968e+02
2.737688052361816631e+02
2.393894536574103142e+02
2.445390403458607977e+02
2.549677036385651547e+02
1.995712999807866197e+02
2.079759762982590132e+02
2.128629234303437272e+02
1.631150289303139971e+02
1.695406770013993309e+02
1.667748248134101345e+02
1.262668743832027189e+02
1.356249178934168356e+02
9.049478371575445124e+01
9.321161335086560484e+01
5.896662836221045723e+01
7.396771572530607841e+01
2.765539016433918960e+02
2.727930849935864899e+02
2.758222406116861407e+02
1.951070265639188790e+02
2.014195450578691293e+02
2.023339047650307236e+02
1.588026111061520567e+02
1.652456898609433722e+02
1.744965848738168859e+02
1.212901745310648920e+02
1.247180761610012638e+02
8.443476050934542343e+01
9.025921370338073757e+01
8.515955359075259423e+01
3.125639999467532704e+01
1.117718007798888209e+02
1.214338025361948326e+02
1.120853826814314544e+02
1.220060454362408677e+02
1.353484371103567412e+02
1.034056162263661207e+02
1.215558349054774112e+02
1.466470189202504457e+02
1.371474759341008962e+02
1.239346163521132098e+02
1.203526950212271203e+02
1.495426923651125435e+02
1.554420042524315306e+02
1.585838916560017253e+02
1.064336562165780720e+02
1.193012810613171126e+02
1.499396610754000676e+02
1.651611437709230472e+02
1.846042556062096480e+02
1.403927943318307143e+02
1.190887149795297830e+02
1.185329753065841771e+02
1.497238727904920665e+02
1.706050958853479926e+02
2.029353128081721422e+02
1.700175588692681004e+02
1.559578741589596405e+02
1.149970950282042850e+02
1.177284766733598218e+02
1.485234706450558235e+02
1.719123046371214798e+02
2.116860677465163292e+02
1.889052478916059954e+02
1.842367173517168339e+02
1.436726782759272965e+02
9.367941443511703881e+01
1.172613599524078865e+02
1.479908266710524742e+02
1.734531959876569260e+02
2.197203561479115024e+02
2.070539070349816200e+02
2.162338886475997413e+02
1.845023400928305932e+02
1.352533710688074393e+02
1.166218203420978625e+02
1.465695642926784785e+02
1.721998467638343300e+02
2.204396903017484703e+02
2.136989300940835506e+02
2.313173000721124311e+02
2.067290075171397916e+02
1.596179177855681814e+02
1.384709040835383007e+02
9.339368340830846194e+01
1.161493029386057430e+02
1.455137993532077587e+02
1.712015808416929303e+02
2.207263293641484552e+02
2.184085114697950019e+02
2.430894622392860072e+02
2.257224024311340429e+02
1.821803834996488547e+02
1.646662815682039138e+02
1.128972387144461464e+02
1.047532175656747029e+02
1.158497575650313678e+02
1.449042786535743232e+02
1.708251200856727507e+02
2.217028166887196790e+02
2.231312659142488428e+02
2.544411058505834262e+02
2.445694276612320266e+02
2.059966973982431853e+02
1.944552147156191211e+02
1.380057377393076479e+02
1.335526857255409539e+02
9.597640371673395521e+01
1.156101610705302392e+02
1.444071006933232582e+02
1.704611769958104617e+02
2.222700517069882835e+02
2.265335643964414203e+02
2.631563814135782309e+02
2.599854965225021601e+02
2.268743845078254537e+02
1.634369630092601255e+02
1.650980395975532815e+02
1.194858386414391447e+02
7.899177880891697612e+01
1.153830185147310488e+02
1.438919870697257863e+02
1.698989355617487149e+02
2.221023929243874591e+02
2.283003598880266054e+02
2.686727026683821009e+02
2.708521914019680139e+02
2.428675879246209774e+02
1.857848558433674953e+02
1.948191194784391769e+02
1.447631685006846283e+02
9.639131516702745728e+01
7.245696131149057351e+01
1.694054809590104185e+02
2.218492999324514869e+02
2.295044205113466376e+02
2.727756083998485224e+02
2.793671884390454920e+02
2.560326807240376752e+02
2.233841499806075603e+02
1.706521670477621058e+02
1.159291892838053570e+02
8.800421768570360825e+01
7.034236728068721334e+01
1.150407534466275763e+02
1.431053671676580166e+02
1.689786717676844034e+02
2.215734227828073699e+02
2.303535692182446155e+02
2.759099564915489964e+02
2.861575053260428376e+02
2.669695647509181526e+02
2.507566554036677644e+02
1.971191251352919380e+02
1.374218074519321249e+02
1.068808768563175420e+02
8.766534743034354449e+01
1.149210935181708209e+02
1.428374994057607807e+02
1.686814977118997660e+02
2.214505282578245726e+02
2.311861987948289539e+02
2.787173788276587629e+02
2.921459742380308739e+02
2.767165217026564505e+02
2.985454802977092754e+02
2.423583735478698884e+02
2.779100821442123106e+02
2.248935077562222489e+02
1.616592267693950475e+02
1.299429899005906464e+02
1.113118564448548256e+02
8.120937819867177154e+01
1.148070656980672055e+02
1.425686235623540483e+02
1.683330658670349465e+02
2.211211942443334522e+02
2.315184535072307312e+02
2.804217942572693119e+02
2.962591558829034852e+02
2.838781471303151420e+02
3.003447226109461212e+02
2.485973640276024526e+02
1.828824015697613277e+02
1.503658039752500315e+02
1.319692651823153824e+02
9.933744378845761958e+01
7.818094770704911411e+01
5.896488728166372084e+01
1.147183991286800335e+02
1.423656993154623365e+02
1.680868662096846435e+02
2.209354837596245886e+02
2.319155137764278720e+02
2.820362001111103041e+02
2.999742554157841710e+02
2.902882176829197647e+02
3.215582226660396259e+02
2.717220763448664229e+02
2.043431210412248333e+02
1.718403458197488192e+02
1.546268085125880134e+02
1.201884127625599774e+02
5.129798547902382211e+01
1.146506630458224407e+02
1.422175597753511056e+02
1.679273894825393256e+02
2.208774132404475665e+02
2.323880957903240301e+02
2.836241355925354242e+02
3.034360678762374164e+02
2.961643255769014900e+02
2.815000104391882019e+02
3.418014900635070035e+02
2.944098273791767610e+02
2.261119523515102117e+02
1.944614782704148297e+02
1.795140572965674437e+02
1.442467598933020838e+02
6.772377660875949346e+01
4.805409905990829600e+01
1.145937612419125031e+02
1.420943257037106093e+02
1.677972352584109217e+02
2.208369220161416990e+02
2.327963691954501542e+02
2.849783233909125784e+02
3.063877813602325091e+02
3.012088701732245113e+02
2.922319564777384926e+02
3.600851370654125390e+02
3.154184192167774086e+02
2.468366030393442543e+02
2.166364495954657627e+02
2.046633114507187372e+02
1.693964682806483495e+02
8.977398366071491864e+01
6.597735213290924605e+01
5.096173911282656377e+01
1.145498625890650146e+02
1.420042656487756290e+02
1.677177299722998498e+02
2.208665883866359820e+02
2.332346959282494652e+02
2.862792710769214750e+02
3.091107179250433887e+02
3.057911260504671986e+02
3.770270851822638747e+02
3.352372204796374717e+02
2.668191709428693912e+02
2.385398745119910302e+02
2.301268464864031671e+02
1.955086467881040733e+02
1.155785729658483802e+02
8.945811858329811628e+01
7.193674353217285500e+01
1.144294357429023563e+02
1.416687190373600345e+02
1.671106312489248182e+02
2.197632620365849050e+02
2.319426257491716683e+02
2.845726758700727146e+02
3.074478670251820063e+02
3.047100882722068036e+02
3.026546652372080644e+02
3.797729461643268678e+02
3.396146680118404788e+02
2.718456502049556320e+02
2.441083920701882448e+02
2.363726684412095551e+02
2.019910164497911467e+02
1.188331538429824974e+02
8.998852795860459253e+01
6.778726991327688722e+01
5.037478229781481076e+01
3.199824180656990080e+01
1.736650934764217311e+02
1.144096474317222771e+02
1.416423636365352650e+02
1.671354794114124900e+02
2.199560309548864439e+02
2.325091465822655152e+02
2.859253519815624713e+02
3.099911362618281601e+02
3.087532394915971281e+02
3.943174386745000106e+02
3.568532404966410354e+02
2.895754732109450060e+02
2.639846552163949127e+02
2.599710274196219757e+02
2.266550790180177728e+02
1.439122583415124836e+02
1.127904356433871129e+02
8.807698904867673662e+01
6.881207690211009265e+01
4.715816744933322013e+01
1.143855692086628295e+02
1.415984592897947607e+02
1.671138339010807670e+02
2.200334944010922982e+02
2.328682982116499147e+02
2.868758684635077998e+02
3.118850296608089820e+02
3.118808811744336253e+02
4.063386697651614554e+02
3.713907256172627740e+02
3.048254344957534272e+02
2.814063903260014285e+02
2.810502630222454741e+02
2.491485573902247381e+02
1.681316055408626937e+02
1.352861445520748305e+02
1.086205540863694523e+02
8.810173809391204713e+01
6.382370598492044422e+01
1.014023694744128363e+02
1.081192031189133331e+02
1.381281149573660514e+02
1.883666874388719066e+02
2.062225431904768129e+02
2.593099052756316496e+02
2.871981704666020505e+02
2.921552682349307020e+02
3.422131264209371011e+02
3.645857965136705729e+02
3.018755024644951277e+02
2.805291625128597275e+02
2.815746098864216833e+02
2.507462831840526576e+02
2.243600265611458724e+02
1.366744567475759027e+02
1.095593569453453995e+02
8.871806959148189264e+01
6.416893484408615222e+01
1.017480842919342763e+02
3.255312490695573757e+01
1.077940192838606919e+02
1.533452826780660985e+02
1.763165509428406494e+02
2.277256881085397993e+02
2.583095119945045326e+02
2.685281291903652345e+02
3.197341727878061306e+02
2.891290620674096772e+02
2.969014926107064412e+02
2.781982909959240828e+02
2.810302177518157691e+02
2.517228163691728184e+02
2.259697448132348256e+02
1.905256251527178790e+02
1.105400180225164206e+02
8.936996827124087872e+01
6.453751742782915812e+01
1.021188211521771052e+02
1.105010908088560768e+02
1.393815033907349061e+02
1.889127128216493361e+02
2.223740930129749529e+02
2.385132717564939924e+02
2.905271285605471121e+02
2.676752476541980172e+02
3.577441793948873396e+02
2.732312615064955139e+02
2.784132195673685715e+02
2.513329749457587639e+02
2.267226590302244915e+02
1.917604170998334894e+02
1.733392825631761696e+02
9.001676240825112529e+01
6.491065401505491650e+01
1.024982874503735815e+02
1.394249620571307275e+02
9.869110548730756705e+01
1.453643605940474970e+02
1.813671103646644553e+02
2.034247858001739644e+02
2.554994598554013976e+02
2.412670188603553072e+02
3.300661005594550375e+02
3.199918747837330670e+02
2.734366025062838617e+02
2.493474569799859637e+02
2.264562963862017853e+02
1.924263721319352101e+02
1.746110537298025633e+02
1.406296951575038463e+02
6.529007662562287351e+01
1.028890887022694614e+02
1.162215265712945182e+02
1.496482181250646590e+02
1.748951041115719249e+02
2.253687248441376028e+02
2.176354814554851771e+02
3.048442472618413035e+02
3.017168514711132730e+02
2.652344965593890151e+02
2.482986287529841434e+02
2.270890446084918324e+02
1.938751490439469478e+02
1.766322224010320383e+02
1.423963592990341738e+02
1.136762391117949278e+02
1.034056941402640888e+02
1.074776823911243042e+02
1.375553869341743223e+02
1.858994452903644685e+02
1.861755183720838716e+02
2.698868344239739940e+02
2.749432232454751670e+02
2.477275257809081666e+02
2.461326001915890345e+02
1.113469479820303718e+02
1.533807091199791159e+02
1.582756313867072890e+02
2.374683094221140891e+02
2.493218742889832242e+02
2.306444277483948326e+02
2.339520960631774358e+02
2.520633702908183693e+02
1.944271267530425860e+02
1.795518039900254621e+02
1.455753073320215378e+02
1.162032381522790985e+02
9.337768741832928754e+01
6.690203198595591516e+01
1.174356911729917101e+02
1.268661978857856951e+02
2.000617273874971715e+02
2.186062407837362684e+02
2.092116252421190552e+02
2.178240217714433413e+02
2.397352515394686918e+02
2.327460061798665265e+02
1.807869666686931396e+02
1.472708283298997571e+02
1.176540541916090632e+02
9.447403497212584966e+01
6.757401969656929452e+01
1.052403817526978997e+02
9.000819995662527617e+01
1.546030968795545846e+02
1.799374313911061734e+02
1.808275720051658197e+02
1.951861082881804919e+02
2.211191784008756258e+02
2.206661260955804948e+02
2.138694775678666531e+02
1.481979766852423950e+02
1.187660487172395989e+02
9.544141412157405568e+01
6.821388930771338721e+01
1.059278988797535135e+02
1.171112892724750196e+02
1.453565989411328019e+02
1.542624384645216082e+02
1.728751865507021250e+02
2.017737082031909210e+02
2.076258479537613084e+02
2.060233667918392086e+02
1.873356486753185379e+02
1.202185653476980178e+02
9.669244229860260020e+01
6.903553556261876167e+01
1.068038543144144228e+02
1.042194635200652755e+02
1.207644359810639543e+02
1.431799224821337759e+02
1.742100713063448154e+02
1.869276395250044231e+02
1.917313393545234703e+02
1.792239475353863725e+02
1.767393502903555316e+02
9.754433318737227410e+01
6.971675425673916493e+01
1.075876274321665562e+02
3.324855408656835465e+01
1.002848348043144284e+02
1.219637032862066803e+02
1.520383762124077123e+02
1.693749607870037437e+02
1.791829727168360193e+02
1.721988014006219885e+02
1.744965848738168859e+02
1.495278443650651354e+02
7.083363546592829607e+01
1.088074346956124288e+02
3.339564669588718715e+01
9.682075369193104564e+01
1.234533235087996843e+02
1.446979898713030082e+02
1.596418541913494948e+02
1.594491627185588243e+02
1.678900244840912137e+02
1.476968595875358972e+02
1.226848922225095464e+02
1.100014378732703335e+02
3.354400553646188143e+01
8.833131172295104250e+01
1.119318495775650035e+02
1.315938224942286752e+02
1.389730069623313966e+02
1.545814262793585669e+02
1.415707958252574485e+02
1.207720636121352129e+02
1.003323864039421949e+02
1.109807135251427184e+02
3.367522567720742899e+01
8.084445823545334520e+01
1.018212021435971764e+02
1.149847917771015204e+02
1.370655441990474230e+02
1.322988989896969372e+02
1.171372142829614802e+02
9.974197635370548198e+01
7.304441850522584900e+01
7.550134295295693221e+01
9.092019972220809620e+01
1.175279176226366644e+02
1.207116861505060967e+02
1.120483417132155211e+02
9.867069324634289273e+01
7.366256039397352140e+01
1.132878415102376977e+02
6.345116714214436371e+01
1.036181330503405746e+02
1.029899985809228724e+02
9.558343783452103537e+01
7.373284111146620035e+01
7.153203796877920695e+01
8.469958960371084800e+01
9.068236705641261608e+01
9.025921370338073757e+01
7.318947771827323834e+01
1.155370805658349411e+02
6.461423525377620081e+01
7.421806911057218770e+01
8.109430692314990097e+01
7.115263244877326088e+01
1.160413951719937558e+02
3.467560639144460310e+01
5.467747113354312916e+01
6.720517773664678884e+01
6.671917752695202353e+01
1.154645689594431559e+02
3.493457993502307346e+01
5.009080802809274502e+01
5.841621254547558095e+01
1.118873232684683927e+02
3.512110094331519150e+01
4.808851252587378866e+01
1.029750841124535441e+02
3.517017507091333073e+01
8.385096472244866561e+01
3.470803614032224260e+01
3.125639999467532704e+01
