21
# x y z
20	0	0
20.25	0	0
20.5	0	0
20.75	0	0
21	0	0
21.25	0	0
21.5	0	0
21.75	0	0
22	0	0
22.25	0	0
22.5	0	0
22.75	0	0
23	0	0
23.25	0	0
23.5	0	0
23.75	0	0
24	0	0
24.25	0	0
24.5	0	0
24.75	0	0
25	0	0
600
# a b m n rhoa k err ip iperr
1	2	3	4	6.60536155653528e+01	-4.71272942104400e+00	3.00000000000000e-02	0.00000000000000e+00	0.00000000000000e+00
1	2	4	5	5.50986395893524e+01	-1.88217625903458e+01	3.00000000000000e-02	0.00000000000000e+00	0.00000000000000e+00
1	2	5	6	8.46417599010854e+01	-4.71103541001327e+01	3.00000000000000e-02	0.00000000000000e+00	0.00000000000000e+00
1	2	6	7	1.04588716760855e+02	-9.44376172794832e+01	3.00000000000000e-02	0.00000000000000e+00	0.00000000000000e+00
1	2	7	8	7.12239473214502e+01	-1.65426264484913e+02	3.00000000000000e-02	0.00000000000000e+00	0.00000000000000e+00
1	2	8	9	7.14525896946950e+01	-2.64520676640080e+02	3.00000000000000e-02	0.00000000000000e+00	0.00000000000000e+00
1	2	9	11	1.26657877735168e+02	-2.33137688528219e+02	3.00000000000000e-02	0.00000000000000e+00	0.00000000000000e+00
1	2	11	14	1.37476967459736e+02	-3.34248234775752e+02	3.00000000000000e-02	0.00000000000000e+00	0.00000000000000e+00
2	3	4	5	4.45825389291971e+01	-4.70925730740436e+00	3.00000000000000e-02	0.00000000000000e+00	0.00000000000000e+00
2	3	5	6	7.16444630469408e+01	-1.88244795074360e+01	3.00000000000000e-02	0.00000000000000e+00	0.00000000000000e+00
2	3	6	7	8.50960936617949e+01	-4.71031576958773e+01	3.00000000000000e-02	0.00000000000000e+00	0.00000000000000e+00
2	3	7	8	5.71899175451297e+01	-9.44624314244203e+01	3.00000000000000e-02	0.00000000000000e+00	0.00000000000000e+00
2	3	8	9	5.77311241796202e+01	-1.65420589862406e+02	3.00000000000000e-02	0.00000000000000e+00	0.00000000000000e+00
2	3	9	10	1.16930643630673e+02	-2.64526225416533e+02	3.00000000000000e-02	0.00000000000000e+00	0.00000000000000e+00
2	3	10	12	9.37259078570021e+01	-2.33148444548651e+02	3.00000000000000e-02	0.00000000000000e+00	0.00000000000000e+00
2	3	12	15	1.20731580755698e+02	-3.34247629471706e+02	3.00000000000000e-02	0.00000000000000e+00	0.00000000000000e+00
2	4	8	9	5.37046795743114e+01	-6.01234601835021e+01	3.00000000000000e-02	0.00000000000000e+00	0.00000000000000e+00
2	4	9	11	9.70582726983592e+01	-6.20038027663663e+01	3.00000000000000e-02	0.00000000000000e+00	0.00000000000000e+00
2	4	11	14	1.02561707925674e+02	-1.04260952936635e+02	3.00000000000000e-02	0.00000000000000e+00	0.00000000000000e+00
2	4	14	18	1.20336061778909e+02	-2.03014206362764e+02	3.00000000000000e-02	0.00000000000000e+00	0.00000000000000e+00
3	4	5	6	9.09346250086354e+01	-4.71537669803706e+00	3.00000000000000e-02	0.00000000000000e+00	0.00000000000000e+00
3	4	6	7	8.98348632123052e+01	-1.88208363457972e+01	3.00000000000000e-02	0.00000000000000e+00	0.00000000000000e+00
3	4	7	8	5.68007942134831e+01	-4.71227282794497e+01	3.00000000000000e-02	0.00000000000000e+00	0.00000000000000e+00
3	4	8	9	5.85696228144472e+01	-9.44532702691173e+01	3.00000000000000e-02	0.00000000000000e+00	0.00000000000000e+00
3	4	9	10	1.15979991462083e+02	-1.65421264381772e+02	3.00000000000000e-02	0.00000000000000e+00	0.00000000000000e+00
3	4	10	11	8.69551696476214e+01	-2.64536213440566e+02	3.00000000000000e-02	0.00000000000000e+00	0.00000000000000e+00
3	4	11	13	1.09870088022309e+02	-2.33147559607400e+02	3.00000000000000e-02	0.00000000000000e+00	0.00000000000000e+00
3	4	13	16	1.25462277692844e+02	-3.34248760357751e+02	3.00000000000000e-02	0.00000000000000e+00	0.00000000000000e+00
2	5	10	11	6.95454954789405e+01	-8.09880547737608e+01	3.00000000000000e-02	0.00000000000000e+00	0.00000000000000e+00
2	5	11	13	9.02493299407047e+01	-7.32924002247147e+01	3.00000000000000e-02	0.00000000000000e+00	0.00000000000000e+00
2	5	13	16	1.04204258784301e+02	-1.07552807905635e+02	3.00000000000000e-02	0.00000000000000e+00	0.00000000000000e+00
2	5	16	20	1.38758878071378e+02	-1.87689795429694e+02	3.00000000000000e-02	0.00000000000000e+00	0.00000000000000e+00
3	5	9	10	8.55611834350096e+01	-6.01226774002077e+01	3.00000000000000e-02	0.00000000000000e+00	0.00000000000000e+00
3	5	10	12	6.98775790564184e+01	-6.20059266661506e+01	3.00000000000000e-02	0.00000000000000e+00	0.00000000000000e+00
3	5	12	15	9.01849336426150e+01	-1.04257869365279e+02	3.00000000000000e-02	0.00000000000000e+00	0.00000000000000e+00
3	5	15	19	1.14132796658309e+02	-2.03012827681337e+02	3.00000000000000e-02	0.00000000000000e+00	0.00000000000000e+00
4	5	6	7	4.52213392917683e+01	-4.70851581937080e+00	3.00000000000000e-02	0.00000000000000e+00	0.00000000000000e+00
4	5	7	8	3.13935406508148e+01	-1.88337136751385e+01	3.00000000000000e-02	0.00000000000000e+00	0.00000000000000e+00
4	5	8	9	3.61076211952943e+01	-4.71094733924113e+01	3.00000000000000e-02	0.00000000000000e+00	0.00000000000000e+00
4	5	9	10	7.20606307754641e+01	-9.44511184684846e+01	3.00000000000000e-02	0.00000000000000e+00	0.00000000000000e+00
4	5	10	11	5.50030632376136e+01	-1.65426726771211e+02	3.00000000000000e-02	0.00000000000000e+00	0.00000000000000e+00
4	5	11	12	6.62981386958198e+01	-2.64544948748742e+02	3.00000000000000e-02	0.00000000000000e+00	0.00000000000000e+00
4	5	12	14	7.61540348382787e+01	-2.33138632340963e+02	3.00000000000000e-02	0.00000000000000e+00	0.00000000000000e+00
4	5	14	17	8.46702391704446e+01	-3.34243539452013e+02	3.00000000000000e-02	0.00000000000000e+00	0.00000000000000e+00
3	6	11	12	7.86096199829460e+01	-8.09945865793619e+01	3.00000000000000e-02	0.00000000000000e+00	0.00000000000000e+00
3	6	12	14	9.39945085257940e+01	-7.32912080701407e+01	3.00000000000000e-02	0.00000000000000e+00	0.00000000000000e+00
3	6	14	17	1.04641457184476e+02	-1.07552582947105e+02	3.00000000000000e-02	0.00000000000000e+00	0.00000000000000e+00
4	6	10	11	6.62801480452518e+01	-6.01300468531152e+01	3.00000000000000e-02	0.00000000000000e+00	0.00000000000000e+00
4	6	11	13	8.42526890973649e+01	-6.20079552360017e+01	3.00000000000000e-02	0.00000000000000e+00	0.00000000000000e+00
4	6	13	16	9.76664191960292e+01	-1.04260254747265e+02	3.00000000000000e-02	0.00000000000000e+00	0.00000000000000e+00
4	6	16	20	1.30378395676981e+02	-2.03013625774827e+02	3.00000000000000e-02	0.00000000000000e+00	0.00000000000000e+00
5	6	7	8	3.48487254288791e+01	-4.73960145482921e+00	3.00000000000000e-02	0.00000000000000e+00	0.00000000000000e+00
5	6	8	9	4.41755028789957e+01	-1.88298968380608e+01	3.00000000000000e-02	0.00000000000000e+00	0.00000000000000e+00
5	6	9	10	9.70448940391645e+01	-4.71187786049410e+01	3.00000000000000e-02	0.00000000000000e+00	0.00000000000000e+00
5	6	10	11	7.28748000597011e+01	-9.44675258445725e+01	3.00000000000000e-02	0.00000000000000e+00	0.00000000000000e+00
5	6	11	12	8.34284282501587e+01	-1.65448230267817e+02	3.00000000000000e-02	0.00000000000000e+00	0.00000000000000e+00
5	6	12	13	1.06500262579907e+02	-2.64532517747001e+02	3.00000000000000e-02	0.00000000000000e+00	0.00000000000000e+00
5	6	13	15	9.78148291300523e+01	-2.33149469844262e+02	3.00000000000000e-02	0.00000000000000e+00	0.00000000000000e+00
5	6	15	18	1.23293179468871e+02	-3.34249238121354e+02	3.00000000000000e-02	0.00000000000000e+00	0.00000000000000e+00
2	7	13	14	1.06041459896116e+02	-9.69052343971522e+01	3.00000000000000e-02	0.00000000000000e+00	0.00000000000000e+00
2	7	14	16	1.32995432855023e+02	-7.92214780108312e+01	3.00000000000000e-02	0.00000000000000e+00	0.00000000000000e+00
2	7	16	19	1.31621612725147e+02	-1.03541230903986e+02	3.00000000000000e-02	0.00000000000000e+00	0.00000000000000e+00
4	7	12	13	1.21618104957708e+02	-8.09815587679508e+01	3.00000000000000e-02	0.00000000000000e+00	0.00000000000000e+00
4	7	13	15	1.08209421446787e+02	-7.32902715613717e+01	3.00000000000000e-02	0.00000000000000e+00	0.00000000000000e+00
4	7	15	18	1.32502764143717e+02	-1.07550944921848e+02	3.00000000000000e-02	0.00000000000000e+00	0.00000000000000e+00
5	7	11	12	1.06717592105709e+02	-6.01283458729622e+01	3.00000000000000e-02	0.00000000000000e+00	0.00000000000000e+00
5	7	12	14	1.26233397282194e+02	-6.20012953379668e+01	3.00000000000000e-02	0.00000000000000e+00	0.00000000000000e+00
5	7	14	17	1.39134595776519e+02	-1.04256594614263e+02	3.00000000000000e-02	0.00000000000000e+00	0.00000000000000e+00
6	7	8	9	8.51399839140674e+01	-4.70134700818166e+00	3.00000000000000e-02	0.00000000000000e+00	0.00000000000000e+00
6	7	9	10	1.61766341946746e+02	-1.88153343088108e+01	3.00000000000000e-02	0.00000000000000e+00	0.00000000000000e+00
6	7	10	11	1.11603740011754e+02	-4.71062852754543e+01	3.00000000000000e-02	0.00000000000000e+00	0.00000000000000e+00
6	7	11	12	1.26780213582228e+02	-9.44563172545486e+01	3.00000000000000e-02	0.00000000000000e+00	0.00000000000000e+00
6	7	12	13	1.56940447323408e+02	-1.65404353496160e+02	3.00000000000000e-02	0.00000000000000e+00	0.00000000000000e+00
6	7	13	14	1.37918102175409e+02	-2.64522573866545e+02	3.00000000000000e-02	0.00000000000000e+00	0.00000000000000e+00
6	7	14	16	1.72610563739985e+02	-2.33131186667745e+02	3.00000000000000e-02	0.00000000000000e+00	0.00000000000000e+00
6	7	16	19	1.74573679904922e+02	-3.34237045222469e+02	3.00000000000000e-02	0.00000000000000e+00	0.00000000000000e+00
3	8	14	15	9.69378895973545e+01	-9.69049419171026e+01	3.00000000000000e-02	0.00000000000000e+00	0.00000000000000e+00
3	8	15	17	1.20610957898902e+02	-7.92226623876972e+01	3.00000000000000e-02	0.00000000000000e+00	0.00000000000000e+00
3	8	17	20	1.68183930533927e+02	-1.03541768833490e+02	3.00000000000000e-02	0.00000000000000e+00	0.00000000000000e+00
5	8	13	14	9.41377850010488e+01	-8.09905835701125e+01	3.00000000000000e-02	0.00000000000000e+00	0.00000000000000e+00
5	8	14	16	1.20528544975017e+02	-7.32910180326278e+01	3.00000000000000e-02	0.00000000000000e+00	0.00000000000000e+00
5	8	16	19	1.23287398613723e+02	-1.07552471965212e+02	3.00000000000000e-02	0.00000000000000e+00	0.00000000000000e+00
6	8	12	13	1.07299620134197e+02	-6.01229471746579e+01	3.00000000000000e-02	0.00000000000000e+00	0.00000000000000e+00
6	8	13	15	9.74906141366392e+01	-6.20058858070059e+01	3.00000000000000e-02	0.00000000000000e+00	0.00000000000000e+00
6	8	15	18	1.23772949145548e+02	-1.04258824890747e+02	3.00000000000000e-02	0.00000000000000e+00	0.00000000000000e+00
7	8	9	10	9.97524310549575e+01	-4.71868036532611e+00	3.00000000000000e-02	0.00000000000000e+00	0.00000000000000e+00
7	8	10	11	6.27280656751353e+01	-1.88327325793008e+01	3.00000000000000e-02	0.00000000000000e+00	0.00000000000000e+00
7	8	11	12	7.24114875563993e+01	-4.71293949366062e+01	3.00000000000000e-02	0.00000000000000e+00	0.00000000000000e+00
7	8	12	13	8.88340664654352e+01	-9.44572983508585e+01	3.00000000000000e-02	0.00000000000000e+00	0.00000000000000e+00
7	8	13	14	7.71732769735358e+01	-1.65440674711902e+02	3.00000000000000e-02	0.00000000000000e+00	0.00000000000000e+00
7	8	14	15	8.32102619288608e+01	-2.64539995386574e+02	3.00000000000000e-02	0.00000000000000e+00	0.00000000000000e+00
7	8	15	17	1.01804169294596e+02	-2.33148217782196e+02	3.00000000000000e-02	0.00000000000000e+00	0.00000000000000e+00
7	8	17	20	1.44269641236401e+02	-3.34250745993361e+02	3.00000000000000e-02	0.00000000000000e+00	0.00000000000000e+00
2	9	16	17	8.30480462641155e+01	-1.20043026086470e+02	3.00000000000000e-02	0.00000000000000e+00	0.00000000000000e+00
2	9	17	19	1.23828052725780e+02	-9.15826999133048e+01	3.00000000000000e-02	0.00000000000000e+00	0.00000000000000e+00
4	9	15	16	1.21791769459194e+02	-9.69047035050317e+01	3.00000000000000e-02	0.00000000000000e+00	0.00000000000000e+00
4	9	16	18	8.50861143595582e+01	-7.92228325244254e+01	3.00000000000000e-02	0.00000000000000e+00	0.00000000000000e+00
6	9	14	15	7.88553187155717e+01	-8.09865610563301e+01	3.00000000000000e-02	0.00000000000000e+00	0.00000000000000e+00
6	9	15	17	1.02252476179882e+02	-7.32908599586296e+01	3.00000000000000e-02	0.00000000000000e+00	0.00000000000000e+00
6	9	17	20	1.45962969606826e+02	-1.07551888240584e+02	3.00000000000000e-02	0.00000000000000e+00	0.00000000000000e+00
7	9	13	14	5.91093454057300e+01	-6.01299307198378e+01	3.00000000000000e-02	0.00000000000000e+00	0.00000000000000e+00
7	9	14	16	7.63736434388850e+01	-6.20046791034512e+01	3.00000000000000e-02	0.00000000000000e+00	0.00000000000000e+00
7	9	16	19	8.03020318206082e+01	-1.04259512395413e+02	3.00000000000000e-02	0.00000000000000e+00	0.00000000000000e+00
8	9	10	11	3.17907204819630e+01	-4.72230118685614e+00	3.00000000000000e-02	0.00000000000000e+00	0.00000000000000e+00
8	9	11	12	4.15846916166397e+01	-1.88356086080705e+01	3.00000000000000e-02	0.00000000000000e+00	0.00000000000000e+00
8	9	12	13	5.60088907224377e+01	-4.71090491559042e+01	3.00000000000000e-02	0.00000000000000e+00	0.00000000000000e+00
8	9	13	14	5.13508636608203e+01	-9.44626913795189e+01	3.00000000000000e-02	0.00000000000000e+00	0.00000000000000e+00
8	9	14	15	5.48938527199141e+01	-1.65423648647575e+02	3.00000000000000e-02	0.00000000000000e+00	0.00000000000000e+00
8	9	15	16	8.40138123960376e+01	-2.64530448733730e+02	3.00000000000000e-02	0.00000000000000e+00	0.00000000000000e+00
8	9	16	18	5.89517685204880e+01	-2.33142719088212e+02	3.00000000000000e-02	0.00000000000000e+00	0.00000000000000e+00
8	9	18	21	1.15029722182796e+02	-3.34237154612432e+02	3.00000000000000e-02	0.00000000000000e+00	0.00000000000000e+00
3	10	17	18	9.90990093484185e+01	-1.20042311217247e+02	3.00000000000000e-02	0.00000000000000e+00	0.00000000000000e+00
3	10	18	20	1.97737378019599e+02	-9.15815454392021e+01	3.00000000000000e-02	0.00000000000000e+00	0.00000000000000e+00
5	10	16	17	8.49849928606433e+01	-9.69042107875066e+01	3.00000000000000e-02	0.00000000000000e+00	0.00000000000000e+00
5	10	17	19	1.25673488523419e+02	-7.92217912335988e+01	3.00000000000000e-02	0.00000000000000e+00	0.00000000000000e+00
7	10	15	16	1.13169467257250e+02	-8.09857358360166e+01	3.00000000000000e-02	0.00000000000000e+00	0.00000000000000e+00
7	10	16	18	8.06409145370802e+01	-7.32906002391008e+01	3.00000000000000e-02	0.00000000000000e+00	0.00000000000000e+00
8	10	14	15	7.70664920465796e+01	-6.01222408951106e+01	3.00000000000000e-02	0.00000000000000e+00	0.00000000000000e+00
8	10	15	17	9.84506979180315e+01	-6.20029083018639e+01	3.00000000000000e-02	0.00000000000000e+00	0.00000000000000e+00
8	10	17	20	1.38976574937553e+02	-1.04256931582086e+02	3.00000000000000e-02	0.00000000000000e+00	0.00000000000000e+00
9	10	11	12	7.18766142255668e+01	-4.72514967133858e+00	3.00000000000000e-02	0.00000000000000e+00	0.00000000000000e+00
9	10	12	13	9.25478742915153e+01	-1.88180019096014e+01	3.00000000000000e-02	0.00000000000000e+00	0.00000000000000e+00
9	10	13	14	8.16942456621436e+01	-4.71156205697779e+01	3.00000000000000e-02	0.00000000000000e+00	0.00000000000000e+00
9	10	14	15	9.06837606822453e+01	-9.44492639368809e+01	3.00000000000000e-02	0.00000000000000e+00	0.00000000000000e+00
9	10	15	16	1.32564467536686e+02	-1.65418583179042e+02	3.00000000000000e-02	0.00000000000000e+00	0.00000000000000e+00
9	10	16	17	9.01350410728488e+01	-2.64524997058924e+02	3.00000000000000e-02	0.00000000000000e+00	0.00000000000000e+00
9	10	17	19	1.37135487599632e+02	-2.33135994124032e+02	3.00000000000000e-02	0.00000000000000e+00	0.00000000000000e+00
4	11	18	19	1.47351279247484e+02	-1.20039819512093e+02	3.00000000000000e-02	0.00000000000000e+00	0.00000000000000e+00
6	11	17	18	8.92864119728340e+01	-9.69039332626800e+01	3.00000000000000e-02	0.00000000000000e+00	0.00000000000000e+00
6	11	18	20	1.80303453320767e+02	-7.92208357443746e+01	3.00000000000000e-02	0.00000000000000e+00	0.00000000000000e+00
8	11	16	17	6.97807019251498e+01	-8.09855368634260e+01	3.00000000000000e-02	0.00000000000000e+00	0.00000000000000e+00
8	11	17	19	1.04668939515374e+02	-7.32893649978813e+01	3.00000000000000e-02	0.00000000000000e+00	0.00000000000000e+00
9	11	15	16	1.07158403362204e+02	-6.01223130054897e+01	3.00000000000000e-02	0.00000000000000e+00	0.00000000000000e+00
9	11	16	18	7.84609809282848e+01	-6.20029246177494e+01	3.00000000000000e-02	0.00000000000000e+00	0.00000000000000e+00
10	11	12	13	7.06737534761638e+01	-4.70255466013013e+00	3.00000000000000e-02	0.00000000000000e+00	0.00000000000000e+00
10	11	13	14	6.06100446066292e+01	-1.88265617420161e+01	3.00000000000000e-02	0.00000000000000e+00	0.00000000000000e+00
10	11	14	15	6.52031920212925e+01	-4.71066871035809e+01	3.00000000000000e-02	0.00000000000000e+00	0.00000000000000e+00
10	11	15	16	9.25223074912603e+01	-9.44510932668629e+01	3.00000000000000e-02	0.00000000000000e+00	0.00000000000000e+00
10	11	16	17	6.31114676340432e+01	-1.65421558648569e+02	3.00000000000000e-02	0.00000000000000e+00	0.00000000000000e+00
10	11	17	18	7.52610912267406e+01	-2.64526948693695e+02	3.00000000000000e-02	0.00000000000000e+00	0.00000000000000e+00
10	11	18	20	1.49400002494932e+02	-2.33134792940623e+02	3.00000000000000e-02	0.00000000000000e+00	0.00000000000000e+00
5	12	19	20	2.16512251160755e+02	-1.20041832716482e+02	3.00000000000000e-02	0.00000000000000e+00	0.00000000000000e+00
7	12	18	19	1.33706123189448e+02	-9.69032412102191e+01	3.00000000000000e-02	0.00000000000000e+00	0.00000000000000e+00
9	12	17	18	8.22101854746703e+01	-8.09880754166333e+01	3.00000000000000e-02	0.00000000000000e+00	0.00000000000000e+00
9	12	18	20	1.63345349336750e+02	-7.32897886433489e+01	3.00000000000000e-02	0.00000000000000e+00	0.00000000000000e+00
10	12	16	17	6.32699367983655e+01	-6.01276650242008e+01	3.00000000000000e-02	0.00000000000000e+00	0.00000000000000e+00
10	12	17	19	9.34385798400753e+01	-6.20046848224739e+01	3.00000000000000e-02	0.00000000000000e+00	0.00000000000000e+00
11	12	13	14	6.43507167833610e+01	-4.73201829423935e+00	3.00000000000000e-02	0.00000000000000e+00	0.00000000000000e+00
11	12	14	15	6.82469306922171e+01	-1.88271030591534e+01	3.00000000000000e-02	0.00000000000000e+00	0.00000000000000e+00
11	12	15	16	9.74778905957797e+01	-4.71183109913426e+01	3.00000000000000e-02	0.00000000000000e+00	0.00000000000000e+00
11	12	16	17	6.46204763831910e+01	-9.44633323342167e+01	3.00000000000000e-02	0.00000000000000e+00	0.00000000000000e+00
11	12	17	18	7.59080489087462e+01	-1.65432878006181e+02	3.00000000000000e-02	0.00000000000000e+00	0.00000000000000e+00
11	12	18	19	1.26488044958774e+02	-2.64531348272801e+02	3.00000000000000e-02	0.00000000000000e+00	0.00000000000000e+00
11	12	19	21	1.42992869962333e+02	-2.33133453485654e+02	3.00000000000000e-02	0.00000000000000e+00	0.00000000000000e+00
8	13	19	20	2.08654910129102e+02	-9.69023151650306e+01	3.00000000000000e-02	0.00000000000000e+00	0.00000000000000e+00
10	13	18	19	1.35066355206269e+02	-8.09823156796290e+01	3.00000000000000e-02	0.00000000000000e+00	0.00000000000000e+00
11	13	17	18	8.30815878803516e+01	-6.01230138222046e+01	3.00000000000000e-02	0.00000000000000e+00	0.00000000000000e+00
11	13	18	20	1.63966288519940e+02	-6.20011149335960e+01	3.00000000000000e-02	0.00000000000000e+00	0.00000000000000e+00
12	13	14	15	7.70444004939310e+01	-4.70296240982115e+00	3.00000000000000e-02	0.00000000000000e+00	0.00000000000000e+00
12	13	15	16	1.08428783466726e+02	-1.88187894029616e+01	3.00000000000000e-02	0.00000000000000e+00	0.00000000000000e+00
12	13	16	17	7.33037279176173e+01	-4.71076402506393e+01	3.00000000000000e-02	0.00000000000000e+00	0.00000000000000e+00
12	13	17	18	8.87178984406944e+01	-9.44481629340672e+01	3.00000000000000e-02	0.00000000000000e+00	0.00000000000000e+00
12	13	18	19	1.46897049758732e+02	-1.65408400031451e+02	3.00000000000000e-02	0.00000000000000e+00	0.00000000000000e+00
12	13	19	20	2.16688956708453e+02	-2.64516115563487e+02	3.00000000000000e-02	0.00000000000000e+00	0.00000000000000e+00
11	14	19	20	1.95784988161219e+02	-8.09878914899188e+01	3.00000000000000e-02	0.00000000000000e+00	0.00000000000000e+00
12	14	18	19	1.39128949611328e+02	-6.01246103566226e+01	3.00000000000000e-02	0.00000000000000e+00	0.00000000000000e+00
13	14	15	16	9.32398848267213e+01	-4.71768653083254e+00	3.00000000000000e-02	0.00000000000000e+00	0.00000000000000e+00
13	14	16	17	6.42786394104347e+01	-1.88317613725195e+01	3.00000000000000e-02	0.00000000000000e+00	0.00000000000000e+00
13	14	17	18	8.21069774942205e+01	-4.71218391991807e+01	3.00000000000000e-02	0.00000000000000e+00	0.00000000000000e+00
13	14	18	19	1.36797093443582e+02	-9.44600838582944e+01	3.00000000000000e-02	0.00000000000000e+00	0.00000000000000e+00
13	14	19	20	1.95384545352305e+02	-1.65434316663538e+02	3.00000000000000e-02	0.00000000000000e+00	0.00000000000000e+00
13	14	20	21	7.27454029695575e+01	-2.64496998431307e+02	3.00000000000000e-02	0.00000000000000e+00	0.00000000000000e+00
13	15	19	20	1.74648764755663e+02	-6.01268869632912e+01	3.00000000000000e-02	0.00000000000000e+00	0.00000000000000e+00
14	15	16	17	4.19331317574323e+01	-4.71696199461322e+00	3.00000000000000e-02	0.00000000000000e+00	0.00000000000000e+00
14	15	17	18	6.17440729820096e+01	-1.88283733413461e+01	3.00000000000000e-02	0.00000000000000e+00	0.00000000000000e+00
14	15	18	19	1.10673194548862e+02	-4.71114152805924e+01	3.00000000000000e-02	0.00000000000000e+00	0.00000000000000e+00
14	15	19	20	1.69947488365789e+02	-9.44572523153564e+01	3.00000000000000e-02	0.00000000000000e+00	0.00000000000000e+00
14	15	20	21	6.52213532181603e+01	-1.65390348672138e+02	3.00000000000000e-02	0.00000000000000e+00	0.00000000000000e+00
15	16	17	18	7.00851580462139e+01	-4.71896726633902e+00	3.00000000000000e-02	0.00000000000000e+00	0.00000000000000e+00
15	16	18	19	1.30145403411830e+02	-1.88218539945000e+01	3.00000000000000e-02	0.00000000000000e+00	0.00000000000000e+00
15	16	19	20	2.06468827806621e+02	-4.71118963077454e+01	3.00000000000000e-02	0.00000000000000e+00	0.00000000000000e+00
15	16	20	21	8.14265415530918e+01	-9.44251009498478e+01	3.00000000000000e-02	0.00000000000000e+00	0.00000000000000e+00
16	17	18	19	6.95138127896620e+01	-4.71040574553021e+00	3.00000000000000e-02	0.00000000000000e+00	0.00000000000000e+00
16	17	19	20	1.00732820731987e+02	-1.88248348424400e+01	3.00000000000000e-02	0.00000000000000e+00	0.00000000000000e+00
16	17	20	21	4.25291687506267e+01	-4.70926332866348e+01	3.00000000000000e-02	0.00000000000000e+00	0.00000000000000e+00
17	18	19	20	6.97877525723398e+01	-4.71927890371386e+00	3.00000000000000e-02	0.00000000000000e+00	0.00000000000000e+00
17	18	20	21	3.28130273040348e+01	-1.88185858997132e+01	3.00000000000000e-02	0.00000000000000e+00	0.00000000000000e+00
18	19	20	21	3.01320058926179e+01	-4.71480030991026e+00	3.00000000000000e-02	0.00000000000000e+00	0.00000000000000e+00
1	4	2	3	6.12950529651905e+01	1.57181311518988e+00	3.00000000000000e-02	0.00000000000000e+00	0.00000000000000e+00
2	5	3	4	7.74721447083828e+01	1.57116264659417e+00	3.00000000000000e-02	0.00000000000000e+00	0.00000000000000e+00
3	6	4	5	4.86847905791983e+01	1.56998079894737e+00	3.00000000000000e-02	0.00000000000000e+00	0.00000000000000e+00
4	7	5	6	6.82764778724518e+01	1.57410110161526e+00	3.00000000000000e-02	0.00000000000000e+00	0.00000000000000e+00
2	8	4	6	7.48669451678621e+01	3.14242191549332e+00	3.00000000000000e-02	0.00000000000000e+00	0.00000000000000e+00
5	8	6	7	8.47055329356860e+01	1.56892895523355e+00	3.00000000000000e-02	0.00000000000000e+00	0.00000000000000e+00
3	9	5	7	1.17428480087733e+02	3.14194116543989e+00	3.00000000000000e-02	0.00000000000000e+00	0.00000000000000e+00
6	9	7	8	6.49607799018240e+01	1.57457393941318e+00	3.00000000000000e-02	0.00000000000000e+00	0.00000000000000e+00
4	10	6	8	9.65931580739249e+01	3.14240590247848e+00	3.00000000000000e-02	0.00000000000000e+00	0.00000000000000e+00
7	10	8	9	5.62028755291283e+01	1.57068051503188e+00	3.00000000000000e-02	0.00000000000000e+00	0.00000000000000e+00
2	11	5	8	1.25147945625280e+02	4.71887791895689e+00	3.00000000000000e-02	0.00000000000000e+00	0.00000000000000e+00
2	11	6	7	1.65837384671338e+02	1.57351422458168e+01	3.00000000000000e-02	0.00000000000000e+00	0.00000000000000e+00
5	11	7	9	6.21849509677832e+01	3.14292397882224e+00	3.00000000000000e-02	0.00000000000000e+00	0.00000000000000e+00
8	11	9	10	9.67527281783764e+01	1.57271386969968e+00	3.00000000000000e-02	0.00000000000000e+00	0.00000000000000e+00
3	12	6	9	1.10759632859217e+02	4.71855702925962e+00	3.00000000000000e-02	0.00000000000000e+00	0.00000000000000e+00
3	12	7	8	1.01545337966158e+02	1.57366562318250e+01	3.00000000000000e-02	0.00000000000000e+00	0.00000000000000e+00
6	12	8	10	8.48272722833368e+01	3.14220469932089e+00	3.00000000000000e-02	0.00000000000000e+00	0.00000000000000e+00
9	12	10	11	6.03785588101541e+01	1.57076708256881e+00	3.00000000000000e-02	0.00000000000000e+00	0.00000000000000e+00
4	13	7	10	1.04380711999546e+02	4.71886003099226e+00	3.00000000000000e-02	0.00000000000000e+00	0.00000000000000e+00
4	13	8	9	8.26292377145323e+01	1.57361148814652e+01	3.00000000000000e-02	0.00000000000000e+00	0.00000000000000e+00
7	13	9	11	1.07474593139577e+02	3.14201748075101e+00	3.00000000000000e-02	0.00000000000000e+00	0.00000000000000e+00
10	13	11	12	7.15957052403295e+01	1.57442473403225e+00	3.00000000000000e-02	0.00000000000000e+00	0.00000000000000e+00
2	14	6	10	1.42117377431416e+02	6.29191525465265e+00	3.00000000000000e-02	0.00000000000000e+00	0.00000000000000e+00
2	14	7	9	1.09463145364663e+02	1.37631322314924e+01	3.00000000000000e-02	0.00000000000000e+00	0.00000000000000e+00
5	14	8	11	1.03855648875441e+02	4.71854507137365e+00	3.00000000000000e-02	0.00000000000000e+00	0.00000000000000e+00
5	14	9	10	1.43283787771145e+02	1.57355629665216e+01	3.00000000000000e-02	0.00000000000000e+00	0.00000000000000e+00
8	14	10	12	8.75603942380473e+01	3.14262313234588e+00	3.00000000000000e-02	0.00000000000000e+00	0.00000000000000e+00
11	14	12	13	8.45941805931750e+01	1.56846138544299e+00	3.00000000000000e-02	0.00000000000000e+00	0.00000000000000e+00
3	15	7	11	1.25862316275345e+02	6.29204616591902e+00	3.00000000000000e-02	0.00000000000000e+00	0.00000000000000e+00
3	15	8	10	1.39625183985055e+02	1.37628198820175e+01	3.00000000000000e-02	0.00000000000000e+00	0.00000000000000e+00
6	15	9	12	1.20140591139797e+02	4.71887190449957e+00	3.00000000000000e-02	0.00000000000000e+00	0.00000000000000e+00
6	15	10	11	1.06795524054567e+02	1.57362337627925e+01	3.00000000000000e-02	0.00000000000000e+00	0.00000000000000e+00
9	15	11	13	9.53744728853417e+01	3.14245568858765e+00	3.00000000000000e-02	0.00000000000000e+00	0.00000000000000e+00
12	15	13	14	8.01895330242090e+01	1.57355326102041e+00	3.00000000000000e-02	0.00000000000000e+00	0.00000000000000e+00
4	16	8	12	1.25324732531641e+02	6.29206555568813e+00	3.00000000000000e-02	0.00000000000000e+00	0.00000000000000e+00
4	16	9	11	1.47928634949714e+02	1.37628516755716e+01	3.00000000000000e-02	0.00000000000000e+00	0.00000000000000e+00
7	16	10	13	1.19820860065963e+02	4.71861994809488e+00	3.00000000000000e-02	0.00000000000000e+00	0.00000000000000e+00
7	16	11	12	1.19052147409199e+02	1.57367310765025e+01	3.00000000000000e-02	0.00000000000000e+00	0.00000000000000e+00
10	16	12	14	9.72686873881828e+01	3.14228124194577e+00	3.00000000000000e-02	0.00000000000000e+00	0.00000000000000e+00
13	16	14	15	6.86262974797666e+01	1.57019820113639e+00	3.00000000000000e-02	0.00000000000000e+00	0.00000000000000e+00
2	17	7	12	1.46570954623930e+02	7.86126645233927e+00	3.00000000000000e-02	0.00000000000000e+00	0.00000000000000e+00
2	17	8	11	1.55628603107873e+02	1.41467687581014e+01	3.00000000000000e-02	0.00000000000000e+00	0.00000000000000e+00
2	17	9	10	2.09205802272749e+02	4.40063614506444e+01	3.00000000000000e-02	0.00000000000000e+00	0.00000000000000e+00
5	17	9	13	1.41196845252401e+02	6.29197021730070e+00	3.00000000000000e-02	0.00000000000000e+00	0.00000000000000e+00
5	17	10	12	1.27387329437164e+02	1.37631667331661e+01	3.00000000000000e-02	0.00000000000000e+00	0.00000000000000e+00
8	17	11	14	1.25837199847705e+02	4.71899527293850e+00	3.00000000000000e-02	0.00000000000000e+00	0.00000000000000e+00
8	17	12	13	1.41423847211439e+02	1.57354232339230e+01	3.00000000000000e-02	0.00000000000000e+00	0.00000000000000e+00
11	17	13	15	9.13605889098140e+01	3.14245481752189e+00	3.00000000000000e-02	0.00000000000000e+00	0.00000000000000e+00
14	17	15	16	9.80970251826956e+01	1.57196694414934e+00	3.00000000000000e-02	0.00000000000000e+00	0.00000000000000e+00
3	18	8	13	1.59146443620781e+02	7.86114111944266e+00	3.00000000000000e-02	0.00000000000000e+00	0.00000000000000e+00
3	18	9	12	1.72478574563154e+02	1.41468647115448e+01	3.00000000000000e-02	0.00000000000000e+00	0.00000000000000e+00
3	18	10	11	1.50990143073087e+02	4.40067218311161e+01	3.00000000000000e-02	0.00000000000000e+00	0.00000000000000e+00
6	18	10	14	1.38707935033708e+02	6.29217877628017e+00	3.00000000000000e-02	0.00000000000000e+00	0.00000000000000e+00
6	18	11	13	1.49346999480695e+02	1.37630513837692e+01	3.00000000000000e-02	0.00000000000000e+00	0.00000000000000e+00
9	18	12	15	1.25165204246008e+02	4.71869243238585e+00	3.00000000000000e-02	0.00000000000000e+00	0.00000000000000e+00
9	18	13	14	1.25684270260371e+02	1.57367354470658e+01	3.00000000000000e-02	0.00000000000000e+00	0.00000000000000e+00
12	18	14	16	1.16423631988146e+02	3.14221951095359e+00	3.00000000000000e-02	0.00000000000000e+00	0.00000000000000e+00
15	18	16	17	6.22705227409002e+01	1.57103989355519e+00	3.00000000000000e-02	0.00000000000000e+00	0.00000000000000e+00
4	19	9	14	1.65655605337540e+02	7.86125953083371e+00	3.00000000000000e-02	0.00000000000000e+00	0.00000000000000e+00
4	19	10	13	1.61447010399853e+02	1.41468788138881e+01	3.00000000000000e-02	0.00000000000000e+00	0.00000000000000e+00
4	19	11	12	1.58453248199563e+02	4.40077010369339e+01	3.00000000000000e-02	0.00000000000000e+00	0.00000000000000e+00
7	19	11	15	1.45992724714795e+02	6.29211182910442e+00	3.00000000000000e-02	0.00000000000000e+00	0.00000000000000e+00
7	19	12	14	1.56687936699229e+02	1.37629063926664e+01	3.00000000000000e-02	0.00000000000000e+00	0.00000000000000e+00
10	19	13	16	1.35667313459264e+02	4.71876459827842e+00	3.00000000000000e-02	0.00000000000000e+00	0.00000000000000e+00
10	19	14	15	1.23241689014966e+02	1.57360015494419e+01	3.00000000000000e-02	0.00000000000000e+00	0.00000000000000e+00
13	19	15	17	1.06587586025467e+02	3.14209112021423e+00	3.00000000000000e-02	0.00000000000000e+00	0.00000000000000e+00
16	19	17	18	6.72464991354813e+01	1.57228562927389e+00	3.00000000000000e-02	0.00000000000000e+00	0.00000000000000e+00
2	20	8	14	1.72823304601401e+02	9.42936592799080e+00	3.00000000000000e-02	0.00000000000000e+00	0.00000000000000e+00
2	20	9	13	1.93631996235193e+02	1.51234825308272e+01	3.00000000000000e-02	0.00000000000000e+00	0.00000000000000e+00
2	20	10	12	1.72400819245734e+02	3.14227892962047e+01	3.00000000000000e-02	0.00000000000000e+00	0.00000000000000e+00
5	20	10	15	1.37230898020135e+02	7.86130656317907e+00	3.00000000000000e-02	0.00000000000000e+00	0.00000000000000e+00
5	20	11	14	1.47999136990135e+02	1.41470283410730e+01	3.00000000000000e-02	0.00000000000000e+00	0.00000000000000e+00
5	20	12	13	1.65629047769858e+02	4.40061554690798e+01	3.00000000000000e-02	0.00000000000000e+00	0.00000000000000e+00
8	20	12	16	1.38436748627072e+02	6.29206467775691e+00	3.00000000000000e-02	0.00000000000000e+00	0.00000000000000e+00
8	20	13	15	1.25633145961246e+02	1.37632648413146e+01	3.00000000000000e-02	0.00000000000000e+00	0.00000000000000e+00
11	20	14	17	1.05416728648817e+02	4.71861671794029e+00	3.00000000000000e-02	0.00000000000000e+00	0.00000000000000e+00
11	20	15	16	1.42600996246666e+02	1.57358206180477e+01	3.00000000000000e-02	0.00000000000000e+00	0.00000000000000e+00
14	20	16	18	6.92399202037124e+01	3.14266937499262e+00	3.00000000000000e-02	0.00000000000000e+00	0.00000000000000e+00
17	20	18	19	7.05919982104147e+01	1.57121104269047e+00	3.00000000000000e-02	0.00000000000000e+00	0.00000000000000e+00
3	21	9	15	1.82099568790925e+02	9.42964097843373e+00	3.00000000000000e-02	0.00000000000000e+00	0.00000000000000e+00
3	21	10	14	1.79586180136982e+02	1.51239382647383e+01	3.00000000000000e-02	0.00000000000000e+00	0.00000000000000e+00
3	21	11	13	1.92898340693920e+02	3.14232186341649e+01	3.00000000000000e-02	0.00000000000000e+00	0.00000000000000e+00
6	21	11	16	1.53008396077667e+02	7.86170307399702e+00	3.00000000000000e-02	0.00000000000000e+00	0.00000000000000e+00
6	21	12	15	1.50084589368923e+02	1.41474454092834e+01	3.00000000000000e-02	0.00000000000000e+00	0.00000000000000e+00
6	21	13	14	1.44975524321825e+02	4.40090596019164e+01	3.00000000000000e-02	0.00000000000000e+00	0.00000000000000e+00
9	21	13	17	1.23946663256512e+02	6.29269901641942e+00	3.00000000000000e-02	0.00000000000000e+00	0.00000000000000e+00
9	21	14	16	1.46388644496710e+02	1.37638937255385e+01	3.00000000000000e-02	0.00000000000000e+00	0.00000000000000e+00
12	21	15	18	1.06484157303407e+02	4.71987506220556e+00	3.00000000000000e-02	0.00000000000000e+00	0.00000000000000e+00
12	21	16	17	8.94099404834050e+01	1.57384989682052e+01	3.00000000000000e-02	0.00000000000000e+00	0.00000000000000e+00
15	21	17	19	9.35061726344029e+01	3.14467131557646e+00	3.00000000000000e-02	0.00000000000000e+00	0.00000000000000e+00
18	21	19	20	1.19612018270635e+02	1.57897192683382e+00	3.00000000000000e-02	0.00000000000000e+00	0.00000000000000e+00
1	4	2	3	6.13356057435623e+01	1.57181311518988e+00	3.00000000000000e-02	0.00000000000000e+00	0.00000000000000e+00
1	5	2	3	6.99976008985194e+01	2.35926822760706e+00	3.00000000000000e-02	0.00000000000000e+00	0.00000000000000e+00
1	5	3	4	8.41142479356511e+01	2.35693364536122e+00	3.00000000000000e-02	0.00000000000000e+00	0.00000000000000e+00
1	6	2	3	6.99092227371883e+01	2.69732320152744e+00	3.00000000000000e-02	0.00000000000000e+00	0.00000000000000e+00
1	6	3	4	8.26811634285748e+01	4.71235884943090e+00	3.00000000000000e-02	0.00000000000000e+00	0.00000000000000e+00
1	6	4	5	4.97409272813472e+01	2.69198736193118e+00	3.00000000000000e-02	0.00000000000000e+00	0.00000000000000e+00
1	7	2	3	7.08310122618850e+01	2.86116546541788e+00	3.00000000000000e-02	0.00000000000000e+00	0.00000000000000e+00
1	7	3	4	8.41632618497901e+01	6.28632924641591e+00	3.00000000000000e-02	0.00000000000000e+00	0.00000000000000e+00
1	7	4	5	5.80642147622958e+01	6.28568619125413e+00	3.00000000000000e-02	0.00000000000000e+00	0.00000000000000e+00
1	7	5	6	5.66143632004020e+01	2.86646295304457e+00	3.00000000000000e-02	0.00000000000000e+00	0.00000000000000e+00
1	8	2	3	7.11878280590646e+01	2.95053396633100e+00	3.00000000000000e-02	0.00000000000000e+00	0.00000000000000e+00
1	8	3	4	8.85870956503916e+01	7.25404276499468e+00	3.00000000000000e-02	0.00000000000000e+00	0.00000000000000e+00
1	8	4	5	7.07358406743431e+01	9.43437636950454e+00	3.00000000000000e-02	0.00000000000000e+00	0.00000000000000e+00
1	8	5	6	8.81081129170832e+01	7.25300983857844e+00	3.00000000000000e-02	0.00000000000000e+00	0.00000000000000e+00
1	8	6	7	1.11048916774192e+02	2.94078949976145e+00	3.00000000000000e-02	0.00000000000000e+00	0.00000000000000e+00
1	9	3	4	5.80176696279295e+01	7.85750151047364e+00	3.00000000000000e-02	0.00000000000000e+00	0.00000000000000e+00
1	9	4	5	7.64056619716487e+01	1.17968774515150e+01	3.00000000000000e-02	0.00000000000000e+00	0.00000000000000e+00
1	9	5	6	1.10360121450494e+02	1.17970769717264e+01	3.00000000000000e-02	0.00000000000000e+00	0.00000000000000e+00
1	9	2	3	6.92617216380502e+01	3.00411707515963e+00	3.00000000000000e-02	0.00000000000000e+00	0.00000000000000e+00
1	9	6	7	1.52393114240697e+02	7.85300784000047e+00	3.00000000000000e-02	0.00000000000000e+00	0.00000000000000e+00
1	9	7	8	8.94912250434628e+01	3.00160073264562e+00	3.00000000000000e-02	0.00000000000000e+00	0.00000000000000e+00
1	10	3	4	8.06635800017095e+01	8.24934497030220e+00	3.00000000000000e-02	0.00000000000000e+00	0.00000000000000e+00
1	10	4	5	7.72858633648336e+01	1.34805940508543e+01	3.00000000000000e-02	0.00000000000000e+00	0.00000000000000e+00
1	10	5	6	1.14817811317403e+02	1.57371766453494e+01	3.00000000000000e-02	0.00000000000000e+00	0.00000000000000e+00
1	10	6	7	1.51583189612388e+02	1.34786140751887e+01	3.00000000000000e-02	0.00000000000000e+00	0.00000000000000e+00
1	10	7	8	8.07334459344423e+01	8.24865322033603e+00	3.00000000000000e-02	0.00000000000000e+00	0.00000000000000e+00
1	10	8	9	3.15332249774223e+01	3.03753178605771e+00	3.00000000000000e-02	0.00000000000000e+00	0.00000000000000e+00
1	10	2	3	6.87112232736801e+01	3.03862551292996e+00	3.00000000000000e-02	0.00000000000000e+00	0.00000000000000e+00
1	11	2	3	6.97686017763634e+01	3.06209465061328e+00	3.00000000000000e-02	0.00000000000000e+00	0.00000000000000e+00
1	11	3	4	8.52747636102695e+01	8.51487434699340e+00	3.00000000000000e-02	0.00000000000000e+00	0.00000000000000e+00
1	11	4	5	7.93632007937957e+01	1.46765864246673e+01	3.00000000000000e-02	0.00000000000000e+00	0.00000000000000e+00
1	11	5	6	1.23209172270582e+02	1.88828343400745e+01	3.00000000000000e-02	0.00000000000000e+00	0.00000000000000e+00
1	11	6	7	1.70044512841746e+02	1.88811005068522e+01	3.00000000000000e-02	0.00000000000000e+00	0.00000000000000e+00
1	11	7	8	9.72662639198287e+01	1.46772028978032e+01	3.00000000000000e-02	0.00000000000000e+00	0.00000000000000e+00
1	11	8	9	6.17936475294678e+01	8.51400788239373e+00	3.00000000000000e-02	0.00000000000000e+00	0.00000000000000e+00
1	11	9	10	6.84353505992372e+01	3.06172408606146e+00	3.00000000000000e-02	0.00000000000000e+00	0.00000000000000e+00
1	12	3	4	5.84342210997848e+01	8.70175825956333e+00	3.00000000000000e-02	0.00000000000000e+00	0.00000000000000e+00
1	12	4	5	7.97089190648372e+01	1.55386491006989e+01	3.00000000000000e-02	0.00000000000000e+00	0.00000000000000e+00
1	12	5	6	1.27816952644016e+02	2.13156148095550e+01	3.00000000000000e-02	0.00000000000000e+00	0.00000000000000e+00
1	12	6	7	1.81843967735709e+02	2.35982018489495e+01	3.00000000000000e-02	0.00000000000000e+00	0.00000000000000e+00
1	12	7	8	1.09620029751894e+02	2.13152840679658e+01	3.00000000000000e-02	0.00000000000000e+00	0.00000000000000e+00
1	12	8	9	7.77871411455883e+01	1.55369815613829e+01	3.00000000000000e-02	0.00000000000000e+00	0.00000000000000e+00
1	12	9	10	1.14215659721976e+02	8.69717568794793e+00	3.00000000000000e-02	0.00000000000000e+00	0.00000000000000e+00
1	12	2	3	6.84797325903054e+01	3.07875089761159e+00	3.00000000000000e-02	0.00000000000000e+00	0.00000000000000e+00
1	12	10	11	2.67685813258120e+01	3.06896436462788e+00	3.00000000000000e-02	0.00000000000000e+00	0.00000000000000e+00
1	13	2	3	2.93650026859779e+01	3.09098458728575e+00	3.00000000000000e-02	0.00000000000000e+00	0.00000000000000e+00
1	13	3	4	4.55659736112920e+01	8.83763719453287e+00	3.00000000000000e-02	0.00000000000000e+00	0.00000000000000e+00
1	13	4	5	7.81581586280415e+01	1.61725384464896e+01	3.00000000000000e-02	0.00000000000000e+00	0.00000000000000e+00
1	13	5	6	1.27424463673626e+02	2.31837227791158e+01	3.00000000000000e-02	0.00000000000000e+00	0.00000000000000e+00
1	13	6	7	1.84216929401412e+02	2.75252185829568e+01	3.00000000000000e-02	0.00000000000000e+00	0.00000000000000e+00
1	13	7	8	1.14969216741776e+02	2.75270535872030e+01	3.00000000000000e-02	0.00000000000000e+00	0.00000000000000e+00
1	13	8	9	8.68784220348346e+01	2.31829108409921e+01	3.00000000000000e-02	0.00000000000000e+00	0.00000000000000e+00
1	13	9	10	1.30483955554018e+02	1.61709592793704e+01	3.00000000000000e-02	0.00000000000000e+00	0.00000000000000e+00
1	13	10	11	3.78803544839721e+01	8.83451175878652e+00	3.00000000000000e-02	0.00000000000000e+00	0.00000000000000e+00
1	13	11	12	3.37236395332154e+01	3.09382673258675e+00	3.00000000000000e-02	0.00000000000000e+00	0.00000000000000e+00
1	14	2	3	1.29401871504508e+01	3.10022572154693e+00	3.00000000000000e-02	0.00000000000000e+00	0.00000000000000e+00
1	14	3	4	2.72069741542812e+01	8.93919428376021e+00	3.00000000000000e-02	0.00000000000000e+00	0.00000000000000e+00
1	14	4	5	7.75036073631481e+01	1.66482522002913e+01	3.00000000000000e-02	0.00000000000000e+00	0.00000000000000e+00
1	14	5	6	1.28304685953639e+02	2.46235944056084e+01	3.00000000000000e-02	0.00000000000000e+00	0.00000000000000e+00
1	14	6	7	1.89421024055834e+02	3.07220376239666e+01	3.00000000000000e-02	0.00000000000000e+00	0.00000000000000e+00
1	14	7	8	1.22770417228276e+02	3.30213526492776e+01	3.00000000000000e-02	0.00000000000000e+00	0.00000000000000e+00
1	14	8	9	9.82059935138365e+01	3.07228801141984e+01	3.00000000000000e-02	0.00000000000000e+00	0.00000000000000e+00
1	14	9	10	1.56630083686063e+02	2.46215259719883e+01	3.00000000000000e-02	0.00000000000000e+00	0.00000000000000e+00
1	14	10	11	1.04033385484200e+02	1.66455813738437e+01	3.00000000000000e-02	0.00000000000000e+00	0.00000000000000e+00
1	14	11	12	9.57792011152007e+01	8.93671109075818e+00	3.00000000000000e-02	0.00000000000000e+00	0.00000000000000e+00
1	14	12	13	9.44946729349548e+01	3.09026276677354e+00	3.00000000000000e-02	0.00000000000000e+00	0.00000000000000e+00
1	15	2	3	2.06206817458081e+01	3.10737287178488e+00	3.00000000000000e-02	0.00000000000000e+00	0.00000000000000e+00
1	15	3	4	3.82018307958622e+01	9.01692617706840e+00	3.00000000000000e-02	0.00000000000000e+00	0.00000000000000e+00
1	15	4	5	7.80870329974818e+01	1.70123513617548e+01	3.00000000000000e-02	0.00000000000000e+00	0.00000000000000e+00
1	15	5	6	1.30328997569041e+02	2.57435927074814e+01	3.00000000000000e-02	0.00000000000000e+00	0.00000000000000e+00
1	15	6	7	1.94816217376675e+02	3.33028852764396e+01	3.00000000000000e-02	0.00000000000000e+00	0.00000000000000e+00
1	15	7	8	1.29774460923321e+02	3.77311665886468e+01	3.00000000000000e-02	0.00000000000000e+00	0.00000000000000e+00
1	15	8	9	1.08717392808400e+02	3.77302296103339e+01	3.00000000000000e-02	0.00000000000000e+00	0.00000000000000e+00
1	15	9	10	1.81262824906893e+02	3.33031696691403e+01	3.00000000000000e-02	0.00000000000000e+00	0.00000000000000e+00
1	15	10	11	1.02771099132987e+02	2.57416195062600e+01	3.00000000000000e-02	0.00000000000000e+00	0.00000000000000e+00
1	15	11	12	1.23311008375825e+02	1.70116999663142e+01	3.00000000000000e-02	0.00000000000000e+00	0.00000000000000e+00
1	15	12	13	1.16823173232975e+02	9.01183905587118e+00	3.00000000000000e-02	0.00000000000000e+00	0.00000000000000e+00
1	15	13	14	9.32045177954710e+01	3.10418904645637e+00	3.00000000000000e-02	0.00000000000000e+00	0.00000000000000e+00
1	16	2	3	1.42576570352985e-01	3.11301195961993e+00	3.00000000000000e-02	0.00000000000000e+00	0.00000000000000e+00
1	16	3	4	2.87743446581282e+00	9.07765305638470e+00	3.00000000000000e-02	0.00000000000000e+00	0.00000000000000e+00
1	16	4	5	7.06814475696066e+01	1.72961171574082e+01	3.00000000000000e-02	0.00000000000000e+00	0.00000000000000e+00
1	16	5	6	1.23616127897382e+02	2.66247090504407e+01	3.00000000000000e-02	0.00000000000000e+00	0.00000000000000e+00
1	16	6	7	1.85844593272854e+02	3.53850857135778e+01	3.00000000000000e-02	0.00000000000000e+00	0.00000000000000e+00
1	16	7	8	1.25691233188140e+02	4.16996991533873e+01	3.00000000000000e-02	0.00000000000000e+00	0.00000000000000e+00
1	16	8	9	1.07965864741785e+02	4.40069882129082e+01	3.00000000000000e-02	0.00000000000000e+00	0.00000000000000e+00
1	16	9	10	1.85421907863121e+02	4.16981107327613e+01	3.00000000000000e-02	0.00000000000000e+00	0.00000000000000e+00
1	16	10	11	1.36454200754575e+02	3.53855730768230e+01	3.00000000000000e-02	0.00000000000000e+00	0.00000000000000e+00
1	16	11	12	1.12502691693047e+02	2.66241380950463e+01	3.00000000000000e-02	0.00000000000000e+00	0.00000000000000e+00
1	16	12	13	1.21860188552842e+02	1.72930315055730e+01	3.00000000000000e-02	0.00000000000000e+00	0.00000000000000e+00
1	16	13	14	9.35993669902740e+01	9.07630225360232e+00	3.00000000000000e-02	0.00000000000000e+00	0.00000000000000e+00
1	16	14	15	2.65133559422858e+01	3.10935619989841e+00	3.00000000000000e-02	0.00000000000000e+00	0.00000000000000e+00
1	17	4	5	3.14746322775765e+01	1.75209487183125e+01	3.00000000000000e-02	0.00000000000000e+00	0.00000000000000e+00
1	17	5	6	1.27985893060070e+02	2.73263344001892e+01	3.00000000000000e-02	0.00000000000000e+00	0.00000000000000e+00
1	17	6	7	1.94902867152709e+02	3.70714670218506e+01	3.00000000000000e-02	0.00000000000000e+00	0.00000000000000e+00
1	17	7	8	1.34230078578261e+02	4.50163084094092e+01	3.00000000000000e-02	0.00000000000000e+00	0.00000000000000e+00
1	17	8	9	1.18582454497561e+02	4.95017593247233e+01	3.00000000000000e-02	0.00000000000000e+00	0.00000000000000e+00
1	17	9	10	2.10729470597546e+02	4.95011746598699e+01	3.00000000000000e-02	0.00000000000000e+00	0.00000000000000e+00
1	17	10	11	2.01345099740629e+02	4.50147443902078e+01	3.00000000000000e-02	0.00000000000000e+00	0.00000000000000e+00
1	17	11	12	9.72481310868177e+01	3.70730347432734e+01	3.00000000000000e-02	0.00000000000000e+00	0.00000000000000e+00
1	17	12	13	1.50021386095015e+02	2.73233136806569e+01	3.00000000000000e-02	0.00000000000000e+00	0.00000000000000e+00
1	17	13	14	1.22039938942140e+02	1.75207292759043e+01	3.00000000000000e-02	0.00000000000000e+00	0.00000000000000e+00
1	17	14	15	9.38863441840953e+01	9.12332803903441e+00	3.00000000000000e-02	0.00000000000000e+00	0.00000000000000e+00
1	17	15	16	3.15480223939260e+01	3.11456209709809e+00	3.00000000000000e-02	0.00000000000000e+00	0.00000000000000e+00
1	18	2	3	2.21386013094077e+00	3.12122529358963e+00	3.00000000000000e-02	0.00000000000000e+00	0.00000000000000e+00
1	18	3	4	4.47725384175604e+00	9.16495334215463e+00	3.00000000000000e-02	0.00000000000000e+00	0.00000000000000e+00
1	18	4	5	7.55459526250472e+01	1.77017540144591e+01	3.00000000000000e-02	0.00000000000000e+00	0.00000000000000e+00
1	18	5	6	1.29401194185513e+02	2.78917950996924e+01	3.00000000000000e-02	0.00000000000000e+00	0.00000000000000e+00
1	18	6	7	1.97433088637038e+02	3.84459624167121e+01	3.00000000000000e-02	0.00000000000000e+00	0.00000000000000e+00
1	18	7	8	1.37710142312495e+02	4.77813469782329e+01	3.00000000000000e-02	0.00000000000000e+00	0.00000000000000e+00
1	18	8	9	1.24314018826430e+02	5.42462751134243e+01	3.00000000000000e-02	0.00000000000000e+00	0.00000000000000e+00
1	18	9	10	2.26545716059881e+02	5.65638858313914e+01	3.00000000000000e-02	0.00000000000000e+00	0.00000000000000e+00
1	18	10	11	2.06872287943458e+02	5.42457901944503e+01	3.00000000000000e-02	0.00000000000000e+00	0.00000000000000e+00
1	18	11	12	1.29519585321217e+02	4.77805104626142e+01	3.00000000000000e-02	0.00000000000000e+00	0.00000000000000e+00
1	18	12	13	1.81442336536706e+02	3.84453270452328e+01	3.00000000000000e-02	0.00000000000000e+00	0.00000000000000e+00
1	18	13	14	1.52041908609625e+02	2.78911496809224e+01	3.00000000000000e-02	0.00000000000000e+00	0.00000000000000e+00
1	18	14	15	1.29630198734872e+02	1.76998067586139e+01	3.00000000000000e-02	0.00000000000000e+00	0.00000000000000e+00
1	18	15	16	1.50526305887598e+02	9.16072627224192e+00	3.00000000000000e-02	0.00000000000000e+00	0.00000000000000e+00
1	18	16	17	3.21413241339222e+01	3.11459011336895e+00	3.00000000000000e-02	0.00000000000000e+00	0.00000000000000e+00
1	19	2	3	2.79999746593327e+01	3.12426840829904e+00	3.00000000000000e-02	0.00000000000000e+00	0.00000000000000e+00
1	19	3	4	3.07159687971257e+01	9.19689348441704e+00	3.00000000000000e-02	0.00000000000000e+00	0.00000000000000e+00
1	19	4	5	7.73410948661987e+01	1.78491120264476e+01	3.00000000000000e-02	0.00000000000000e+00	0.00000000000000e+00
1	19	5	6	1.30201464192626e+02	2.83528042595420e+01	3.00000000000000e-02	0.00000000000000e+00	0.00000000000000e+00
1	19	6	7	1.98185453117615e+02	3.95747998884986e+01	3.00000000000000e-02	0.00000000000000e+00	0.00000000000000e+00
1	19	7	8	1.38923939396354e+02	5.00893952076617e+01	3.00000000000000e-02	0.00000000000000e+00	0.00000000000000e+00
1	19	8	9	1.26914880236805e+02	5.83127938784742e+01	3.00000000000000e-02	0.00000000000000e+00	0.00000000000000e+00
1	19	9	10	2.34340962762014e+02	6.28448656867515e+01	3.00000000000000e-02	0.00000000000000e+00	0.00000000000000e+00
1	19	10	11	1.65052514546734e+02	6.28450674881141e+01	3.00000000000000e-02	0.00000000000000e+00	0.00000000000000e+00
1	19	11	12	1.72860259309158e+02	5.83132364402052e+01	3.00000000000000e-02	0.00000000000000e+00	0.00000000000000e+00
1	19	12	13	1.89510598496139e+02	5.00868471884585e+01	3.00000000000000e-02	0.00000000000000e+00	0.00000000000000e+00
1	19	13	14	1.56316977831393e+02	3.95770244832869e+01	3.00000000000000e-02	0.00000000000000e+00	0.00000000000000e+00
1	19	14	15	1.38655233571909e+02	2.83514907376853e+01	3.00000000000000e-02	0.00000000000000e+00	0.00000000000000e+00
1	19	15	16	1.68523757939093e+02	1.78469695605491e+01	3.00000000000000e-02	0.00000000000000e+00	0.00000000000000e+00
1	19	16	17	8.05780090216196e+01	9.19340735189778e+00	3.00000000000000e-02	0.00000000000000e+00	0.00000000000000e+00
1	19	17	18	4.35136211464475e+00	3.12169517016504e+00	3.00000000000000e-02	0.00000000000000e+00	0.00000000000000e+00
1	20	2	3	5.07202794323318e-01	3.12680887438779e+00	3.00000000000000e-02	0.00000000000000e+00	0.00000000000000e+00
1	20	3	4	7.29079319337291e-01	9.22336482519628e+00	3.00000000000000e-02	0.00000000000000e+00	0.00000000000000e+00
1	20	4	5	6.93433857722286e+01	1.79706600078339e+01	3.00000000000000e-02	0.00000000000000e+00	0.00000000000000e+00
1	20	5	6	1.26457957251916e+02	2.87327392317323e+01	3.00000000000000e-02	0.00000000000000e+00	0.00000000000000e+00
1	20	6	7	1.92032734520475e+02	4.05093893028036e+01	3.00000000000000e-02	0.00000000000000e+00	0.00000000000000e+00
1	20	7	8	1.34694899603530e+02	5.20226249453606e+01	3.00000000000000e-02	0.00000000000000e+00	0.00000000000000e+00
1	20	8	9	1.23565610154237e+02	6.17874391350538e+01	3.00000000000000e-02	0.00000000000000e+00	0.00000000000000e+00
1	20	9	10	2.29659106123012e+02	6.83684235021500e+01	3.00000000000000e-02	0.00000000000000e+00	0.00000000000000e+00
1	20	10	11	2.96021005284013e+02	7.06951286593509e+01	3.00000000000000e-02	0.00000000000000e+00	0.00000000000000e+00
1	20	11	12	4.89834717088762e+01	6.83694139167206e+01	3.00000000000000e-02	0.00000000000000e+00	0.00000000000000e+00
1	20	12	13	1.81545273544942e+02	6.17862400945255e+01	3.00000000000000e-02	0.00000000000000e+00	0.00000000000000e+00
1	20	13	14	1.44102039289934e+02	5.20223968555718e+01	3.00000000000000e-02	0.00000000000000e+00	0.00000000000000e+00
1	20	14	15	1.25524239793945e+02	4.05109002636556e+01	3.00000000000000e-02	0.00000000000000e+00	0.00000000000000e+00
1	20	15	16	1.48707716230452e+02	2.87307939161213e+01	3.00000000000000e-02	0.00000000000000e+00	0.00000000000000e+00
1	20	16	17	7.29129124203635e+01	1.79687149395760e+01	3.00000000000000e-02	0.00000000000000e+00	0.00000000000000e+00
1	20	17	18	5.71300821183818e+01	9.22151988093907e+00	3.00000000000000e-02	0.00000000000000e+00	0.00000000000000e+00
1	20	18	19	3.05777363770413e+01	3.12396738257348e+00	3.00000000000000e-02	0.00000000000000e+00	0.00000000000000e+00
1	21	2	3	2.16893911220284e+00	3.12895149369120e+00	3.00000000000000e-02	0.00000000000000e+00	0.00000000000000e+00
1	21	3	4	1.44130600317691e+00	9.24554180571751e+00	3.00000000000000e-02	0.00000000000000e+00	0.00000000000000e+00
1	21	4	5	6.98826664229759e+01	1.80720128327539e+01	3.00000000000000e-02	0.00000000000000e+00	0.00000000000000e+00
1	21	5	6	1.26747328001602e+02	2.90490344290688e+01	3.00000000000000e-02	0.00000000000000e+00	0.00000000000000e+00
1	21	6	7	1.93118069042607e+02	4.12895124707049e+01	3.00000000000000e-02	0.00000000000000e+00	0.00000000000000e+00
1	21	7	8	1.36398033864790e+02	5.36497431008702e+01	3.00000000000000e-02	0.00000000000000e+00	0.00000000000000e+00
1	21	8	9	1.26464153043827e+02	6.47561116086225e+01	3.00000000000000e-02	0.00000000000000e+00	0.00000000000000e+00
1	21	9	10	2.38632661245100e+02	7.31948142606373e+01	3.00000000000000e-02	0.00000000000000e+00	0.00000000000000e+00
1	21	10	11	3.58982447071765e+02	7.77630962645385e+01	3.00000000000000e-02	0.00000000000000e+00	0.00000000000000e+00
1	21	11	12	8.34729428223321e+00	7.77642679147131e+01	3.00000000000000e-02	0.00000000000000e+00	0.00000000000000e+00
1	21	12	13	1.99570919220232e+02	7.31956689504763e+01	3.00000000000000e-02	0.00000000000000e+00	0.00000000000000e+00
1	21	13	14	1.61582945101115e+02	6.47595887577010e+01	3.00000000000000e-02	0.00000000000000e+00	0.00000000000000e+00
1	21	14	15	1.44835834548153e+02	5.36526386448478e+01	3.00000000000000e-02	0.00000000000000e+00	0.00000000000000e+00
1	21	15	16	1.78105256625266e+02	4.12959393042421e+01	3.00000000000000e-02	0.00000000000000e+00	0.00000000000000e+00
1	21	16	17	9.27326623317904e+01	2.90549538423283e+01	3.00000000000000e-02	0.00000000000000e+00	0.00000000000000e+00
1	21	17	18	8.17947830766866e+01	1.80821892509531e+01	3.00000000000000e-02	0.00000000000000e+00	0.00000000000000e+00
1	21	18	19	1.02569524998687e+02	9.25859788944939e+00	3.00000000000000e-02	0.00000000000000e+00	0.00000000000000e+00
1	21	19	20	1.48561231955153e+02	3.15291448947345e+00	3.00000000000000e-02	0.00000000000000e+00	0.00000000000000e+00
2	21	3	4	2.48226089880178e+01	3.12157115830786e+00	3.00000000000000e-02	0.00000000000000e+00	0.00000000000000e+00
2	21	4	5	3.64975838121197e+00	9.21963478031054e+00	3.00000000000000e-02	0.00000000000000e+00	0.00000000000000e+00
2	21	5	6	1.09052782126712e+02	1.79690294873580e+01	3.00000000000000e-02	0.00000000000000e+00	0.00000000000000e+00
2	21	6	7	1.65383320952078e+02	2.87288413417545e+01	3.00000000000000e-02	0.00000000000000e+00	0.00000000000000e+00
2	21	7	8	1.20033263693813e+02	4.05114037340533e+01	3.00000000000000e-02	0.00000000000000e+00	0.00000000000000e+00
2	21	8	9	1.15357240298694e+02	5.20210688108255e+01	3.00000000000000e-02	0.00000000000000e+00	0.00000000000000e+00
2	21	9	10	2.23149555754353e+02	6.17870676777689e+01	3.00000000000000e-02	0.00000000000000e+00	0.00000000000000e+00
2	21	10	11	1.64310720921787e+02	6.83693622556616e+01	3.00000000000000e-02	0.00000000000000e+00	0.00000000000000e+00
2	21	11	12	2.47506530630387e+02	7.06969624331645e+01	3.00000000000000e-02	0.00000000000000e+00	0.00000000000000e+00
2	21	12	13	1.33541449969848e+02	6.83695468377240e+01	3.00000000000000e-02	0.00000000000000e+00	0.00000000000000e+00
2	21	13	14	1.60020343151408e+02	6.17908349395909e+01	3.00000000000000e-02	0.00000000000000e+00	0.00000000000000e+00
2	21	14	15	1.44694155375455e+02	5.20254260272308e+01	3.00000000000000e-02	0.00000000000000e+00	0.00000000000000e+00
2	21	15	16	1.78373696777560e+02	4.05156275686720e+01	3.00000000000000e-02	0.00000000000000e+00	0.00000000000000e+00
2	21	16	17	9.30042514472978e+01	2.87385441803393e+01	3.00000000000000e-02	0.00000000000000e+00	0.00000000000000e+00
2	21	17	18	8.21059347571321e+01	1.79807273581042e+01	3.00000000000000e-02	0.00000000000000e+00	0.00000000000000e+00
2	21	18	19	9.55713776867272e+01	9.23635901991120e+00	3.00000000000000e-02	0.00000000000000e+00	0.00000000000000e+00
2	21	19	20	3.81031470025122e+01	3.15073899833894e+00	3.00000000000000e-02	0.00000000000000e+00	0.00000000000000e+00
3	21	4	5	1.46170711313692e+01	3.11709159546656e+00	3.00000000000000e-02	0.00000000000000e+00	0.00000000000000e+00
3	21	5	6	2.32938817008164e+01	9.19340494001659e+00	3.00000000000000e-02	0.00000000000000e+00	0.00000000000000e+00
3	21	6	7	1.32803278189259e+02	1.78449620386370e+01	3.00000000000000e-02	0.00000000000000e+00	0.00000000000000e+00
3	21	7	8	1.00215968122026e+02	2.83522039115354e+01	3.00000000000000e-02	0.00000000000000e+00	0.00000000000000e+00
3	21	8	9	1.00741733979658e+02	3.95754702225280e+01	3.00000000000000e-02	0.00000000000000e+00	0.00000000000000e+00
3	21	9	10	2.01596696479813e+02	5.00877535124893e+01	3.00000000000000e-02	0.00000000000000e+00	0.00000000000000e+00
3	21	10	11	1.52360276207458e+02	5.83132499004736e+01	3.00000000000000e-02	0.00000000000000e+00	0.00000000000000e+00
3	21	11	12	1.66921558698956e+02	6.28469724017155e+01	3.00000000000000e-02	0.00000000000000e+00	0.00000000000000e+00
3	21	12	13	2.35235982479334e+02	6.28459021440570e+01	3.00000000000000e-02	0.00000000000000e+00	0.00000000000000e+00
3	21	13	14	1.19998967933550e+02	5.83159038233936e+01	3.00000000000000e-02	0.00000000000000e+00	0.00000000000000e+00
3	21	14	15	1.43065724675786e+02	5.00919885001666e+01	3.00000000000000e-02	0.00000000000000e+00	0.00000000000000e+00
3	21	15	16	1.77794877012697e+02	3.95807782839739e+01	3.00000000000000e-02	0.00000000000000e+00	0.00000000000000e+00
3	21	16	17	9.29340719971333e+01	2.83584586457418e+01	3.00000000000000e-02	0.00000000000000e+00	0.00000000000000e+00
3	21	17	18	8.21658958035484e+01	1.78590453407121e+01	3.00000000000000e-02	0.00000000000000e+00	0.00000000000000e+00
3	21	18	19	9.56070706066181e+01	9.20981317855872e+00	3.00000000000000e-02	0.00000000000000e+00	0.00000000000000e+00
3	21	19	20	3.34444725975214e+01	3.14815951405106e+00	3.00000000000000e-02	0.00000000000000e+00	0.00000000000000e+00
4	21	5	6	1.77125294659670e+01	3.11676238493592e+00	3.00000000000000e-02	0.00000000000000e+00	0.00000000000000e+00
4	21	6	7	5.42680693737738e+01	9.15995627873012e+00	3.00000000000000e-02	0.00000000000000e+00	0.00000000000000e+00
4	21	7	8	8.14617215289903e+01	1.77016813697305e+01	3.00000000000000e-02	0.00000000000000e+00	0.00000000000000e+00
4	21	8	9	8.65046265817655e+01	2.78897837228341e+01	3.00000000000000e-02	0.00000000000000e+00	0.00000000000000e+00
4	21	9	10	1.78821852144036e+02	3.84465559587108e+01	3.00000000000000e-02	0.00000000000000e+00	0.00000000000000e+00
4	21	10	11	1.38775157441911e+02	4.77806782221275e+01	3.00000000000000e-02	0.00000000000000e+00	0.00000000000000e+00
4	21	11	12	1.56383560611183e+02	5.42478599020323e+01	3.00000000000000e-02	0.00000000000000e+00	0.00000000000000e+00
4	21	12	13	1.83285379886233e+02	5.65648479559522e+01	3.00000000000000e-02	0.00000000000000e+00	0.00000000000000e+00
4	21	13	14	1.49795821152464e+02	5.42490823582219e+01	3.00000000000000e-02	0.00000000000000e+00	0.00000000000000e+00
4	21	14	15	1.43154704209238e+02	4.77836984032252e+01	3.00000000000000e-02	0.00000000000000e+00	0.00000000000000e+00
4	21	15	16	1.76666818172564e+02	3.84516376406161e+01	3.00000000000000e-02	0.00000000000000e+00	0.00000000000000e+00
4	21	16	17	9.27799003563923e+01	2.78972690103021e+01	3.00000000000000e-02	0.00000000000000e+00	0.00000000000000e+00
4	21	17	18	8.21237415555240e+01	1.77115261057389e+01	3.00000000000000e-02	0.00000000000000e+00	0.00000000000000e+00
4	21	18	19	9.54645495003788e+01	9.17778339121286e+00	3.00000000000000e-02	0.00000000000000e+00	0.00000000000000e+00
4	21	19	20	2.44747751488548e+01	3.14506969960675e+00	3.00000000000000e-02	0.00000000000000e+00	0.00000000000000e+00
5	21	7	8	1.66650421467545e+01	9.12507988695906e+00	3.00000000000000e-02	0.00000000000000e+00	0.00000000000000e+00
5	21	8	9	6.89606226126724e+01	1.75184805123074e+01	3.00000000000000e-02	0.00000000000000e+00	0.00000000000000e+00
5	21	9	10	1.51600298483961e+02	2.73241817602364e+01	3.00000000000000e-02	0.00000000000000e+00	0.00000000000000e+00
5	21	10	11	1.23215247205474e+02	3.70728268159448e+01	3.00000000000000e-02	0.00000000000000e+00	0.00000000000000e+00
5	21	11	12	1.44908277732525e+02	4.50166908665530e+01	3.00000000000000e-02	0.00000000000000e+00	0.00000000000000e+00
5	21	12	13	1.75478068884120e+02	4.95018361366590e+01	3.00000000000000e-02	0.00000000000000e+00	0.00000000000000e+00
5	21	13	14	1.50194019827655e+02	4.95041216055712e+01	3.00000000000000e-02	0.00000000000000e+00	0.00000000000000e+00
5	21	6	7	6.79840325836534e+01	3.10991713709051e+00	3.00000000000000e-02	0.00000000000000e+00	0.00000000000000e+00
5	21	14	15	1.12029422456740e+02	4.50183130027528e+01	3.00000000000000e-02	0.00000000000000e+00	0.00000000000000e+00
5	21	15	16	1.76512448706093e+02	3.70767610652344e+01	3.00000000000000e-02	0.00000000000000e+00	0.00000000000000e+00
5	21	16	17	8.69876741485967e+01	2.73315803500813e+01	3.00000000000000e-02	0.00000000000000e+00	0.00000000000000e+00
5	21	17	18	7.74163635670064e+01	1.75305221512710e+01	3.00000000000000e-02	0.00000000000000e+00	0.00000000000000e+00
5	21	18	19	9.01326597152552e+01	9.13866675676180e+00	3.00000000000000e-02	0.00000000000000e+00	0.00000000000000e+00
5	21	19	20	2.62319562199507e+01	3.14132591908973e+00	3.00000000000000e-02	0.00000000000000e+00	0.00000000000000e+00
6	21	7	8	1.43656602236237e+01	3.11938232415846e+00	3.00000000000000e-02	0.00000000000000e+00	0.00000000000000e+00
6	21	9	10	1.27053377394120e+02	1.72948800612717e+01	3.00000000000000e-02	0.00000000000000e+00	0.00000000000000e+00
6	21	10	11	1.06393354598372e+02	2.66243639653691e+01	3.00000000000000e-02	0.00000000000000e+00	0.00000000000000e+00
6	21	11	12	1.28621918870163e+02	3.53879962334887e+01	3.00000000000000e-02	0.00000000000000e+00	0.00000000000000e+00
6	21	12	13	1.60667017124868e+02	4.16987669800646e+01	3.00000000000000e-02	0.00000000000000e+00	0.00000000000000e+00
6	21	13	14	1.40823709638980e+02	4.40090596019164e+01	3.00000000000000e-02	0.00000000000000e+00	0.00000000000000e+00
6	21	14	15	1.35439416833109e+02	4.17013820979818e+01	3.00000000000000e-02	0.00000000000000e+00	0.00000000000000e+00
6	21	15	16	1.86084356696092e+02	3.53899702927652e+01	3.00000000000000e-02	0.00000000000000e+00	0.00000000000000e+00
6	21	16	17	1.00196868005592e+02	2.66296890462956e+01	3.00000000000000e-02	0.00000000000000e+00	0.00000000000000e+00
6	21	17	18	8.95773340580242e+01	1.73054497093502e+01	3.00000000000000e-02	0.00000000000000e+00	0.00000000000000e+00
6	21	18	19	1.05194062652998e+02	9.09023890470247e+00	3.00000000000000e-02	0.00000000000000e+00	0.00000000000000e+00
6	21	19	20	1.51011929472893e+02	3.13673048625645e+00	3.00000000000000e-02	0.00000000000000e+00	0.00000000000000e+00
7	21	8	9	6.73024554368563e+00	3.09698574595779e+00	3.00000000000000e-02	0.00000000000000e+00	0.00000000000000e+00
7	21	9	10	6.96072737069999e+01	9.01154855655514e+00	3.00000000000000e-02	0.00000000000000e+00	0.00000000000000e+00
7	21	10	11	1.04073315367462e+02	1.70102243387786e+01	3.00000000000000e-02	0.00000000000000e+00	0.00000000000000e+00
7	21	11	12	1.24933730304340e+02	2.57432898633727e+01	3.00000000000000e-02	0.00000000000000e+00	0.00000000000000e+00
7	21	12	13	1.56823214889066e+02	3.33030114566352e+01	3.00000000000000e-02	0.00000000000000e+00	0.00000000000000e+00
7	21	13	14	1.38258363375787e+02	3.77315920201587e+01	3.00000000000000e-02	0.00000000000000e+00	0.00000000000000e+00
7	21	14	15	1.35017744014150e+02	3.77322657942298e+01	3.00000000000000e-02	0.00000000000000e+00	0.00000000000000e+00
7	21	15	16	1.74888175837551e+02	3.33072118774331e+01	3.00000000000000e-02	0.00000000000000e+00	0.00000000000000e+00
7	21	16	17	1.00617848883528e+02	2.57482160837740e+01	3.00000000000000e-02	0.00000000000000e+00	0.00000000000000e+00
7	21	17	18	9.07549154124008e+01	1.70213764553944e+01	3.00000000000000e-02	0.00000000000000e+00	0.00000000000000e+00
7	21	18	19	1.06076712868744e+02	9.02934225985224e+00	3.00000000000000e-02	0.00000000000000e+00	0.00000000000000e+00
7	21	19	20	1.51452350826649e+02	3.13100506548544e+00	3.00000000000000e-02	0.00000000000000e+00	0.00000000000000e+00
8	21	9	10	1.12657971137112e+02	3.09700715675856e+00	3.00000000000000e-02	0.00000000000000e+00	0.00000000000000e+00
8	21	10	11	8.52529068633432e+01	8.93757194246845e+00	3.00000000000000e-02	0.00000000000000e+00	0.00000000000000e+00
8	21	11	12	1.08448003242440e+02	1.66491145244422e+01	3.00000000000000e-02	0.00000000000000e+00	0.00000000000000e+00
8	21	12	13	1.42248842758957e+02	2.46219854497953e+01	3.00000000000000e-02	0.00000000000000e+00	0.00000000000000e+00
8	21	13	14	1.30218793151139e+02	3.07243707134573e+01	3.00000000000000e-02	0.00000000000000e+00	0.00000000000000e+00
8	21	14	15	1.32133358206983e+02	3.30221945610815e+01	3.00000000000000e-02	0.00000000000000e+00	0.00000000000000e+00
8	21	15	16	1.75904266119407e+02	3.07259043518995e+01	3.00000000000000e-02	0.00000000000000e+00	0.00000000000000e+00
8	21	16	17	9.63066646837152e+01	2.46278371667200e+01	3.00000000000000e-02	0.00000000000000e+00	0.00000000000000e+00
8	21	17	18	2.83710422592564e+01	1.66569063203835e+01	3.00000000000000e-02	0.00000000000000e+00	0.00000000000000e+00
8	21	18	19	1.15963562631210e+02	8.95139736863634e+00	3.00000000000000e-02	0.00000000000000e+00	0.00000000000000e+00
8	21	19	20	2.22344388053332e+01	3.12374893125798e+00	3.00000000000000e-02	0.00000000000000e+00	0.00000000000000e+00
9	21	10	11	5.06741303591659e+01	3.08977295703608e+00	3.00000000000000e-02	0.00000000000000e+00	0.00000000000000e+00
9	21	11	12	7.70733310689098e+01	8.83749899026275e+00	3.00000000000000e-02	0.00000000000000e+00	0.00000000000000e+00
9	21	12	13	1.12707894891154e+02	1.61703832831403e+01	3.00000000000000e-02	0.00000000000000e+00	0.00000000000000e+00
9	21	13	14	1.10842018167791e+02	2.31837595675798e+01	3.00000000000000e-02	0.00000000000000e+00	0.00000000000000e+00
9	21	14	15	1.19263103622159e+02	2.75271672226487e+01	3.00000000000000e-02	0.00000000000000e+00	0.00000000000000e+00
9	21	15	16	1.66248458690557e+02	2.75284077074555e+01	3.00000000000000e-02	0.00000000000000e+00	0.00000000000000e+00
9	21	16	17	9.38056636762995e+01	2.31874270619743e+01	3.00000000000000e-02	0.00000000000000e+00	0.00000000000000e+00
9	21	17	18	8.63745306019362e+01	1.61807023075420e+01	3.00000000000000e-02	0.00000000000000e+00	0.00000000000000e+00
9	21	18	19	1.06572611973058e+02	8.84956130876445e+00	3.00000000000000e-02	0.00000000000000e+00	0.00000000000000e+00
9	21	19	20	1.51434849534526e+02	3.11436699807353e+00	3.00000000000000e-02	0.00000000000000e+00	0.00000000000000e+00
10	21	11	12	2.19820213225952e+01	3.07893439483705e+00	3.00000000000000e-02	0.00000000000000e+00	0.00000000000000e+00
10	21	12	13	4.57528774554205e+01	8.69700907386394e+00	3.00000000000000e-02	0.00000000000000e+00	0.00000000000000e+00
10	21	13	14	9.76227889114483e+01	1.55380775340092e+01	3.00000000000000e-02	0.00000000000000e+00	0.00000000000000e+00
10	21	14	15	1.09684991690875e+02	2.13149430404816e+01	3.00000000000000e-02	0.00000000000000e+00	0.00000000000000e+00
10	21	15	16	1.56975765420564e+02	2.36008355415144e+01	3.00000000000000e-02	0.00000000000000e+00	0.00000000000000e+00
10	21	16	17	9.09148636997345e+01	2.13186972864104e+01	3.00000000000000e-02	0.00000000000000e+00	0.00000000000000e+00
10	21	17	18	8.47180449869167e+01	1.55461928174118e+01	3.00000000000000e-02	0.00000000000000e+00	0.00000000000000e+00
10	21	18	19	9.99539260381574e+01	8.71331537895614e+00	3.00000000000000e-02	0.00000000000000e+00	0.00000000000000e+00
10	21	19	20	1.45025670020427e+02	3.10194767877267e+00	3.00000000000000e-02	0.00000000000000e+00	0.00000000000000e+00
11	21	12	13	8.64038397466786e+01	3.05220090455156e+00	3.00000000000000e-02	0.00000000000000e+00	0.00000000000000e+00
11	21	13	14	8.62187337014064e+01	8.51248790061770e+00	3.00000000000000e-02	0.00000000000000e+00	0.00000000000000e+00
11	21	14	15	1.02747200463781e+02	1.46748382101467e+01	3.00000000000000e-02	0.00000000000000e+00	0.00000000000000e+00
11	21	15	16	1.54516133357115e+02	1.88825777046456e+01	3.00000000000000e-02	0.00000000000000e+00	0.00000000000000e+00
11	21	16	17	9.42013091750421e+01	1.88849057522066e+01	3.00000000000000e-02	0.00000000000000e+00	0.00000000000000e+00
11	21	17	18	9.05748682429549e+01	1.46832606925670e+01	3.00000000000000e-02	0.00000000000000e+00	0.00000000000000e+00
11	21	18	19	1.08687626558269e+02	8.52592399989561e+00	3.00000000000000e-02	0.00000000000000e+00	0.00000000000000e+00
11	21	19	20	1.53066682227352e+02	3.08503908487522e+00	3.00000000000000e-02	0.00000000000000e+00	0.00000000000000e+00
12	21	13	14	7.46290793078767e+01	3.04135525195010e+00	3.00000000000000e-02	0.00000000000000e+00	0.00000000000000e+00
12	21	14	15	8.92331349362566e+01	8.24682632979276e+00	3.00000000000000e-02	0.00000000000000e+00	0.00000000000000e+00
12	21	15	16	1.40124208110362e+02	1.34803513435079e+01	3.00000000000000e-02	0.00000000000000e+00	0.00000000000000e+00
12	21	16	17	9.00028097395372e+01	1.57384989682052e+01	3.00000000000000e-02	0.00000000000000e+00	0.00000000000000e+00
12	21	17	18	8.98928378326851e+01	1.34862655419743e+01	3.00000000000000e-02	0.00000000000000e+00	0.00000000000000e+00
12	21	18	19	1.09638578598480e+02	8.25971105692224e+00	3.00000000000000e-02	0.00000000000000e+00	0.00000000000000e+00
12	21	19	20	1.53857436257717e+02	3.06121814592296e+00	3.00000000000000e-02	0.00000000000000e+00	0.00000000000000e+00
13	21	14	15	8.25973880486413e+01	2.99499204266517e+00	3.00000000000000e-02	0.00000000000000e+00	0.00000000000000e+00
13	21	15	16	1.25819562433751e+02	7.85419943529411e+00	3.00000000000000e-02	0.00000000000000e+00	0.00000000000000e+00
13	21	16	17	8.50939359017084e+01	1.17971216162943e+01	3.00000000000000e-02	0.00000000000000e+00	0.00000000000000e+00
13	21	17	18	8.86871231234456e+01	1.18011743172682e+01	3.00000000000000e-02	0.00000000000000e+00	0.00000000000000e+00
13	21	18	19	1.09636725042580e+02	7.86687655025148e+00	3.00000000000000e-02	0.00000000000000e+00	0.00000000000000e+00
13	21	19	20	1.51527700313352e+02	3.02619628361864e+00	3.00000000000000e-02	0.00000000000000e+00	0.00000000000000e+00
14	21	15	16	1.06999134731453e+02	2.94734226719809e+00	3.00000000000000e-02	0.00000000000000e+00	0.00000000000000e+00
14	21	16	17	7.68879166829098e+01	7.25330333599768e+00	3.00000000000000e-02	0.00000000000000e+00	0.00000000000000e+00
14	21	17	18	8.74275678801517e+01	9.43762047038846e+00	3.00000000000000e-02	0.00000000000000e+00	0.00000000000000e+00
14	21	18	19	1.11567221836551e+02	7.26207263142299e+00	3.00000000000000e-02	0.00000000000000e+00	0.00000000000000e+00
14	21	19	20	1.51784054462657e+02	2.97183420323093e+00	3.00000000000000e-02	0.00000000000000e+00	0.00000000000000e+00
15	21	16	17	5.71102200605540e+01	2.85821201338035e+00	3.00000000000000e-02	0.00000000000000e+00	0.00000000000000e+00
15	21	17	18	7.96038253472462e+01	6.28653083468215e+00	3.00000000000000e-02	0.00000000000000e+00	0.00000000000000e+00
15	21	18	19	1.12384215177344e+02	6.29215694403136e+00	3.00000000000000e-02	0.00000000000000e+00	0.00000000000000e+00
15	21	19	20	1.53292333968004e+02	2.88118572394124e+00	3.00000000000000e-02	0.00000000000000e+00	0.00000000000000e+00
16	21	17	18	7.35811232776393e+01	2.69555570819129e+00	3.00000000000000e-02	0.00000000000000e+00	0.00000000000000e+00
16	21	18	19	1.13846350504706e+02	4.71569673203158e+00	3.00000000000000e-02	0.00000000000000e+00	0.00000000000000e+00
16	21	19	20	1.52614927420863e+02	2.71513812618399e+00	3.00000000000000e-02	0.00000000000000e+00	0.00000000000000e+00
17	21	18	19	9.05388640335743e+01	2.35652487691660e+00	3.00000000000000e-02	0.00000000000000e+00	0.00000000000000e+00
17	21	19	20	1.44828743595151e+02	2.37289187290428e+00	3.00000000000000e-02	0.00000000000000e+00	0.00000000000000e+00
18	21	19	20	1.19112273655792e+02	1.57897192683382e+00	3.00000000000000e-02	0.00000000000000e+00	0.00000000000000e+00
0
