3.408406968315792085e+01
3.837783258679900200e+01
7.108885322163874321e+01
1.115857685509605801e+02
6.485313387430272769e+01
6.648315639420962952e+01
1.289819805461335989e+02
1.046736366588887961e+02
3.848020520236373443e+01
6.925663156444690571e+01
1.083928917441208455e+02
6.355060782052137824e+01
6.807804620575636534e+01
1.507323092149436263e+02
1.114523363535721643e+02
1.247315149490494548e+02
5.604776043861350132e+01
1.165899491585828400e+02
1.014290642486014349e+02
1.110974295734637280e+02
5.519719347253573716e+01
7.770852810864396076e+01
4.394458228520512932e+01
4.917857709277553369e+01
1.118746904898218588e+02
8.915165404207705535e+01
9.009505014115666199e+01
1.023626721338530672e+02
9.274928590792454486e+01
9.589935452020064588e+01
1.113255542706013159e+02
1.357361534223987860e+02
1.048971932665029101e+02
8.320971302170234196e+01
1.004475949522945513e+02
1.191623168550910066e+02
5.245695602477601227e+01
3.273409983740930329e+01
4.126955090895299350e+01
1.009040430519561653e+02
8.452423840220740203e+01
7.798982756679309603e+01
1.028940093434019616e+02
1.110498668002194051e+02
8.359584782531389635e+01
1.111514779366588783e+02
1.208426740330256877e+02
8.944445215771627034e+01
9.817800033295672790e+01
1.219466003157030087e+02
1.580380895001953263e+02
2.782630350286470033e+01
4.011818483843793359e+01
1.052057090855953732e+02
9.224170526094810896e+01
8.902824502615132474e+01
1.265603920364840178e+02
1.177584139039914106e+02
1.453005538415486910e+02
1.175135795567923367e+02
1.454702305935675781e+02
1.416166999797536619e+02
1.342175497632697159e+02
1.241173443260611720e+02
1.525287797338515361e+02
9.908786186154227948e+01
1.362513425298780874e+02
1.558786490154331261e+02
4.611263736333651053e+01
1.217675911315364914e+02
1.057779988948897767e+02
1.048304975571235929e+02
1.500318041514170204e+02
1.378567496695921477e+02
1.765934232165068920e+02
1.800024517331734160e+02
1.088514342494034253e+02
1.362764517734915728e+02
1.853402340499659431e+02
1.050842871014065310e+02
1.348062678613455887e+02
1.375669688116131510e+02
1.116624217411763453e+02
1.053725635613467801e+02
1.349116513262997898e+02
9.335990503170556565e+01
6.773770912945347789e+01
6.566887749283692699e+01
8.975051725825707649e+01
8.031327624317128766e+01
8.515701778675142464e+01
1.068043351841227917e+02
1.448448134526867364e+02
8.916828974837801525e+01
1.314560672958102145e+02
1.356120725549791075e+02
9.340296952668192887e+01
8.455374081656674434e+01
1.099369492390624572e+02
1.552876755885830278e+02
6.286231497506155819e+01
8.170925094925352994e+01
8.449251210855226191e+01
3.609197210261155675e+01
3.985796738488122770e+01
5.697853539358764863e+01
5.289020232847069281e+01
5.809169963594666797e+01
8.701186700320597822e+01
6.013337782749414373e+01
1.185857857223270742e+02
1.003406625869643278e+02
2.115519359111274582e+02
8.923538026123911493e+01
1.337532965412146666e+02
1.184813694731854952e+02
8.204969899373162434e+01
7.766479877153270195e+01
1.012110758669105337e+02
1.413732904909787464e+02
5.385824370131825134e+01
8.070596404258992607e+01
7.767370668226791963e+01
8.882504336972479564e+01
1.353535192338799504e+02
9.023102742828051248e+01
1.366045768159270324e+02
1.619539269415901970e+02
8.918545940834839314e+01
1.891879931400698638e+02
7.005251421297674597e+01
1.056011999855074635e+02
1.095252800092938088e+02
7.815289100281682977e+01
5.948871960086249544e+01
5.534120586840465705e+01
6.362515163512790650e+01
9.477607796000731355e+01
6.285613248812918386e+01
7.316055345317180070e+01
1.519598973038315251e+02
2.176706386887296105e+02
1.319839905455671385e+02
7.636546938565000175e+01
1.588768396283696802e+02
5.923363763074716104e+01
8.830791029482026033e+01
5.581717116218630537e+01
6.282693606650150286e+01
8.835751080931738954e+01
5.716500446163476568e+01
6.675992075094141853e+01
1.123860488966556659e+02
1.248986220719216362e+02
2.044232208318556161e+02
1.345212481831939613e+02
8.194120906528438297e+01
1.616982792805279132e+02
7.848469849476857974e+01
1.129592173495996690e+02
7.485249546718770830e+01
9.060770735481739280e+01
1.516933852113081684e+02
2.244103052319037204e+02
1.952661015371338920e+02
1.361702802783292441e+02
9.005170098061893214e+01
6.059033062276397175e+01
7.684321939775666976e+01
1.273038429548234234e+02
1.894220404956865025e+02
7.831025693752835082e+01
1.632115415689036695e+02
3.869593545562140946e+01
5.631499791819238965e+01
9.627640825440126093e+01
1.482445983487639296e+02
6.376669643569186974e+01
5.902444221847883910e+01
1.032058941557142617e+02
1.645774245611617630e+02
7.451577631916202904e+01
5.316058745326724022e+01
8.200473415711446989e+01
3.894039436396123932e+01
4.431479047523583148e+01
2.574352602280487545e+01
3.428097651431962589e+01
3.291096208447495997e+01
4.487345117738398415e+01
4.579506205864883839e+01
5.273105627593086098e+01
6.398780709991093119e+01
7.119009477536017982e+01
1.070876950081453458e+02
6.166286688188092313e+01
9.337386973932463263e+01
4.476199350153976297e+01
1.073045737391677221e+02
1.459079352309968840e+02
5.915613845919325087e+01
8.593042056405234064e+01
1.024307635286509850e+02
9.194959275112474018e+01
8.142375110920150405e+01
5.852197643021245455e+01
9.404942862062208064e+01
7.412903832148700189e+01
1.021953321895074822e+02
6.003213750772561497e+01
1.270152325145015055e+02
9.570332050632968901e+01
9.927247457939908770e+01
1.386716072005600608e+02
8.432452607717303295e+01
8.007769134983895754e+01
1.163509528872267964e+02
1.294722562434256190e+02
1.128024964777457342e+02
1.073749477482942041e+02
9.119333459834524547e+01
7.547619796775256873e+01
1.136161371313022244e+02
1.420045851077080101e+02
1.110618408179647929e+02
9.772915450280845562e+01
9.379862752111833402e+01
6.565431097442595387e+01
1.285218912663854383e+02
1.430495477171004097e+02
1.935461661680552936e+02
1.347757716404755399e+02
1.158948841564621830e+02
1.148347772396099060e+02
1.356740638729991417e+02
8.623878926594326799e+01
8.967988036712816324e+01
1.467244810580130547e+02
1.570840649193340255e+02
1.469329267175904192e+02
1.329979920439422756e+02
1.362169206764833405e+02
1.170952589067104839e+02
1.202748081738133266e+02
1.048810359811609771e+02
5.477494356940771070e+01
1.545163697326445345e+02
1.461190815675820431e+02
1.247105250245293462e+02
1.346766772193809061e+02
1.520157769194161403e+02
1.237653249457946742e+02
1.132296117086026186e+02
1.009477461402232166e+02
5.419960656258523102e+01
1.478863916091033559e+02
1.635752013350447953e+02
1.390788636574415875e+02
1.299302954600219095e+02
1.353207278137342939e+02
1.567321871002909575e+02
1.338313601810212958e+02
1.228299801614603552e+02
9.995243005103363032e+01
1.353061248029492845e+02
6.467546446140721628e+01
6.418254809466947108e+01
1.604933961571830707e+02
1.553011250047268561e+02
1.561991652447116508e+02
1.449740825420790600e+02
1.464687731056368136e+02
1.446774001858547365e+02
1.208258004783901214e+02
1.416011204655608537e+02
9.757477939923074928e+01
8.475508759870228914e+01
8.802659763550082062e+01
8.161648300930009725e+01
3.291096208447495997e+01
3.012085335518004214e+01
5.026825853997272020e+01
2.450789956863456354e+01
4.533776060530973240e+01
5.103583394198855672e+01
1.940934960882691485e+01
3.452555026618230727e+01
4.913408437084230940e+01
4.759781978306759953e+01
1.802941804040928275e+01
3.307558608057167504e+01
5.734910129721972538e+01
7.785378465662211056e+01
7.827672986869166039e+01
3.173564788361241895e+01
6.137500270824610027e+01
1.014935633054361261e+02
1.712019480946158367e+01
1.319991990649935474e+02
8.871009034663998705e+01
2.773842345864152392e+01
5.573131268214528689e+01
1.002504246676185886e+02
1.393237043918910558e+02
8.057610868075308019e+01
4.403482863565717054e+01
1.558268065874482566e+01
1.479182766503854829e+01
2.576156074912926996e+01
5.317665156256419579e+01
1.018510983988404490e+02
1.527693257991213898e+02
9.058163128912346451e+01
5.834635085397795251e+01
7.186877334266600315e+01
2.459415944783926733e+01
5.171916484801632663e+01
1.035031327198077946e+02
1.647459673749297906e+02
1.018489280945108959e+02
7.359565343799005177e+01
1.050188937577034096e+02
1.431492962424960247e+01
6.582789006106912666e+01
1.383150693641872842e+01
2.332279388335746972e+01
4.943275757739679932e+01
1.014820604996517233e+02
1.671941379110739376e+02
1.053742884910621598e+02
8.177096535416951895e+01
1.259101371171758927e+02
7.773596162047940084e+01
6.428089938474377618e+01
1.352344141453142790e+01
2.253147763796243552e+01
4.806465066644208406e+01
1.006223535131683064e+02
1.706012923296804615e+02
1.103761630753170522e+02
9.116409165919988311e+01
1.511169119027693171e+02
9.753505293773893925e+01
8.025591166132637966e+01
9.214329910205307783e+01
1.328681394334716970e+01
2.192071578979315660e+01
4.695873869396896083e+01
9.968479203050964088e+01
1.725811396626521912e+02
1.139728432755560732e+02
9.870728117662692114e+01
1.730807209966496316e+02
1.160644332034229222e+02
9.600203043827886518e+01
1.182995480665387618e+02
9.078096618872486090e+01
1.301238796149745625e+01
2.117614564510504493e+01
4.535351195825054305e+01
9.697183867464408991e+01
1.696917847817416884e+02
1.127970697387791432e+02
1.006523665198863711e+02
1.825904273181450890e+02
1.240397663249211462e+02
1.003214368092232291e+02
1.232068640651455382e+02
9.218391119851794713e+01
5.557592941886847626e+01
4.476295891800048565e+01
9.649405453359906915e+01
1.710168408292936988e+02
1.153569156345461693e+02
1.060986303941288469e+02
1.998737800419749249e+02
1.406890632273676260e+02
1.172584002469274225e+02
1.512527472809876770e+02
1.215769836914030009e+02
8.822327618392864679e+01
8.285383316766201744e+01
1.277103787162486803e+01
2.055997831377592178e+01
4.421166903137368109e+01
9.587833150566959262e+01
1.715237719921740052e+02
1.169397100814218504e+02
1.100799400276779636e+02
2.135257961304934895e+02
1.545358200654932830e+02
1.318419591609233805e+02
1.759356271601146773e+02
1.480512379677087154e+02
1.182168848061158144e+02
1.291113856671845213e+02
6.152057168251670305e+01
1.260422199642537144e+01
2.010421042312741235e+01
4.316625354271974402e+01
9.382224678687336450e+01
1.684709290264298716e+02
1.150828698695493557e+02
1.098772214639018330e+02
2.169288234469177041e+02
1.589743156225736129e+02
1.361302177668472098e+02
1.832755550233914335e+02
1.567432685195844613e+02
1.314193206977205932e+02
1.536728780010365938e+02
7.783447494818588552e+01
4.614139864468423724e+01
1.240305470821009948e+01
1.954222502213056600e+01
4.179874707933755218e+01
9.079582606421577395e+01
1.629420590473491188e+02
1.107673274288281675e+02
1.065065046299200731e+02
2.120428919566384991e+02
1.553152701701388878e+02
1.310503853444631090e+02
1.736662685489840499e+02
1.464661176224181247e+02
1.242016065130697484e+02
1.470203900986394672e+02
7.385124449399980051e+01
4.965567255779653522e+01
5.573442906724824297e+01
1.234318701748907543e+01
1.938922733408003651e+01
4.149828075437333297e+01
9.041172051483074767e+01
1.630123105522033597e+02
1.114249761029812760e+02
1.084306748639968419e+02
2.192563618851383467e+02
1.632360868532009022e+02
1.398762086452088624e+02
1.888554904185367604e+02
1.631529887396314393e+02
1.438064214121890529e+02
1.787291661831476119e+02
9.539016253470099116e+01
7.263046712914974989e+01
9.786227339147256998e+01
9.071761105043573536e+01
2.912517259627783872e+01
3.997035812087825235e+01
8.304201449889210096e+01
1.473689059925295908e+02
1.000204172456625997e+02
1.001813333642405439e+02
2.073512820992465038e+02
1.567027976412103669e+02
1.356065790493033489e+02
1.844145010212548925e+02
1.604050246766767032e+02
1.425180946704412008e+02
1.780358439396983385e+02
9.530116068287365749e+01
7.273592544913815061e+01
9.799945587815956571e+01
9.080523598674795949e+01
3.898403639522507547e+01
7.630965200149871919e+01
1.326029360497947494e+02
8.907427918621245055e+01
9.250092589620253136e+01
1.966305547463807955e+02
1.509854419253952358e+02
1.319132573732773039e+02
1.804826914967634082e+02
1.579489227229835251e+02
1.415338551950654278e+02
1.777168246561368505e+02
9.538632099165133127e+01
7.297194058558532959e+01
9.824509931680115926e+01
9.094327250170353238e+01
6.235488058001950407e+01
1.058865088753182562e+02
7.212135520034759395e+01
7.970887628740989328e+01
1.769319470929410727e+02
1.398170017457180734e+02
1.246664901682304105e+02
1.730389716361254955e+02
1.533626224848195534e+02
1.392867330359671882e+02
1.764259244754091753e+02
9.518125508306101779e+01
7.309884506803585680e+01
9.842967583838864698e+01
9.106534403415412271e+01
5.304129309047517893e+01
6.541805388376535291e+01
1.549425633211515105e+02
1.274286369224837330e+02
1.167256916363262604e+02
1.648898348691241722e+02
1.483413457762983398e+02
7.060785695333889578e+01
1.369347494232058864e+02
1.752383621896132126e+02
9.509237555193716673e+01
7.335557184888972415e+01
9.873398571573912363e+01
9.124740352342239191e+01
3.644641175145191170e+01
1.366884288556877038e+02
1.175130680593557031e+02
1.108025095442176280e+02
1.588491350467606367e+02
1.446774001858547365e+02
1.357783810408544696e+02
1.754074620973073593e+02
9.560639141201372126e+01
7.403452875485490381e+01
9.937801356608075309e+01
9.158155505537315832e+01
4.853985679269221265e+01
1.295423043381140360e+02
1.132756735846220977e+02
1.091750692096845512e+02
1.570741198508522984e+02
1.437048587134152626e+02
1.368494275680913574e+02
1.779607689696055957e+02
9.713837216650712492e+01
7.540189048187036747e+01
1.005578005057264335e+02
9.214920424210282590e+01
1.057948707520581877e+02
9.166442681698103456e+01
9.380590451116881923e+01
1.395250178540745196e+02
1.319322990552233534e+02
1.303967299920715277e+02
1.738679790374148411e+02
9.641923910272338105e+01
7.570559846810479598e+01
1.010310365460615429e+02
9.246146702012208607e+01
5.532083118868869320e+01
6.850300462886114872e+01
1.111975851660843233e+02
1.125363367286607570e+02
1.183677539964525494e+02
1.648320947548387494e+02
9.411665071589625597e+01
7.538796950929967977e+01
1.011652256748640468e+02
9.268380210101119587e+01
5.896190308465738639e+01
9.710794895317313546e+01
1.010416856341246188e+02
1.117018503431541490e+02
1.606273109012647922e+02
9.380388565899264108e+01
7.651706979583673274e+01
1.024231861661954639e+02
9.340092374170406231e+01
7.269121558877837685e+01
8.037840692654606300e+01
9.672483538885235532e+01
1.474623949875845312e+02
9.027081980160009778e+01
7.633101479335971362e+01
1.029417369454411926e+02
9.391800056967632315e+01
6.459437776272910980e+01
8.187658636266843359e+01
1.305527364531829448e+02
8.475508759870228914e+01
7.555124870577203922e+01
1.032367208889951513e+02
9.447136127531031491e+01
7.972055843052422119e+01
1.232112135449457924e+02
8.227557435128686336e+01
7.743267472147242358e+01
1.055413380944447397e+02
9.595796003619598480e+01
1.024950569556114743e+02
7.392321681642093267e+01
7.731563715340648457e+01
1.072146601502551135e+02
9.763694871343092530e+01
5.257781881676580582e+01
7.030677503827823216e+01
1.057549542049656708e+02
9.918083771048989661e+01
6.386293420142543908e+01
1.051164312355070081e+02
1.029497547739384231e+02
7.912591952631082393e+01
1.003100915152312496e+02
8.161648300930009725e+01
