8.831561314628322634e+01
1.064787121980364617e+02
1.360608200370474208e+02
1.489590714182477029e+02
1.797466978628947345e+02
1.969229359120270715e+02
2.133192486000421582e+02
2.710014584255434897e+02
8.872690013661151909e+01
1.121044135550445162e+02
1.253709581419540768e+02
1.527365819979742980e+02
1.693167235988657637e+02
1.802216821822928239e+02
1.994931509411158856e+02
2.585518792877961118e+02
1.494942252577885711e+02
1.681608100807491724e+02
2.208652518406480851e+02
2.293071501567485200e+02
2.465013585350213816e+02
8.456378337316415639e+01
9.772989419896546792e+01
1.220283877888387849e+02
1.381611076011807597e+02
1.503880074444556953e+02
1.659621758185192846e+02
1.991444863208469371e+02
2.190123440922272664e+02
1.595938826855398247e+02
1.932585391841306546e+02
2.151907064118992992e+02
2.296525834800576433e+02
2.303036107824820533e+02
1.344439170362309142e+02
1.537155330317925177e+02
2.090277558452300468e+02
2.130160024053914185e+02
2.264613103653371411e+02
7.537309500488183289e+01
9.642833036917988920e+01
1.121510000717294844e+02
1.253299964240510036e+02
1.404375249184113557e+02
1.488159242028404492e+02
2.028182621604337328e+02
1.910518086888205289e+02
1.548838443034074146e+02
2.122583870412390183e+02
2.009680286255558599e+02
2.257492424635876205e+02
2.450755089897724872e+02
1.416021669322809089e+02
1.715100555958563575e+02
1.981284032835145865e+02
2.167623956369538121e+02
2.229009410419992321e+02
9.492615118601987945e+01
1.103257685829923247e+02
1.260739726823802016e+02
1.422676266264915341e+02
1.504767851838217609e+02
2.071905724717375392e+02
2.002738273023087174e+02
2.139733670295977390e+02
2.032861014175524019e+02
1.883499767575280543e+02
2.128369581702802122e+02
2.286598558565663382e+02
1.868690518386072767e+02
1.825870847459010804e+02
1.969514159790234373e+02
2.156226832561535502e+02
2.296151080462942957e+02
1.309376311149049172e+02
1.848166963460083991e+02
1.816013384042193479e+02
2.104758429200163903e+02
2.348447641496625806e+02
8.254490502530919116e+01
9.841395960397606757e+01
1.133411024719202516e+02
1.197662205324865141e+02
1.676471272086260171e+02
1.728940792299891314e+02
1.625890374807028138e+02
1.871749712962853778e+02
1.657736283599429896e+02
1.914328696122332758e+02
2.053290136834956172e+02
2.162542002163276322e+02
1.769065530662644221e+02
1.677112275136714459e+02
1.944323184885851958e+02
2.144325863121403017e+02
1.615438229056966009e+02
1.620686148461629159e+02
1.793878516183081047e+02
2.013720387237650868e+02
2.201890256190071398e+02
9.099293698998192781e+01
1.112576042649854458e+02
1.580545540178819124e+02
1.654846182987386101e+02
1.504943113094900013e+02
1.755702114957359754e+02
1.915069031504872612e+02
1.916960783286126855e+02
1.949793317347761956e+02
2.171627177719640258e+02
2.383276584882037525e+02
1.701734219092516014e+02
1.856173715012403989e+02
2.016503165964542745e+02
1.996103564047943735e+02
1.420336051297718143e+02
1.669135598466711770e+02
1.834132868662835278e+02
1.990881134392087688e+02
1.741599792736366510e+02
1.970566612478863817e+02
9.079992312819894096e+01
9.169408309642321342e+01
1.330714067988318732e+02
1.419349342837375048e+02
1.313455602686844088e+02
1.500929248522256785e+02
1.649135035993333815e+02
1.818847645385851877e+02
1.759346773643225958e+02
1.853739453843566594e+02
1.999108902180242353e+02
2.237094163902784487e+02
1.647639964572896361e+02
1.709323793810061431e+02
1.942283663817910622e+02
2.188886491220569894e+02
1.750516131499055916e+02
1.792786752142026785e+02
1.158845303456196234e+02
1.390457027540785475e+02
1.570974018948660955e+02
1.760369785048140443e+02
6.944989003637994074e+01
1.028821093627199161e+02
1.130020222017139844e+02
1.070449396543555878e+02
1.241027058734865989e+02
1.359055011948123592e+02
1.425577031564993433e+02
1.637444348635395954e+02
1.620558999574603263e+02
1.847637472916369461e+02
1.805735298452239590e+02
1.512833777558063275e+02
1.613333831315549389e+02
1.782820598584356730e+02
2.045184621102776248e+02
1.349220041253946647e+02
1.427170978023377188e+02
1.651091492643108154e+02
1.915452043652422276e+02
1.160848867824794013e+02
1.301002916824926103e+02
1.480521036759781737e+02
1.561592492313964158e+02
8.619452700906956011e+01
9.744000156429589765e+01
9.497398224033699421e+01
1.115010550502467765e+02
1.225889694237252598e+02
1.288275806576101274e+02
1.378279979457955449e+02
1.550179163186827509e+02
1.859461401568302961e+02
1.756086492366838172e+02
2.222814344481626563e+02
1.618089487400592930e+02
1.742727394002083372e+02
1.676121426248396062e+02
1.395574395551123814e+02
1.601149576273684829e+02
1.607645396357604000e+02
1.243874392946655689e+02
1.340589535345061734e+02
1.521059923548136794e+02
1.793202415563283978e+02
1.130351703731857071e+02
1.219079918903387494e+02
1.433696865923086818e+02
1.710746267757141368e+02
7.924341859343989825e+01
8.094604236374368611e+01
9.729128698387266638e+01
1.075741398409736860e+02
1.145543308182212172e+02
1.194929315890297232e+02
1.365368869500061635e+02
1.400626629586145668e+02
1.689446074270605038e+02
1.672623811172923638e+02
2.171435632735586978e+02
1.675871630143780635e+02
1.602091896239439848e+02
2.059137580399714409e+02
1.435595132604904620e+02
1.580033619076226614e+02
1.548416141825795194e+02
1.250902792115339395e+02
1.432529382526507504e+02
1.481718582048748374e+02
1.170703894345370344e+02
1.273256606912632947e+02
1.484311921853565650e+02
1.800009836918081874e+02
8.252251381633436722e+01
9.932072720151872147e+01
1.097655558863573475e+02
1.185084273647953239e+02
1.253766483101255886e+02
1.363510114444563897e+02
1.537103267949664485e+02
1.542368292808913850e+02
1.536339151842943238e+02
1.591689285250900241e+02
1.490900158460225384e+02
1.981680940703426756e+02
1.451322156747196175e+02
1.409228263503513006e+02
1.846982933760633330e+02
1.216402829700441686e+02
1.382914055651598915e+02
1.396201518500152190e+02
1.104289388390691613e+02
1.266776122167052279e+02
1.365719883434516362e+02
8.387035431514658512e+01
8.885232277763164177e+01
9.593998764245694133e+01
1.018841571024724431e+02
1.088737714514204242e+02
1.263420576804698072e+02
1.240434479551043978e+02
1.654890756665470803e+02
1.413812172759924408e+02
2.093453780752915918e+02
1.277563614756729606e+02
1.347748969181610619e+02
1.208407651139175556e+02
1.241816621832520298e+02
1.699812548895342843e+02
1.150005552347188740e+02
1.144697551699423883e+02
1.549370930960789963e+02
8.852439207141431154e+01
1.041682834304710212e+02
1.084883710079394490e+02
6.346912120397758628e+01
6.885408352096777662e+01
7.390949175066771204e+01
7.689064468085051374e+01
9.107686460317877675e+01
8.981351295002090751e+01
9.298241523740949788e+01
1.295031238406556611e+02
1.299114162815234579e+02
1.982972036919647678e+02
1.182895539954331809e+02
1.774963829220445461e+02
1.065943026120372821e+02
1.144986901444759582e+02
9.368190997792564190e+01
9.812136957441907725e+01
1.383016859340546318e+02
8.668068789477187863e+01
8.669644444428610086e+01
1.188322225469836440e+02
6.191998412543513552e+01
6.804541170549090623e+01
6.904563249537930858e+01
8.416704303567868806e+01
8.352670347337047474e+01
8.574507854356555470e+01
9.261837188385479180e+01
1.356312611169109630e+02
2.421190585410442964e+02
1.107590967906317729e+02
1.727221257514885622e+02
1.006060447232329835e+02
1.529521287562495786e+02
8.384019733538831076e+01
9.111397560674765828e+01
7.910629483046581356e+01
8.417810586274489992e+01
1.216762061316451593e+02
6.307476192216351052e+01
6.081222610506467419e+01
7.706518477255558253e+01
7.657929023205555552e+01
7.964401200159059613e+01
8.532301607431712398e+01
1.299369548154466543e+02
9.568067084575876891e+01
2.031553274591655907e+02
9.031470761720872531e+01
1.444070601037311405e+02
7.870069545193985050e+01
1.212274454849339804e+02
6.954617827882437098e+01
7.758456598891518752e+01
4.386410694031110324e+01
5.987353439609064054e+01
5.994152067220145597e+01
6.377394409211345305e+01
6.944024882155312639e+01
7.457802646305952976e+01
1.217693258128704628e+02
8.017297527016113179e+01
1.617085339337126300e+02
7.141007998973704218e+01
1.180442135116789757e+02
6.123289669226113574e+01
9.591716389381895169e+01
4.928538734271460697e+01
4.746902933868079089e+01
5.144816668325645992e+01
5.654067822433117385e+01
6.167166802042450513e+01
1.313366512556597456e+02
6.453560831820020383e+01
6.955328845776189439e+01
1.398054528541513832e+02
6.394826987471968494e+01
1.073638338649965931e+02
5.416139699994586465e+01
5.639111065131472600e+01
6.026331488764300559e+01
6.524958062497101707e+01
1.379545195853562518e+02
6.529435841374166216e+01
5.769487222056083908e+01
1.167916749066212674e+02
3.886140917033070963e+01
4.296655135355185706e+01
4.844324163813224970e+01
1.046933143722103381e+02
5.153489609264379112e+01
5.994789903704414513e+01
4.588618973833867898e+01
3.752919302175765637e+01
4.079900247080090026e+01
8.481917623577471943e+01
4.265692830966079185e+01
4.963839839589582681e+01
3.680078697126707965e+01
6.987872553518444363e+01
3.600174902292807388e+01
4.159701271095155306e+01
5.946033237105740454e+01
3.168162533008610993e+01
3.632785178473550047e+01
2.600190069762823697e+01
2.949174557033390442e+01
4.499791551561796155e+01
1.056211231069765404e+02
1.007398109070844328e+02
9.665039527617834381e+01
1.065311584831075606e+02
1.425649441566691280e+02
9.502933210142003873e+01
1.435082582602921661e+02
1.061501730344911039e+02
1.406851837519506034e+02
1.011701031138132976e+02
1.809763232298186608e+02
1.807415868931335012e+02
1.390388588095750038e+02
9.482323440517157564e+01
1.808081166025726532e+02
1.949909511393336459e+02
1.377976486509289771e+02
9.960087763658272308e+01
1.727598192451176828e+02
1.837500863081813520e+02
1.290194392053358854e+02
8.672957132141389991e+01
2.011594498011810117e+02
2.173147244989723958e+02
1.614179282999204759e+02
1.659561980089694941e+02
1.240349667577042538e+02
1.000533708840713700e+02
2.004107409223072978e+02
2.077647438853930453e+02
1.582684310418059681e+02
1.666169263808080245e+02
1.313339416070386108e+02
9.380862259333190423e+01
1.920506777046232401e+02
1.980446989958122685e+02
1.628914435755557406e+02
1.582931389908324320e+02
1.337516518388274278e+02
8.016248227059946885e+01
2.240526838122946458e+02
2.311942306837958938e+02
2.303190260039335442e+02
1.923310157112262857e+02
1.913641108334887520e+02
1.632031945183490222e+02
1.885684746395196214e+02
1.136505243775252723e+02
8.175633487503803565e+01
2.262873986663805397e+02
2.236141037403115490e+02
2.288030746249452818e+02
1.938317403331887476e+02
2.064864600594187607e+02
1.570807778518533553e+02
1.696176465601798498e+02
1.013417829682451128e+02
7.433730117613860955e+01
2.231576020810497880e+02
2.337260591391584796e+02
2.217115499752945311e+02
1.842935790653091885e+02
2.132701193848097034e+02
1.396342246204376067e+02
1.339626869812346399e+02
1.045205157483121070e+02
6.387567286348288320e+01
2.529400634881807264e+02
2.594795296474971451e+02
2.520956959139818139e+02
2.136880060166880071e+02
2.350668937790189830e+02
2.635018889629912451e+02
1.822045102124995424e+02
1.832193930575898548e+02
1.295727852665644946e+02
1.366995549773537562e+02
9.998752425543948164e+01
6.312567909836185720e+01
2.428551832803321986e+02
2.617793035006770879e+02
2.728855797356624180e+02
2.086179575620752473e+02
2.270803662905854026e+02
2.380838341540958822e+02
1.674135330634434808e+02
1.635252511607060057e+02
1.251034657558226257e+02
1.345999449344062384e+02
8.729952193940529526e+01
5.908294661482621279e+01
2.686763287857253317e+02
2.834647945041130583e+02
2.913584721126386512e+02
2.741882583383018641e+02
2.371774545127752560e+02
2.520448679539165653e+02
2.836493456682357532e+02
2.057248945757855552e+02
2.041577359539035967e+02
1.898691169678471340e+02
1.536734597662933481e+02
1.648064148836668892e+02
1.212896932291675967e+02
1.270373715215571195e+02
8.615159362552174116e+01
5.410444377659408843e+01
2.647786287403604319e+02
2.787309003938883620e+02
3.007240056799441277e+02
3.337417471349587004e+02
2.329378679668024290e+02
2.468211370867420555e+02
2.423968356933644657e+02
1.920129549179850130e+02
1.921516066649955974e+02
1.967464755620850383e+02
1.497047881395875208e+02
1.592990153917707516e+02
1.193176936952207114e+02
1.186294385717758928e+02
8.293449937971037400e+01
5.264797425199510172e+01
2.636198829343414900e+02
2.751856212214065067e+02
2.929216737425374504e+02
3.044621883176827168e+02
2.315393948709503320e+02
2.316368640119656277e+02
2.209575326345459700e+02
1.799023700851010688e+02
1.916197721483613066e+02
2.001164213240322169e+02
1.486321514967758617e+02
1.490263270852264270e+02
1.137292598035058688e+02
1.233984181473247190e+02
7.856431007827218593e+01
4.775505847123050529e+01
2.884333713130482124e+02
2.995838764954883686e+02
3.134953905906735940e+02
3.493675778253096382e+02
2.597008343014949787e+02
2.737930485336835318e+02
2.663880952298061970e+02
2.454749923659266244e+02
2.161131027380797036e+02
2.176421250407017283e+02
1.809096995738314035e+02
1.845247766128849207e+02
1.876539365946624685e+02
1.481951151098335231e+02
1.537148928284410374e+02
1.109330748896316976e+02
1.196848108237502828e+02
7.306141395314723752e+01
5.056008220416691756e+01
2.770906936822898388e+02
2.892548402621937385e+02
3.012520428154153933e+02
2.932995559056936372e+02
2.441093569992218590e+02
2.448360005342047145e+02
2.403920497330514365e+02
2.438804937928440495e+02
1.991528305270566648e+02
2.055907785891447190e+02
2.135238259816250093e+02
1.675539308357893447e+02
1.717552305835939137e+02
1.665231513202257645e+02
1.338188107159086258e+02
1.453274076586942840e+02
9.580681444554699056e+01
9.901173382632424591e+01
6.273905958778190239e+01
3.811430765447067870e+01
2.740399754252947560e+02
2.877030496903493031e+02
2.834196107518861822e+02
2.681585269270188405e+02
2.351809013732296876e+02
2.323547782733686233e+02
2.426366416410561158e+02
2.512790701761459218e+02
1.995239245997759951e+02
2.057681411867081636e+02
2.019325471960390530e+02
1.616883132004777792e+02
1.703524141890229657e+02
1.797234765312568072e+02
1.270612829036919464e+02
1.351610671610260965e+02
8.803293498312775966e+01
9.100820724629502934e+01
5.874238170107354762e+01
6.638343698234415058e+01
2.736506533178912832e+02
2.696758167150468921e+02
2.676358944433542320e+02
2.769525068906010574e+02
1.942061527639658891e+02
2.013142373096484334e+02
2.037806822547353249e+02
1.584632854053612050e+02
1.701625140305824857e+02
1.778832421558309420e+02
1.202917326956919055e+02
1.227255090145448975e+02
8.257506889563609320e+01
8.783188431510798466e+01
8.097131335191532742e+01
3.007907898062768837e+01
1.056211231069765404e+02
1.140943846595552174e+02
1.069708879372651751e+02
1.143781440553051141e+02
1.293503699267479874e+02
9.978669251986545419e+01
1.137121867226618406e+02
1.323362210246012580e+02
1.171624485091643493e+02
1.124913240823689904e+02
1.426170110874961665e+02
1.502661015869610708e+02
1.515033463005294436e+02
1.033200657936296381e+02
1.114566328819541923e+02
1.429887357415191218e+02
1.597844477512370815e+02
1.771864950839377002e+02
1.379090763032781410e+02
1.110293569539703782e+02
1.106649944377204520e+02
1.426181778421603781e+02
1.647071328462306212e+02
1.941975372482563387e+02
1.660478922107341191e+02
1.461000295487903031e+02
1.074003856648603801e+02
1.100048696931854266e+02
1.418637867641074877e+02
1.668657778803278404e+02
2.045802687528812953e+02
1.870954297057867279e+02
1.768943481349930380e+02
1.374980654888839524e+02
9.082425861074213458e+01
1.094906720327389564e+02
1.411438074408451371e+02
1.679283718209904919e+02
2.115624003985103343e+02
2.039199364739865530e+02
2.064962342049311133e+02
1.751674835733913369e+02
1.303162983511297739e+02
9.900193807418470726e+01
1.088488000143010623e+02
1.396860386563613758e+02
1.665158105865285449e+02
2.119458462264713887e+02
2.099642755781941048e+02
2.206170977403016025e+02
1.958121664091176228e+02
1.537753616666175844e+02
1.229686258172973936e+02
9.071188578577250894e+01
1.083799340528759103e+02
1.386202197854551912e+02
1.654341466591406800e+02
2.120460328365388136e+02
2.142748642994504564e+02
2.316428363562868924e+02
2.133458410729199102e+02
1.750150023793838443e+02
1.454498906811152779e+02
1.125472660178680115e+02
9.923928066822513472e+01
1.081047443533019106e+02
1.380764927664723700e+02
1.651624529925412332e+02
2.132346399185123005e+02
2.192568344177313122e+02
2.432350421427795482e+02
2.320860963396257262e+02
1.989898183548352222e+02
1.729342055472839945e+02
1.409909811811051554e+02
1.312717368654662948e+02
9.465564774516235502e+01
1.078530033024555337e+02
1.375273130616133415e+02
1.646528814790579531e+02
2.134823873833149150e+02
2.221202465970434901e+02
2.509418216314283256e+02
2.457507561434190677e+02
2.179044526273083022e+02
1.959564468667642814e+02
1.656024697903626759e+02
1.605009269557071434e+02
1.154569492392999166e+02
7.225720131911120347e+01
1.076328020444837108e+02
1.370248139939377552e+02
1.640911596330799114e+02
2.133182907034111508e+02
2.238311198540334885e+02
2.563064099028920282e+02
2.560894254923676385e+02
2.332780814732792010e+02
2.159619811417849178e+02
1.883881714885303325e+02
1.898279332290261436e+02
1.401185300591298244e+02
8.932987358278982981e+01
7.092029403461278037e+01
1.636458428658702928e+02
2.131730418722227682e+02
2.251511593081994533e+02
2.605683602529623499e+02
2.645757418328429367e+02
2.464138808573816846e+02
2.338654827437441099e+02
2.188705484045332241e+02
1.661870790810050664e+02
1.085117470330977483e+02
8.845146914182009823e+01
7.076515783996326547e+01
1.073203119484955721e+02
1.363199586743332077e+02
1.633089338062861202e+02
2.130913317124249033e+02
2.262537777885949879e+02
2.640959840080595882e+02
2.717067946321815839e+02
2.577574969300255248e+02
2.296970772929135478e+02
2.472362492978925559e+02
1.931386381930288678e+02
1.292636085169907574e+02
1.077155438644079908e+02
8.577229380614943466e+01
5.535133387259736537e+01
1.071883851135249870e+02
1.360087029583065998e+02
1.629084524434138359e+02
2.127639245241045387e+02
2.267634584397084438e+02
2.663863123940712399e+02
2.768646184855224988e+02
2.665410471477263741e+02
2.630183166394338627e+02
2.468764122262604417e+02
2.731860917124361094e+02
2.196908157381155036e+02
1.517328319215693853e+02
1.312164423049023299e+02
1.094979104160308907e+02
7.789946737640283914e+01
5.538323467849094328e+01
1.070714888335388224e+02
1.357265162400180714e+02
1.625208188136249987e+02
2.123622462393030901e+02
2.269624834498077917e+02
2.678909828586467370e+02
2.805937989711140403e+02
2.732302181019006753e+02
2.733457510868818190e+02
2.608052521228403862e+02
2.949615036133071726e+02
2.425863120893204723e+02
1.714430558862924272e+02
1.517893861001011544e+02
1.294247001291579124e+02
9.513446647679430157e+01
6.241591813539653799e+01
1.069846142351857594e+02
1.355261291238535648e+02
1.622718499538866013e+02
2.121784179633903875e+02
2.273466276540615638e+02
2.694934768264074592e+02
2.842065609088571705e+02
2.795287663901519863e+02
2.831064526054975090e+02
2.741882583383018641e+02
3.163155351483711115e+02
2.657969974633231800e+02
1.922495030809588741e+02
1.745401534114836011e+02
1.528990207577229228e+02
1.169564340052234144e+02
7.866467097128101216e+01
4.844857499645583232e+01
1.069176527510037857e+02
1.353777767721166470e+02
1.621051581948474620e+02
2.121094979812111205e+02
2.277911923968781593e+02
2.710315719290908305e+02
2.875198543872380696e+02
2.852307658087482878e+02
2.919939543712011982e+02
2.865528841321169580e+02
3.364154917197715235e+02
2.882264875049581860e+02
2.129667796700436782e+02
1.979062875374679322e+02
1.778337300033784629e+02
1.408951093199325442e+02
1.001451788661205597e+02
6.735817650750412611e+01
4.686258087893833135e+01
1.083308750445876285e+02
1.068608506322596838e+02
1.352525820780112156e+02
1.619651333507081006e+02
2.120518622592847180e+02
2.281640218477437259e+02
2.723237266494233495e+02
2.903181540591435237e+02
2.900914384636425893e+02
2.996726715120238396e+02
2.974219999719933867e+02
3.544658559792111987e+02
3.088829738262393221e+02
2.325761886386566459e+02
2.206539034279732903e+02
2.028358532339600231e+02
1.656517643241783446e+02
1.252257725285514169e+02
9.096086082261571448e+01
6.529478155332760991e+01
4.745485055604787306e+01
1.068140822821419391e+02
1.351516564587822131e+02
1.618581867247733044e+02
2.120269484525709913e+02
2.285142218634452149e+02
2.734726305925524343e+02
2.927708041023435044e+02
2.943437619596700188e+02
3.064332797316301367e+02
3.071022816693791242e+02
3.707916817988785283e+02
3.279432087579459676e+02
2.510881908902371435e+02
2.426523550183950420e+02
2.276274619498227594e+02
1.908251279007947971e+02
1.527796225751674797e+02
1.178439384144664643e+02
8.906157039853030710e+01
6.850931473075866052e+01
5.622506019464733384e+01
1.067023448505103289e+02
1.348397344161226670e+02
1.612910908650503927e+02
2.110221118071381738e+02
2.273306926428815586e+02
2.720366265036147411e+02
2.914735594708649842e+02
2.936554153212267124e+02
3.064960357256682073e+02
3.081873224432810616e+02
3.743809917219947465e+02
3.332302887103751345e+02
2.567620537242641490e+02
2.495226384442090932e+02
2.350239654802702489e+02
1.984765944874076524e+02
1.239331621421164300e+02
9.175494596433875927e+01
6.717493848463313100e+01
4.981740766301492584e+01
3.325199969234098774e+01
1.637165786076820098e+02
1.066806577303215420e+02
1.348063452959638653e+02
1.612985865782715962e+02
2.111783247605764871e+02
2.278426557734780147e+02
2.732793762060612153e+02
2.938159466535797719e+02
2.974630012560090222e+02
3.165636747594527947e+02
3.884925587304171586e+02
3.499080094277588842e+02
2.732762736396469450e+02
2.695788288085071258e+02
2.580995169698471727e+02
2.223267751132996466e+02
1.500055155195834118e+02
1.146537112236193536e+02
8.706185722900708868e+01
6.749787807743064150e+01
4.760527548991407087e+01
6.035392202413724050e+01
1.874547701151258536e+02
1.066576668064627711e+02
1.347647758813243399e+02
1.612792221981897569e+02
2.112611045930869125e+02
2.282076664405249176e+02
2.742294511936133858e+02
2.956722629351415890e+02
3.005548139742362537e+02
3.235864007281997488e+02
4.005406090469455762e+02
3.644047211573047775e+02
2.879005419151320098e+02
2.876811801174701486e+02
2.793349036208342682e+02
2.447420817407768254e+02
1.761673827794782028e+02
1.382918498294262690e+02
1.083967896286299037e+02
8.745666026248818525e+01
6.530077557390872300e+01
9.083366162678116495e+01
1.038766640036042901e+02
1.341940494204870902e+02
1.819052001420334079e+02
2.028962623791577187e+02
2.490347281496247547e+02
2.734415497470091054e+02
2.826221777884085782e+02
3.019797001167632402e+02
3.895451157779410778e+02
3.579524447158524936e+02
2.851510924602814612e+02
2.867129784728569462e+02
2.795960364281953616e+02
2.460161271792802324e+02
2.119241165580595521e+02
1.396038487174830607e+02
1.093131616546998117e+02
8.806586715946171751e+01
6.565374940016502592e+01
9.116682644879904274e+01
2.886696909719492510e+01
1.039621046534241486e+02
1.474484608972253454e+02
1.727019236834879621e+02
2.184039626516209296e+02
2.458706075604546584e+02
2.598222099280752673e+02
2.820741247488388694e+02
2.941596239278527491e+02
3.478583281376268133e+02
2.800334469354149860e+02
2.838650815575138608e+02
2.784600597663360873e+02
2.464178572565276397e+02
2.131076386870386727e+02
2.136466280294912963e+02
1.102308408254751271e+02
8.868754586458335609e+01
6.601886584142320658e+01
9.151449885915270954e+01
2.891105883493369078e+01
1.057106690631507036e+02
1.357426083569214654e+02
1.809615941537471997e+02
2.117761530359679512e+02
2.310799787734074755e+02
2.565498341729968956e+02
2.721193514770684487e+02
3.523896553215643621e+02
3.331422434819543810e+02
2.718262968581662449e+02
2.784990410135646925e+02
2.754058905965441113e+02
2.455754354196978682e+02
2.135508579901019175e+02
2.144780315059106499e+02
1.809459975958527309e+02
8.931130033667038504e+01
6.639234831001861892e+01
9.187457365148873123e+01
9.565919967484734343e+01
1.393196789751513336e+02
1.731811630882667430e+02
1.977875452840807498e+02
2.263376357133194574e+02
2.454152974927962134e+02
3.253830936803426539e+02
3.137974236321736043e+02
2.704068405190916451e+02
2.702107171688347762e+02
2.433113274229141325e+02
2.131349679384669571e+02
2.147222685146187757e+02
1.820746969111484930e+02
1.431537744689854037e+02
6.677779158352363709e+01
9.225124626240305759e+01
2.900524360953842518e+01
1.098262502806016414e+02
1.422717650726884244e+02
1.701016939589912624e+02
2.000421409430183530e+02
2.209858431692426564e+02
3.002363926901244326e+02
2.956455166419966645e+02
2.497182324137623084e+02
2.417054174253777887e+02
2.133956772207806125e+02
2.155854451106576732e+02
1.838440534893300367e+02
1.447191265910760478e+02
1.132044206146367884e+02
2.629795052914288362e+02
9.274001966899770366e+01
1.026763792041550545e+02
1.349191011139834870e+02
1.667051210517110746e+02
1.895690812185762013e+02
2.665685183938692262e+02
2.700734854173977624e+02
2.336212442910471907e+02
2.507275930341459116e+02
2.372460458886723131e+02
1.057964596305158409e+02
1.371741481505934814e+02
1.595927625804586683e+02
2.331911150461511113e+02
2.439276631467218976e+02
2.167362117671804924e+02
2.375299171712657653e+02
2.475177128427750119e+02
2.099622356295629402e+02
2.145281867569837857e+02
1.861252563780424794e+02
1.474151378731001216e+02
1.155538905063691999e+02
9.254428535679774370e+01
6.838168431732889019e+01
1.064189944502117413e+02
1.263995303949294993e+02
1.950872907902230509e+02
2.128964475285448827e+02
1.957935099938619032e+02
2.203082239193659859e+02
2.343369285810794054e+02
2.243997492329583281e+02
2.125897201320148326e+02
1.867252725893713432e+02
1.486592580662376122e+02
1.168059542868555525e+02
9.353836975298888490e+01
6.902185357625465656e+01
9.445612401296975236e+01
8.870659009218692859e+01
1.501627546759460472e+02
1.751373211518823325e+02
1.691514892680612547e+02
1.972584134215964582e+02
2.156702305636348456e+02
2.121669912121371908e+02
1.993949480202345228e+02
1.858848213411206984e+02
1.492115538932125389e+02
1.177744760972529150e+02
9.443554722918469224e+01
6.964443589428375958e+01
9.510131473073289499e+01
2.937276714061061966e+01
1.078951782734365992e+02
1.374073711409453722e+02
1.413461813412763490e+02
1.719326503116953120e+02
1.940037597150620172e+02
1.970899013011603813e+02
1.902725298759899317e+02
2.018505900862082569e+02
1.493843705664304196e+02
1.186783487393827841e+02
9.538245947463468610e+01
7.033393631258196876e+01
9.583047250950076545e+01
9.894369731799805834e+01
1.121336442351666989e+02
1.442348890670330661e+02
1.689925897648149089e+02
1.785624491107810456e+02
1.782080553688685995e+02
1.928955857017831192e+02
1.806940319180813503e+02
1.193748555748077678e+02
9.632623678115218979e+01
7.107838657920619596e+01
9.664326548915862247e+01
9.259716447100059611e+01
1.226318080374506252e+02
1.472978808672031903e+02
1.616303934112132197e+02
1.668886783394025315e+02
1.839681993057875502e+02
1.778832421558309420e+02
1.490421626036679754e+02
9.785434067786556511e+01
7.220057174278592527e+01
9.782426167230438807e+01
9.710376601028897880e+01
1.193702860551526612e+02
1.379607127175422931e+02
1.491667886166856078e+02
1.688247446107558858e+02
1.705205073615691731e+02
1.466430780377534404e+02
1.209967766681555048e+02
7.319689628630170830e+01
9.897597702810543296e+01
8.261583543644383099e+01
1.052212483074980724e+02
1.226325221401330765e+02
1.448512466783185459e+02
1.557422233954115427e+02
1.395397654513096199e+02
1.186755257089698432e+02
9.877048417705589145e+01
9.986646157578601901e+01
3.002296252189530890e+01
7.685592796374817226e+01
9.707308496989308821e+01
1.188884637975197336e+02
1.381696838193033443e+02
1.302054341036044605e+02
1.152453675133314164e+02
9.831547901687871160e+01
7.435340830059489292e+01
1.009549585818064514e+02
7.489959011866757521e+01
9.211309279535291239e+01
1.180631403960129120e+02
1.181013843061958966e+02
1.101599955691490180e+02
9.726762965398194183e+01
7.496843665822349578e+01
1.022794395043178213e+02
3.040087097583422349e+01
6.078149008849661072e+01
9.180898096561605826e+01
1.000261977707267391e+02
1.008861757385939910e+02
9.408733875006315373e+01
7.494678044900454950e+01
1.034566041369451312e+02
6.443026294032199530e+01
7.705879383971456775e+01
8.677729571100437056e+01
8.783188431510798466e+01
7.386267663188588983e+01
1.043288834943259076e+02
6.248065956430611578e+01
7.413108100172551929e+01
8.094788571232517427e+01
7.278616571612620589e+01
1.059317370514463477e+02
3.124703516760068922e+01
5.207553958502597879e+01
6.635832032493279087e+01
6.792263060436908972e+01
1.058364275840204982e+02
3.160898441117779356e+01
4.887875143356502150e+01
5.889362713339522770e+01
1.030358378223761378e+02
3.194334620051504103e+01
4.626543188959269060e+01
9.475576872912462534e+01
3.217470176462992981e+01
3.211330956317122798e+01
7.709687537891556985e+01
3.007907898062768837e+01
