5.066061050572540836e+01
8.762432687553366861e+01
7.656848237013015535e+01
1.642433474034585004e+02
1.494946888758086629e+02
1.011596201826587986e+02
1.943232412678099479e+02
2.051589875892047417e+02
8.407435341203142798e+01
6.543031313251880476e+01
1.261859118690745731e+02
1.012281720794761242e+02
6.618778560654675402e+01
1.324222897873395084e+02
1.175289923756544255e+02
1.500182905141410288e+02
6.185121121623769369e+01
1.188640217991763990e+02
1.207783015436472596e+02
2.308064889391184522e+02
5.020041048665600414e+01
1.050321063803769590e+02
8.627878330403619600e+01
5.937457209415739356e+01
1.231749882032524397e+02
1.046932091311424387e+02
1.218911830706301913e+02
1.997305369077668047e+02
1.072147688837720096e+02
1.250020615337894441e+02
2.057681607592047897e+02
1.509917333358494318e+02
1.233573300357268607e+02
1.146284166130176629e+02
1.541004678419429013e+02
2.204342147773203351e+02
9.851002288057979683e+01
7.969073286114587518e+01
5.760900226686483450e+01
1.234613079621294816e+02
1.078639947310740439e+02
1.287256004619050316e+02
1.233625092128392140e+02
2.496516407955067791e+02
1.010684111987379907e+02
9.827166658397891297e+01
2.008625637695884052e+02
7.940989735031028829e+01
9.436935677322819060e+01
1.625048207362606831e+02
1.279529506140713693e+02
4.537136857736207673e+01
3.327914012724515658e+01
7.148312434617101019e+01
6.316291278846006918e+01
7.395479175785548875e+01
7.259964083394898182e+01
1.092389740733011507e+02
1.461710966471136999e+02
1.065915516265985019e+02
2.470970348277633661e+02
1.672448576732419951e+02
1.036389516246805158e+02
1.564843522474644999e+02
2.101790081553939444e+02
9.910755366350254292e+01
9.903221562101933273e+01
2.012373601220245689e+02
4.850218550461863032e+01
1.075453970335492926e+02
9.800618581513883498e+01
1.134705643409587168e+02
1.143740981325704524e+02
1.184254180657808462e+02
2.702764311898554865e+02
1.928035030538286208e+02
2.375887388098940960e+02
2.024146679842856713e+02
1.644701627467613889e+02
1.088581667382737521e+02
2.383983060940548455e+02
1.694838371524363936e+02
1.127322500506883642e+02
1.694096526107880720e+02
2.285419759183736517e+02
1.292695196249270566e+02
1.065337425937836571e+02
1.113889289605987329e+02
1.117949939882782360e+02
1.179150775757587013e+02
2.431492044632527154e+02
2.063980270881924071e+02
1.792436642516918823e+02
1.063259435644661721e+02
1.845552791031899176e+02
2.127110155083404095e+02
1.531003020432968924e+02
1.887606805460291355e+02
1.645522934230477858e+02
1.464143764594310824e+02
8.260018635341320703e+01
1.762664786300873629e+02
1.340418259025423708e+02
5.012447231511631429e+01
5.214370099035997441e+01
5.588028380207488510e+01
6.241353086486616064e+01
1.255377173944525140e+02
1.336660933148015147e+02
1.010635665903886888e+02
5.357970235932637593e+01
2.287126008324091231e+02
9.351439836021242513e+01
1.031972488640179932e+02
1.870911646556974404e+02
1.929141514237908837e+02
1.489532722358163426e+02
1.660687847543831310e+02
1.429841030955441283e+02
1.395155401851037595e+02
6.098664069630046924e+01
7.769849379965801006e+01
9.582688545144421255e+01
1.891711177914127404e+02
2.013877947879214219e+02
1.086910908775063263e+02
2.070046147656373989e+02
1.327501032833005752e+02
2.092845062877584041e+02
9.087529606759740375e+01
8.434308765004000463e+01
1.629722117451563008e+02
1.561881329540238426e+02
1.328838858181304374e+02
4.951673253569425270e+01
6.875438804198805087e+01
1.262394162660543344e+02
1.303768401416950553e+02
7.582879022661610691e+01
1.749384726184726730e+02
8.091580511582530733e+01
3.489941558306024660e+01
1.398874964331579349e+02
2.133700484714945560e+02
1.007131238247843328e+02
8.762134494977830457e+01
1.806657253241850185e+02
1.052128411459410415e+02
1.571294367108259848e+02
1.463531889481004669e+02
9.435490313247655081e+01
2.251171826286748967e+02
1.578707328840900459e+02
4.774396475499278125e+01
3.306897049261010579e+01
1.241329409299556374e+02
1.712379365620979854e+02
9.030304705225390194e+01
8.225873405853741360e+01
7.135061328027869365e+01
5.474804497455347985e+01
1.404746319206106762e+02
1.060990600310922503e+02
2.978741476430984392e+01
2.581316551652610158e+01
7.317726190882127923e+01
1.836038978845923708e+01
2.114829564680418272e+01
6.382681502560186715e+01
5.436837495083201333e+01
1.661468549778577497e+01
2.414706786498788915e+01
3.117309328287831960e+01
3.953203362362182816e+01
1.209128917558000325e+02
1.172649679057126946e+02
3.948148762421951119e+01
5.796007073688603128e+01
1.242308837695163675e+02
1.303299200563011766e+02
4.905837314251675707e+01
6.844220090626753006e+01
2.288430031149893651e+01
1.140009628142581732e+01
1.652217201775656008e+01
2.178673577252486382e+01
2.796525200793360355e+01
1.015592890563178408e+01
5.454861799343940021e+01
5.922092265486787710e+01
9.157990573505949783e+01
5.339829678161056847e+01
8.035908991252715339e+01
9.049866898701522189e+01
1.028410407724207545e+02
9.529812156438917725e+01
1.257654074504757205e+02
5.264524710381736838e+01
1.293266877695285757e+02
1.622467574611733312e+02
9.035839449304037885e+01
1.008856445050020767e+02
1.297225606144926928e+02
1.498014273177832365e+02
8.779694440940940581e+01
6.655979417565913536e+01
1.272958479004281855e+02
8.851015649474116742e+01
1.108156628441252138e+02
9.452902359824355472e+01
1.658662746990249843e+02
1.443397512456586185e+02
1.216894465459177326e+02
1.645222838350714483e+02
1.247627479051603530e+02
7.126287202795310805e+01
1.390489787067868122e+02
1.373289106564023996e+02
1.290243826226051738e+02
1.122520941114193818e+02
9.379081883270289666e+01
6.142588103156857215e+01
1.274826880412675081e+02
1.425879928750348711e+02
1.098447602164688419e+02
1.311576667810138872e+02
7.180078919787514735e+01
8.662478195427931382e+01
1.531293628395868893e+02
1.425068176948436758e+02
1.879811715543824278e+02
1.391817408975622072e+02
1.419452454420587912e+02
1.050133892505266289e+02
1.122272592927443782e+02
1.027922942067563810e+02
8.514608217536701318e+01
1.274561143538708734e+02
1.499900293702687861e+02
1.283603495589871670e+02
1.011964820774621359e+02
1.175803039381892887e+02
1.009591806710881485e+02
7.439993848820942901e+01
1.352071525632594842e+02
3.202667631938648896e+01
1.207653326713711976e+02
1.245058229150360063e+02
1.427194650448689401e+02
1.110207038507297739e+02
9.080905482863509803e+01
1.146108313300256043e+02
1.471212152558566686e+02
7.241186207989976253e+01
7.482087298064355707e+01
1.316755482244483062e+02
1.555886663778694867e+02
1.536172454201183371e+02
1.284706547811698840e+02
1.190022218249794577e+02
1.206265834418814364e+02
1.286003557001201898e+02
1.315804538581481893e+02
1.130205726478797317e+02
1.430549537645120211e+02
5.281244393439677509e+01
3.200010122690552095e+01
1.518904414261326394e+02
1.354121000829113655e+02
1.520598821351483991e+02
1.365359729304001917e+02
1.315479948313598015e+02
9.413535189125839509e+01
1.153893641801475241e+02
1.699381543571206805e+02
1.006050934962449190e+02
6.134287423930716443e+01
6.802387925335187902e+01
1.167989373004204623e+01
5.454861799343940021e+01
3.965513385222042331e+01
6.350662528674130414e+01
3.594109935594399730e+01
7.676800761113460680e+01
9.645252374869834000e+01
3.042985152016673922e+01
6.732884825124413908e+01
9.371214329768037032e+01
5.209695738582284719e+01
2.820450129406172124e+01
6.440755435805361628e+01
1.007427934325033760e+02
6.246801050901144237e+01
7.864449448256104347e+01
6.482649509181872816e+01
1.115423339995709284e+02
8.074763909897760072e+01
1.285491131258613677e+02
2.751086342499977988e+01
1.289490063987935855e+02
6.191183175439343955e+01
1.098375407984795942e+02
8.383980463172214570e+01
1.435812347312513566e+02
1.283753725892070179e+02
5.706010613516581742e+01
2.629716223304757605e+01
2.565074618167168197e+01
6.053292994748744604e+01
1.100123255886356333e+02
8.797359940408826162e+01
1.618441176897224238e+02
1.454064632179934904e+02
6.953922563552595193e+01
8.092993709792959578e+01
5.912484082561879717e+01
1.089125173214040672e+02
8.978018626815280356e+01
1.739304337431161969e+02
1.608003708372135634e+02
8.389308931707842021e+01
1.177768360605331139e+02
2.508436494241460935e+01
6.660893593933379009e+01
2.470490512768456171e+01
5.820386640126915978e+01
1.082791332741325192e+02
9.128619712895498139e+01
1.838416607266995015e+02
1.750848540032890241e+02
9.767699519840645905e+01
1.522129613900205243e+02
9.862514995510166216e+01
1.208406878978493069e+02
2.444140153723343190e+01
5.757513226043577248e+01
1.078802445179916276e+02
9.243383839498534371e+01
1.914397733247330677e+02
1.864974502952785826e+02
1.091465518856248309e+02
1.816807591402281048e+02
1.250323681700055971e+02
8.206454253620817951e+01
1.504208547807951959e+02
2.391490496594698456e+01
5.587102376002295046e+01
1.042644659918805274e+02
8.930292809513343855e+01
1.857893980850898004e+02
1.784135005591304264e+02
1.054042819702258242e+02
1.790349032440145436e+02
1.243695524680833557e+02
1.443529057728791543e+02
8.168597048971764707e+01
2.633221848336314608e+01
2.345329981758160187e+01
5.435464505134510205e+01
1.009275588515323534e+02
8.622578927319878517e+01
1.794707599599459513e+02
1.696957521230231976e+02
1.007021808393606790e+02
1.733999142435805538e+02
1.221187560750784371e+02
1.432213622961217254e+02
9.117917333840057381e+01
4.167117241240416092e+01
6.527015711894675576e+01
2.331041577622687910e+01
5.397860876566574007e+01
1.004448534331771299e+02
8.630841823902106569e+01
1.815169754624151039e+02
1.730095055448970527e+02
1.047579285506647011e+02
1.855093337674007614e+02
1.347152673888315064e+02
1.624002905312237885e+02
1.123091464141584339e+02
6.076978630960800132e+01
1.150098754885604961e+02
1.183317489335975381e+02
2.305254606186997179e+01
5.313794421231736465e+01
9.858880812527952742e+01
8.455579839068478520e+01
1.776573014988637738e+02
1.669576033256513767e+02
1.006158066678353720e+02
1.773293567889483029e+02
1.264629109412774994e+02
1.442800585724246503e+02
1.008401626938857163e+02
5.895335039744384176e+01
1.094505799358743303e+02
1.068631538025845629e+02
2.141818043573135810e+01
2.294359497823585414e+01
5.282861137286053577e+01
9.806936724520905102e+01
8.430483627890620824e+01
1.778915156286101649e+02
1.670780413580745574e+02
1.012687543668916135e+02
1.797134944201227142e+02
1.279951519802766882e+02
1.412817536102331530e+02
9.924543718777277945e+01
6.087398408832731889e+01
1.047460855765271646e+02
8.462628159919228210e+01
1.856645770543142504e+01
2.464821568776033445e+01
2.293829154669052883e+01
5.289020425270192050e+01
9.849089094515689169e+01
8.513017607542565202e+01
1.811664886554813449e+02
1.720386631580860239e+02
1.059924300512684425e+02
1.921401466319466351e+02
1.402722261751512747e+02
1.584207871501320994e+02
1.154684670718250601e+02
7.479261793243102829e+01
1.327347447571122245e+02
1.063127623201013421e+02
2.540883733014787538e+01
3.025645977762306771e+01
9.391693892513139019e+00
2.292945038759046739e+01
5.292482113551652390e+01
9.879454949304970057e+01
8.575596751301912946e+01
1.837058900451986005e+02
1.758917870781749286e+02
1.097291708629523157e+02
2.021817845947725516e+02
1.503731023707821635e+02
1.724845178504088778e+02
1.292041482391328202e+02
8.719534334817248578e+01
1.569976077987192866e+02
1.228802009105273356e+02
3.089389962758079378e+01
3.245995554339324229e+01
7.892232820011075844e+00
5.046414880621673538e-01
5.142955789200037486e+01
9.332478885204780283e+01
8.225335418578352176e+01
1.777899257031091338e+02
1.694298312655143945e+02
1.080455786878606546e+02
2.030541057957266844e+02
1.533676456923084288e+02
1.764564274943518569e+02
1.340644141855813700e+02
9.186618563699542506e+01
1.654745795739497964e+02
1.298030466843560760e+02
3.286268187294469811e+01
3.461835042973178389e+01
8.429214167870185292e+00
5.390762232359794792e-01
8.719746393338168389e+01
7.403695214642432632e+01
1.582415876734328037e+02
1.489575561165536328e+02
9.803236390195399963e+01
1.896803376741604836e+02
1.469061919725392045e+02
1.711958035688252266e+02
1.329236405424775569e+02
9.301482017322786078e+01
1.686588623094783372e+02
1.331900566183869330e+02
3.402958163629631372e+01
3.600632422052025561e+01
8.790687762124807847e+00
5.627372025473309503e-01
5.830095059805960744e+01
1.323573622322764720e+02
1.254118979229509421e+02
8.662003239094298124e+01
1.742246833770149692e+02
1.392821385883704579e+02
1.648203153321107095e+02
1.314345625883559876e+02
9.439809513065043234e+01
1.725557518182922934e+02
1.373990792642759970e+02
3.550834892791765895e+01
3.777676228459679209e+01
9.253604546732988823e+00
5.930862517905721720e-01
1.100154760105951510e+02
1.032512562803572393e+02
7.583322544927847275e+01
1.595386812406715933e+02
1.322411370392073877e+02
1.586779161065089170e+02
1.305600359941217334e+02
9.679798305235445355e+01
1.783749795386491428e+02
1.433652709016001552e+02
3.758798020608577417e+01
4.025439768426763010e+01
9.900745336366581384e+00
6.355025826155662472e-01
6.506399554804555407e+01
5.532545308303149767e+01
1.272123367116500390e+02
1.127706245900347852e+02
1.405542748378749422e+02
1.214230600250188559e+02
9.413535189125839509e+01
1.771116027355217568e+02
1.449949935323047328e+02
3.875674828906935687e+01
4.193272547678076023e+01
1.037718934467931753e+01
6.678480090041329920e-01
5.084479765091160886e+01
1.177968360492890838e+02
1.074404529702784004e+02
1.331734394995152115e+02
1.200039781618219763e+02
9.759997243473202388e+01
1.848740967559133139e+02
1.533430360796261311e+02
4.199394284992907700e+01
4.593249859785393596e+01
1.144515541548975612e+01
7.383053079874299929e-01
1.253386503117935433e+02
1.070099728298314119e+02
1.254746016427396000e+02
1.178637626401568355e+02
1.013735143080348706e+02
1.921497371075219576e+02
1.617104215715571058e+02
4.573873706297027297e+01
5.076353547871259764e+01
1.276708983963070487e+01
8.260225794554375556e-01
6.982925078533762075e+01
9.107777195360986866e+01
9.659779198859294524e+01
9.181935310049688326e+01
1.810728287200937530e+02
1.587959715158154665e+02
4.705512080374244022e+01
5.354351739683771427e+01
1.366846858466084846e+01
8.896255491462914389e-01
7.144949167394571532e+01
8.786667781532942456e+01
9.314234910649702215e+01
1.829033840918990279e+02
1.648760858340704942e+02
5.202395336074312127e+01
6.096732606266397170e+01
1.585922451664712973e+01
1.039076577330365847e+00
8.211654821873614196e+01
1.652533369691168446e+02
1.579789114122429510e+02
5.474188710649518441e+01
6.729456869944456798e+01
1.803137289210190630e+01
1.195428175078845578e+00
6.300177651113386901e+01
1.546531898505793095e+02
6.134287423930716443e+01
8.016285683814423635e+01
2.240071132212295524e+01
1.509830997666144370e+00
9.697356752236497357e+01
1.616949572227755709e+02
1.198892664848508360e+02
5.969131647513294325e+01
8.769936990034503310e+01
2.638365178044372072e+01
1.833467090533061450e+00
1.111260223108146903e+02
4.484594483577128443e+01
8.292022938201148463e+01
2.853735102692339964e+01
2.099106595430098476e+00
5.645514474477398181e+01
4.162930707006351128e+01
9.560701786661083190e+01
4.039144753435174096e+01
3.239909158807778855e+00
1.119546354928931464e+02
6.292126241077129123e+01
5.881333060496083398e+00
4.292242398977315787e+01
6.577458713008955904e+00
1.167989373004204623e+01
