7.898689225412078940e+01
4.883163246683030678e+01
9.576937987373275973e+01
1.105562770304973697e+02
5.797970173871854627e+01
1.023076940729181956e+02
1.031613112812696045e+02
4.744925796744394120e+01
3.052357699839026850e+01
5.804914397484914446e+01
6.262954761337625342e+01
3.299467209567271198e+01
5.230816349036177826e+01
6.435157514549236168e+01
6.362338656742663545e+01
3.627498520693375639e+01
6.425613835253265904e+01
6.559310809909540296e+01
9.349040680906415446e+01
4.239494857150646112e+01
7.645740749054237995e+01
7.322017057190919331e+01
3.814743101750966758e+01
6.067338308775894973e+01
7.911729503757376847e+01
7.349508630989075186e+01
7.942183958350955209e+01
8.125228689092708123e+01
7.534515635638796027e+01
8.131729462782426765e+01
9.942606873050412730e+01
6.482256245500643388e+01
7.980922642970669756e+01
7.925857796481116679e+01
1.099736012537470913e+02
9.512698940300495565e+01
8.032101775609156391e+01
6.719161599441378030e+01
8.791897619385353835e+01
7.567530315602374458e+01
8.047634586188327432e+01
1.210755141205920182e+02
5.547579109848425816e+01
5.999527096821031336e+01
9.175283938738746770e+01
5.964790922384408844e+01
5.711568664434638976e+01
6.389716027357721373e+01
8.173506983785658520e+01
3.895246305261893838e+01
3.309982008916195184e+01
4.350086197189011017e+01
3.777801708139042347e+01
4.614569269463553525e+01
3.849582439081371632e+01
6.425049055965608602e+01
5.394965146847189885e+01
9.266659279379933878e+01
9.161966489652607493e+01
7.709712164611349294e+01
6.424356329172611879e+01
1.071068770722868067e+02
6.050540248259845555e+01
6.474158811099917443e+01
9.654211576934105210e+01
6.352772901228314595e+01
8.360487057560233382e+01
7.348003296544302998e+01
9.020202637763398457e+01
6.418544396758233006e+01
1.108282178429883231e+02
1.127094113779686069e+02
1.352449315981788516e+02
6.705581807122435123e+01
1.160174737561047351e+02
1.071865205099836231e+02
8.376989320072814849e+01
1.307632844738623703e+02
8.674303215334821004e+01
5.467201658666361652e+01
9.552820662573508059e+01
1.015602306041087388e+02
5.010013725938757290e+01
4.301722845035094878e+01
5.140642626569555063e+01
5.488652480688639912e+01
7.320047443137639220e+01
6.946220574412211590e+01
6.451851890241492526e+01
8.862893203157167932e+01
1.276040498798412415e+02
6.474230134166384687e+01
1.078810721388214517e+02
1.024151429497341894e+02
6.289123228049670189e+01
9.651804229976470140e+01
4.701909362552124350e+01
5.840779992820366573e+01
4.522605248715349546e+01
6.746031818967830418e+01
9.746428397591594717e+01
1.158319808431511575e+02
5.993538790369445479e+01
6.985913093425993736e+01
6.865600893147285433e+01
9.513003445110523160e+01
1.115090514630559966e+02
1.061203155122662594e+02
7.090031562477200566e+01
5.694093962296048517e+01
8.425005444351761241e+01
1.195284878401864717e+02
1.409845784125711532e+02
7.228494990148908528e+01
1.007904691877567274e+02
1.183967975899619489e+02
6.797343967512200891e+01
6.266004048610127342e+01
8.762658994187545147e+01
1.226022511347132564e+02
6.544115491959685471e+01
4.672670532143369115e+01
6.928073630072630351e+01
9.617443508473473912e+01
1.121065792670582368e+02
5.830281404120889732e+01
6.251928061155818028e+01
1.124748451673060714e+02
1.198693305180011066e+02
7.155244572901177946e+01
6.500560740038811502e+01
9.098947755799009940e+01
8.293925917163495853e+01
1.125671845080748597e+02
1.295750956093288266e+02
6.883247219411704521e+01
7.506638065771510071e+01
1.321527185717896486e+02
1.041919455186166772e+02
5.759246002627754990e+01
6.777456466184803219e+01
7.667582026397180073e+01
4.238842599587858473e+01
4.761227227017876373e+01
8.423685830882379832e+01
8.733421957694585558e+01
1.028060493423707129e+02
8.543568707965339115e+01
5.245319743661487166e+01
6.289106864800183416e+01
1.134072888594341890e+02
1.175374500611112580e+02
5.826709372371919216e+01
7.761076156426025818e+01
1.436565838110017808e+02
1.487835060812668360e+02
8.087024732596826482e+01
1.497310242959387097e+02
1.509648456651109711e+02
6.966024006646154021e+01
6.504986725135088932e+01
5.009387227767287953e+01
4.398011856714750678e+01
4.224408515641958672e+01
5.183354424602664778e+01
4.392232925636660923e+01
8.537595609320885615e+01
4.306443183513076178e+01
7.235368324831699738e+01
3.692521494836773144e+01
7.503109983040022257e+01
4.226896774435078186e+01
7.967452556044905521e+01
9.752713164210648245e+01
7.614956251626739459e+01
4.533067323059199794e+01
9.123564375612032507e+01
1.161218860996254421e+02
7.510560205806679335e+01
4.569635031348785503e+01
9.429360566920448150e+01
1.206886544217602477e+02
5.189033034141086631e+01
5.461370886594571772e+01
5.344433713744828651e+01
7.507214138529228364e+01
4.671646555400405987e+01
9.949350809130491768e+01
1.315272382447112136e+02
5.921383923194014187e+01
6.863598880954083370e+01
7.630417000782721004e+01
7.437896426905614078e+01
4.676634618740788341e+01
1.010392209539585622e+02
1.355805391637383934e+02
6.305496036875739918e+01
7.742056080093506409e+01
8.641183697855500156e+01
6.034625508134742233e+01
7.468634790931113798e+01
4.765817136444400148e+01
1.053185352903760048e+02
1.457664068810649098e+02
7.132850149636618653e+01
9.424565500690026454e+01
1.124739739861996668e+02
8.621324722808573426e+01
9.447724434909436297e+01
7.429150961953072851e+01
4.767939884124064065e+01
1.062862291121849410e+02
1.489760176327742158e+02
7.507848489700174355e+01
1.036897589592454096e+02
1.278954301480965228e+02
1.015171769002942597e+02
1.165209853434186158e+02
6.919720623276768379e+01
7.331152237201361288e+01
4.698896851155551246e+01
1.044822691795800296e+02
1.460431473078994884e+02
7.450793416763508503e+01
1.052587834336379586e+02
1.310297701057289146e+02
1.045363383587465904e+02
1.201522335658551413e+02
7.193343356384747267e+01
8.345444221006459884e+01
7.225520162928360435e+01
4.613885791318326568e+01
1.019150815378031751e+02
1.411768009448113901e+02
7.228769859034713363e+01
1.032793211936991185e+02
1.283198719067409286e+02
1.015641671955891354e+02
1.146870339470230249e+02
6.752025365227095222e+01
7.962087057767418230e+01
7.987688516325714261e+01
4.629665898618890196e+01
1.028189098977380951e+02
1.435740515429577329e+02
7.481208492612910277e+01
1.096414384423689512e+02
1.333456650411021940e+02
8.239337256766866346e+01
1.051596902509900104e+02
1.219253731204798754e+02
1.085091521430763351e+02
7.220498048682462411e+01
4.641447021783415749e+01
1.035082421931357857e+02
1.454316438311626882e+02
7.684593937670294395e+01
1.149609079698611112e+02
1.509893030073863827e+02
9.696499116933227924e+01
1.305941556709802001e+02
1.639378970763528400e+02
1.622864360465868003e+02
7.180551677157723134e+01
4.612180528524925194e+01
1.026813378944638941e+02
1.439537649785272322e+02
7.644087459848296362e+01
1.154832713981198538e+02
1.516393261772907124e+02
1.553877097457582863e+02
1.009662214258957960e+02
1.379624649456401642e+02
1.763010033212192980e+02
1.742588200104096927e+02
7.043319659742654437e+01
4.169448887409801330e+01
7.142771247102696464e+01
4.583136395917882311e+01
1.018253676772948353e+02
1.423629908866398637e+02
7.584844885365747302e+01
1.154426610750464590e+02
1.586248593599393644e+02
1.043044468266462417e+02
1.445898624232606551e+02
1.883392450700157497e+02
1.886353618592596604e+02
7.561109110303537761e+01
5.812128916655328936e+01
7.687713220656064550e+01
7.513256212682549062e+01
4.697707697658000114e+01
9.998529561496192741e+01
1.345767197490327760e+02
7.233575483342271184e+01
1.116263391787780819e+02
1.483754773566203653e+02
1.270961430490662138e+02
1.562006454329364544e+02
1.033341191388094416e+02
1.438461169822590477e+02
1.880229970622096118e+02
1.887341202750764921e+02
7.571505166921485852e+01
5.820759864161966135e+01
5.681509068823355335e+01
3.894285154802403071e+01
8.409968147205115940e+01
1.129828485179008055e+02
6.292446206527913688e+01
1.003953481727800323e+02
1.366232186307645122e+02
1.194760680153995480e+02
1.411173889273097473e+02
1.860109327365226193e+02
1.877793750606366245e+02
7.557981789159113362e+01
5.820098773066926157e+01
4.122464641948285902e+01
8.038003235519275336e+01
9.804407513060544943e+01
5.560854875122259244e+01
9.116358160365264496e+01
1.262364986310100221e+02
1.123787123995300306e+02
1.425738157740421173e+02
9.719923201774962251e+01
1.383707213683968575e+02
1.840312835647175405e+02
1.869200820047559830e+02
7.549018680044387963e+01
5.822495534315424237e+01
7.698760846795299528e+01
9.012303368716871432e+01
8.945461510494145330e+01
5.044153984843487848e+01
8.422881199235486349e+01
1.176494233458348617e+02
1.061328921128342984e+02
1.362675061897669195e+02
9.428869153619480414e+01
1.862643541785347452e+02
7.548084297026673539e+01
5.829808136701242205e+01
5.617780202593072403e+01
6.546342331653035274e+01
9.675223833167713394e+01
9.151231686672736032e+01
1.220623773766300957e+02
8.741949807232600733e+01
1.292070330157873457e+02
7.500608311510912074e+01
5.819670999747535234e+01
3.747864220989784201e+01
9.200518764885025291e+01
8.659788686429094184e+01
1.156481662117427902e+02
8.410556949717236819e+01
1.258369365657799221e+02
1.745421384473783348e+02
1.826825496458238547e+02
7.504746905331809614e+01
5.833834096494577892e+01
7.715126511577906854e+01
7.921662101277968304e+01
1.006716083271720095e+02
9.017804689222100478e+01
1.161613578442588022e+02
8.418676678458307094e+01
1.255155411882916781e+02
1.747219220468976459e+02
1.837507133391246157e+02
6.756905055043837649e+01
6.804648405612465467e+01
9.393567044648867181e+01
7.275649303406490276e+01
1.137630871386667906e+02
1.647093277892572303e+02
1.784005918960955341e+02
7.477873266087109982e+01
5.861630200191438433e+01
7.741725091414357962e+01
5.433252951004661213e+01
7.751914155321416899e+01
6.367676950699736693e+01
1.033140377147302615e+02
1.551152105883457466e+02
1.733575764504406038e+02
7.414742404255659380e+01
5.866424610673166029e+01
7.754336074925888056e+01
7.322924478798989867e+01
6.063083232363959496e+01
9.737555589171368808e+01
1.480008492177615267e+02
1.696616109569806383e+02
7.404422423989319668e+01
5.905157045809594507e+01
7.785801569249629495e+01
5.167520016669197958e+01
8.506617246308778135e+01
1.331709962908651619e+02
1.600706534926305267e+02
7.276079894981900509e+01
5.915992783524676923e+01
1.245764267999396111e+02
1.524366013308938079e+02
7.227093736243045896e+01
5.991654313034200641e+01
7.872608516753831509e+01
8.371418547369451346e+01
8.908955757518111795e+01
1.232548816673555194e+02
6.628401545438171638e+01
5.897086373203321585e+01
7.882522687302692077e+01
1.003489926131680079e+02
6.166534187537352096e+01
5.949484567102428656e+01
7.988102657977368892e+01
5.972565036427928931e+01
6.403419000173350639e+01
8.355934391586798426e+01
7.244375106674974063e+01
9.190193914831588984e+01
8.446238436579155007e+01
4.398011856714750678e+01
5.691057307053693393e+01
7.221290484077631788e+01
3.861092625857591543e+01
5.854534804615273913e+01
7.531924678869378909e+01
9.440176094297709142e+01
4.341145967538305683e+01
8.662308308358963416e+01
9.454039948517227288e+01
7.284043907298384113e+01
6.579297518271656031e+01
8.585371793449526479e+01
1.180556337362985460e+02
5.246607055001518205e+01
7.031553054071942199e+01
7.991336589594521911e+01
5.574461831397631784e+01
7.415649543200120775e+01
5.587458707566873528e+01
1.014461753675988973e+02
1.049264025840894732e+02
8.178491378219911212e+01
8.391982926359662542e+01
8.218202747876921421e+01
1.043206477092860922e+02
8.187998265293950340e+01
8.894302298392578621e+01
1.045139109223230776e+02
8.977592518438966351e+01
5.926230704703583285e+01
9.153645600359345735e+01
1.060073268352769844e+02
9.921495837889116842e+01
8.847202402098912444e+01
7.575194882476814939e+01
8.179869013210375783e+01
1.079278658723979021e+02
9.981250020665262923e+01
1.019113736979091982e+02
9.983553185024186405e+01
1.031167842561904422e+02
6.924195383062476594e+01
8.066246385839876609e+01
1.054961086635918974e+02
1.123953405712759803e+02
1.302359948190647572e+02
9.509941204147138194e+01
1.036813914941122050e+02
8.952119817131980994e+01
7.052797462579616194e+01
1.011447553717868857e+02
9.968159963320776740e+01
1.119576987093656157e+02
1.271394818875142505e+02
1.123972633502702934e+02
1.037027624308677360e+02
1.016896783772731681e+02
1.080288970448057455e+02
1.063504200749867437e+02
1.400352423932876036e+02
6.347515891549464584e+01
1.166128832912863658e+02
1.347189050978086584e+02
1.369062701465104794e+02
1.177724600666383878e+02
1.117324106345933217e+02
1.364441988326949797e+02
1.252741491654676196e+02
1.043529364237696910e+02
1.366023024758036968e+02
1.481314483998816627e+02
9.641323933805423962e+01
6.497930264553939139e+01
1.241010381670068341e+02
1.261211175440283512e+02
1.343937057882552608e+02
1.226397656512183261e+02
1.133517154848725710e+02
8.741949807232600733e+01
1.318204118042201571e+02
1.392353916278537440e+02
1.201003800593330340e+02
1.600706534926305267e+02
6.058080735275873252e+01
8.446238436579155007e+01
