7.258246977924434873e+01
9.355680899053238875e+01
7.587181682901746171e+01
1.041320775861817793e+02
1.078868941836554143e+02
5.318925662810793398e+01
8.117510827721224587e+01
6.249373930382739672e+01
7.166734709553951177e+01
5.681319575557948554e+01
7.728538656144868924e+01
7.718326642506724511e+01
3.853658640442750993e+01
5.634848675224882442e+01
5.718829068033520002e+01
5.234174520656293339e+01
3.566194492077229938e+01
5.672387360953302249e+01
4.511722297893888367e+01
5.267048980156700111e+01
4.885377993412738107e+01
6.772880436763539080e+01
6.597716323623478729e+01
3.402048923111419754e+01
5.130121573117737199e+01
6.028066642233650896e+01
3.876143301151456200e+01
5.961499970068877730e+01
6.279752416857485997e+01
4.060239116636867607e+01
6.268872804648642472e+01
4.538657747227378536e+01
5.237322535874669427e+01
5.554892919952238373e+01
5.229335261948479996e+01
4.670770770027324659e+01
7.088624459281162160e+01
6.413175831367796320e+01
3.399206655652459830e+01
5.298461985676350849e+01
6.347179120628371152e+01
4.627326059658886237e+01
4.831231807814501167e+01
5.887872913957957621e+01
4.035007766393795237e+01
4.213655474381186394e+01
5.153710115167955053e+01
5.431162092058105628e+01
3.583521976279121901e+01
5.658486631782049159e+01
4.210580377088297865e+01
5.280741052187405415e+01
2.685521883881650851e+01
4.153849626566820774e+01
4.908078012223206343e+01
3.538619685384440317e+01
2.676123020093487170e+01
5.326706364770937796e+01
3.795429960068570097e+01
5.975837051057541061e+01
5.669087007042262627e+01
4.218342396220744916e+01
3.047642606984996405e+01
6.080601779591469835e+01
4.365821654465824508e+01
3.865727053927783174e+01
3.993859872598310545e+01
4.966764549640283377e+01
3.081768096428346126e+01
4.842250299670805447e+01
5.669339187597699947e+01
4.052491910653337470e+01
3.096789461787917475e+01
5.967754073851023833e+01
5.695337667735311982e+01
4.310783155284875789e+01
6.721124866571145162e+01
4.461077574341440055e+01
4.726266720279786426e+01
6.304311853389782527e+01
5.855016527030242202e+01
4.347610263970464928e+01
3.549231577205786436e+01
6.730990387578621892e+01
4.751442930309373480e+01
7.866336489161832901e+01
8.179289682273038409e+01
5.239975324045078509e+01
3.807600349841461451e+01
6.992143887079589604e+01
7.271187892560286059e+01
4.844469378078714783e+01
5.158297465855470421e+01
3.367274281305291339e+01
3.953082731024026231e+01
3.838922894616151638e+01
3.615262139424656596e+01
5.062831595459457645e+01
3.445091518424420940e+01
3.755634480257064922e+01
4.510059960344754870e+01
4.191039904660130588e+01
3.177226317467182426e+01
4.107495867276347923e+01
2.472307536359828362e+01
1.755684424442458891e+01
3.092923821772541260e+01
3.107588421333203499e+01
2.191087070016068594e+01
2.031147343049642728e+01
2.369906012844652921e+01
3.667593563652360444e+01
3.495730102262813688e+01
2.797142260022162574e+01
3.311589413162356266e+01
2.951663485128937481e+01
2.794826300884147230e+01
3.380117630617461799e+01
2.248062806478382925e+01
2.405969525353061300e+01
2.713135580199141828e+01
2.037942368089864331e+01
3.573217427059576323e+01
3.535708844666719131e+01
2.502324306997687486e+01
2.154970376506103236e+01
2.518733088847842438e+01
2.991751704298880910e+01
3.158473893814204203e+01
3.024363985170959523e+01
2.148234233312621555e+01
2.490057565007216667e+01
2.579764076357863800e+01
2.409263192718937319e+01
2.384798697029102144e+01
4.003713306580998221e+01
3.772506881863343153e+01
2.623980263673016111e+01
2.262781844843301116e+01
2.746340933566877851e+01
2.609615782386723737e+01
2.940639865084741089e+01
2.336794249377085109e+01
2.341907542488416638e+01
2.237047120769801722e+01
1.876290728477434300e+01
2.175827146220873587e+01
3.305978809289524634e+01
2.901474346032028961e+01
1.941869588015416426e+01
2.037525693576686692e+01
1.630328775278379538e+01
1.573673587933403617e+01
1.505641654070614166e+01
2.006574644209989700e+01
1.343820661997035870e+01
1.152735390488237499e+01
1.349527043023523021e+01
1.208800827212335172e+01
1.394463074178121076e+01
2.171519086819265354e+01
1.940385267715566897e+01
2.667165286034667915e+01
2.323877473018542617e+01
2.632206076011456020e+01
2.358141415562073817e+01
2.723622811543422273e+01
3.562370166358122248e+01
3.129730450462499292e+01
3.408749789712934586e+01
3.477608357066232259e+01
2.989896077724905155e+01
3.361548681129535510e+01
4.216617842204588840e+01
2.618168373926058123e+01
3.114950748521784973e+01
2.203567865182829166e+01
2.519781025143523578e+01
3.229869099928173171e+01
3.466244968583907138e+01
7.554794623273151899e+01
6.891208817680326604e+01
7.785673753329591307e+01
5.395671482269461450e+01
8.065110321414641703e+01
5.873777229498211483e+01
7.406350242096070247e+01
7.037715914392710204e+01
8.403646614316218688e+01
3.457950856556456642e+01
9.753292344545812398e+01
1.070782430365872955e+02
5.623126537782031420e+01
4.921719937234730935e+01
8.303335713629388692e+01
1.044849573368298508e+02
3.701126940881690075e+01
4.060585728028267738e+01
6.780621624440018991e+01
4.608213492179735482e+01
4.886335882984424472e+01
3.083480199540116828e+01
9.746379012285650845e+01
9.640527546443928486e+01
5.101207823119769103e+01
5.675375097892891318e+01
4.868008339193442424e+01
2.136264975612540695e+01
7.816299982864065043e+01
6.075271590242824260e+01
4.801672664539385949e+01
5.665634501409471113e+01
2.675751598233724593e+01
3.229147988306925754e+01
5.618808572562347337e+01
6.798026765000435034e+01
4.111852995344317918e+01
2.928827435358844156e+01
3.104954068898706154e+01
8.886982425043383671e+01
7.775803225062487911e+01
8.429365394578256598e+01
5.349870517835388029e+01
5.954127628811355066e+01
4.112669298950053332e+01
2.939959490886434779e+01
4.204594258068480883e+01
2.716372462141708510e+01
6.321829752173395178e+01
7.454834607097203047e+01
8.584917265234042816e+01
5.157854105527196253e+01
3.977697715729244266e+01
4.252660206475137983e+01
5.037049642466857335e+01
3.510044446622703873e+01
2.620135019715343461e+01
6.561190724877926073e+01
6.068408474364514404e+01
5.149469000917711270e+01
4.748766651742353417e+01
4.689722961033049842e+01
5.433430336153145390e+01
2.559449680051280396e+01
3.230715859744494622e+01
7.777363977808278150e+01
7.903565772764504516e+01
8.588861750836167630e+01
6.652717395823857771e+01
5.677105576308286317e+01
3.996513313528556921e+01
5.398437279908655029e+01
6.873282963853370120e+01
4.138683729559617319e+01
3.930755478358037891e+01
3.052389216310661979e+01
2.687806824056509214e+01
7.999117121505265970e+01
7.480642269301904435e+01
5.684806834709083745e+01
5.908750022227508936e+01
6.340178568316989782e+01
7.376617040787017743e+01
5.336179720657028014e+01
5.789957639864446293e+01
3.651042691634972215e+01
3.171570300491998040e+01
3.455885639804254339e+01
3.380489174607263436e+01
7.554794623273151899e+01
7.749888960525859716e+01
6.707538349907909492e+01
8.048218140117566577e+01
8.528687237736093607e+01
7.913611982986599003e+01
9.115888296973669469e+01
9.015829766040347693e+01
5.528193081909751072e+01
8.067746099371332491e+01
8.078725380760870678e+01
9.504140093993780170e+01
1.032055460251174992e+02
5.907931290821579040e+01
4.716001976221346581e+01
1.001260472751277035e+02
1.205483904347280628e+02
7.927663331362427357e+01
7.444883082175584832e+01
8.156022844464642674e+01
1.025648170048069687e+02
1.301964024460717440e+02
9.188209788517514198e+01
9.308259517929644744e+01
8.764411871076198679e+01
8.185199803093419746e+01
1.039282121605832288e+02
1.361200298388584713e+02
1.004399706165735608e+02
1.076675541674964620e+02
9.220329097904975413e+01
3.251731412813096966e+01
8.198350724587480443e+01
1.052597893341807378e+02
1.414012219702740651e+02
1.088243213789752133e+02
1.244444638414970967e+02
1.102075898609196969e+02
3.894944980984454475e+01
8.218015286868937608e+01
1.064028666078230856e+02
1.457502182659557377e+02
1.160184979129156488e+02
1.400011644059680691e+02
1.312280207722533021e+02
4.947695182308439854e+01
8.237404173110098782e+01
1.069158803585505098e+02
1.480533885246827879e+02
1.200204948359937447e+02
1.493314680157089924e+02
1.434656040936457657e+02
5.551005122468045982e+01
8.242810292759807567e+01
2.987573035831385582e+01
8.245967936953881861e+01
1.072682605172867909e+02
1.496954289655740524e+02
1.229498014687585794e+02
1.564681113582056753e+02
1.535582046961219191e+02
6.108358664732813992e+01
6.510503124709484268e+01
1.715902757677447710e+01
8.252239607531193144e+01
1.076758835825998943e+02
1.513275223375313487e+02
1.258002777145262030e+02
1.633553648063519290e+02
1.642739005724892252e+02
6.760056989006048411e+01
7.520835913778267923e+01
2.057642635346766014e+01
3.233660859080970340e+01
8.258524201291743339e+01
1.080427923247517157e+02
1.527314740133176088e+02
1.282369495177849217e+02
1.692668226306120403e+02
1.738553539515415025e+02
7.371495819876210476e+01
8.525016624147704647e+01
8.262631046250474753e+01
1.083027220665982640e+02
1.537598194457545446e+02
1.300449918530405853e+02
1.737489522917704505e+02
1.812461480253510047e+02
7.860454218358121636e+01
9.365250507002012625e+01
4.937478929993472576e+01
8.266647472922721818e+01
1.085368744379725285e+02
1.546530538620278605e+02
1.316017055359849337e+02
1.775960561158654514e+02
1.877196648911474028e+02
8.299221986019871622e+01
1.014411785958215688e+02
3.652304053757523405e+01
6.018053566447459701e+01
5.932396453094747102e+01
3.811664161746357138e+01
8.269563347958998634e+01
1.087153217702847599e+02
1.553468522670037828e+02
1.328187275401813849e+02
1.806382922090428451e+02
1.928879020319569406e+02
8.657248697542745219e+01
1.079838642429648274e+02
4.179689434462235909e+01
7.054050248536992740e+01
7.035041112958964504e+01
4.539443076690193379e+01
3.335656544447723348e+01
8.270831818541688563e+01
1.088235473445096915e+02
1.558153054044684893e+02
1.336672461759196722e+02
1.828328304824175916e+02
1.966346507191250055e+02
8.924265338640570633e+01
1.130255839244539970e+02
4.610554810023724315e+01
7.908795714405752619e+01
7.949097090120956466e+01
5.162118559488281022e+01
3.838711997548578125e+01
4.653221840721879232e+01
8.480563082629917915e+01
1.253000840757451897e+02
1.116109881279299287e+02
1.588813833755508824e+02
1.748932717589707408e+02
8.215020258961902755e+01
1.073527075986919073e+02
1.111728401755273836e+02
7.940688710531946981e+01
7.986681917454833979e+01
5.185666139107558337e+01
3.854115241993407892e+01
8.982720615050287449e+01
8.485036295074257851e+01
1.279686674165666034e+02
1.455652373968323730e+02
7.171561905239170187e+01
9.769527788821253012e+01
1.043743382056304796e+02
7.945694872409562493e+01
5.177137252736036999e+01
3.855548489783830490e+01
4.663915970647220632e+01
6.106443608671863643e+01
9.864998798984775874e+01
1.156669311779590714e+02
6.058502375456538402e+01
8.691316816163207193e+01
9.641038702589594322e+01
4.376091263293150746e+01
5.163107591471862179e+01
3.856002776094366880e+01
4.664497143479588459e+01
3.696248288340002830e+01
8.030706700303024093e+01
9.069367823856860866e+01
5.069555330853872732e+01
7.709817772170316630e+01
8.902867885815069826e+01
4.265031857860113718e+01
7.653335293057449462e+01
3.865824534216363162e+01
4.671146890117758943e+01
3.700322444944811195e+01
3.772974057918811752e+01
3.920420122392351203e+01
6.404653595016314682e+01
7.776968045246445627e+01
4.014573291560666490e+01
7.376617040787017743e+01
7.683522155887737881e+01
6.573616053145100580e+01
4.663684177720179491e+01
3.699736243563825155e+01
3.773421718691255933e+01
3.368119910355522251e+01
5.656597712957616864e+01
7.015985766023878512e+01
5.198979822757723923e+01
3.829797798235581752e+01
7.175668087268915940e+01
7.565106410615908317e+01
5.081749399311014770e+01
3.854957842515185007e+01
4.666583770964730604e+01
3.703582476791390832e+01
3.775424811487001620e+01
7.105575218222803358e+01
7.568013006880126170e+01
5.213469313262627480e+01
3.824012139000344490e+01
7.141586117678082246e+01
7.528419526789873828e+01
5.088470472665684952e+01
3.877886954758193383e+01
4.681299112835056064e+01
3.712378050701406806e+01
3.779118498596023557e+01
5.303303680858866187e+01
3.927073883212798222e+01
3.114035685825609789e+01
6.147887773998975547e+01
6.792767561621958805e+01
4.786970283884024013e+01
3.760098835308595255e+01
4.612415427689254699e+01
3.693017180688904233e+01
3.774687353403783163e+01
3.135965055835625037e+01
2.616787949935970659e+01
5.298818639770627215e+01
6.057756538006260882e+01
4.461050185580803884e+01
3.630765650546380385e+01
4.534966742960367014e+01
3.672392116770885906e+01
3.770439531827767610e+01
2.466319179304763765e+01
4.713221654260732407e+01
5.345850303726396646e+01
4.093821648300649230e+01
3.474618834495304043e+01
4.435743757160933853e+01
3.646293078686604616e+01
3.765343425929070520e+01
3.807888057240239732e+01
4.274956842139653901e+01
3.478171626941720973e+01
3.171570300491998040e+01
4.234528920628007143e+01
3.587266883481211011e+01
3.751924471800838035e+01
2.830663852725392715e+01
2.587616951438659996e+01
2.666055585176822618e+01
3.874252439494281930e+01
3.474328028405679447e+01
3.725176473084162154e+01
2.637331638595060923e+01
2.534252323136478680e+01
3.625586409893981710e+01
3.388638765703105804e+01
3.707329074267092039e+01
3.064997102723598843e+01
3.576257148272665631e+01
3.335472229387027454e+01
3.696866295902368194e+01
3.197365463874622549e+01
3.101221795707276740e+01
3.635164925338735742e+01
2.549795486166495806e+01
3.455836037076124256e+01
3.380489174607263436e+01
