5.441618558684023554e+01
8.387170001296112787e+01
1.080823811245579975e+02
7.474818822783257133e+01
7.466462774819019899e+01
1.308461169037815068e+02
1.328045519141643922e+02
4.582419194299586707e+01
6.972065667545996348e+01
8.458043182552238193e+01
5.868069445962061081e+01
5.986143526294605977e+01
1.161539678678919643e+02
9.368319700306713571e+01
1.139021169159373130e+02
5.914292585345899766e+01
1.043940882050264349e+02
1.071010819971960473e+02
1.174691442236720178e+02
7.745081651921360333e+01
8.275184881695622607e+01
5.650170709137233871e+01
5.873249220882244259e+01
1.135200409013528997e+02
8.771033760685672576e+01
1.067681597069950499e+02
1.181729438941151500e+02
7.447722210464648640e+01
9.232504605934032327e+01
1.041442866834499341e+02
1.254952549145165079e+02
8.971391535920264459e+01
7.400057437529119397e+01
9.371085438642094800e+01
1.106720301496639252e+02
4.928706867051879215e+01
3.509463206346659092e+01
3.866845572420889710e+01
7.611357540627368223e+01
5.976498255635699763e+01
6.754681498501179249e+01
8.067282145016119443e+01
8.687539821745720303e+01
8.222410724119433212e+01
9.863211146940908236e+01
1.066524730891372315e+02
6.882540246029431330e+01
8.641817109563881161e+01
9.946795024004435959e+01
1.230237225364440832e+02
4.062884893445082923e+01
4.757843756912122757e+01
9.390004015232898382e+01
7.399452250309879275e+01
8.513902673241594243e+01
1.083514214606019976e+02
9.869516113801698509e+01
1.191052003779826265e+02
1.091180414990084273e+02
1.351645076325946775e+02
1.258599733489658661e+02
1.259886622245888645e+02
1.125969407658697037e+02
1.340028895910983522e+02
1.087828998776489158e+02
1.301229528072407220e+02
1.419973616377389476e+02
8.007749981222647762e+01
1.446139442536372712e+02
1.074871445446594151e+02
1.222814375747181117e+02
1.541678858348947472e+02
1.360512037224548294e+02
1.716878882327395388e+02
1.647156750473784541e+02
1.031156391082655830e+02
1.251189548770589965e+02
1.657779926678190350e+02
9.878594980222167976e+01
1.262007608008513984e+02
1.227405667013475892e+02
1.111038497343485574e+02
1.026248562708005068e+02
1.286788548340005036e+02
8.813616351880463640e+01
6.047423289176031602e+01
6.879423961131438148e+01
8.651088046525605080e+01
7.654570493681917753e+01
8.257226486946898092e+01
1.016461674775007964e+02
1.366741951793859187e+02
8.123570508997521245e+01
1.206420048489349739e+02
1.258472939777500272e+02
8.563065160340545390e+01
8.355277819817284524e+01
1.055707705479827041e+02
1.457794051739548422e+02
6.137031783506437677e+01
8.034996602623732542e+01
8.115857295506791047e+01
3.652045949321005480e+01
4.466014854325287331e+01
5.801877623480475421e+01
5.269759849191441248e+01
5.848201490476861153e+01
8.654066210441193618e+01
5.976530632776621133e+01
1.137756029920159762e+02
9.953556666707434886e+01
1.949083542866956407e+02
8.440507130119679857e+01
1.269797034685626187e+02
1.197417934770512176e+02
8.237183026707148770e+01
8.144212347973994781e+01
1.028268711252387106e+02
1.414174971874611231e+02
7.375634221925363931e+01
9.342129418865191326e+01
8.406995056347892614e+01
9.453662731113537632e+01
1.403269062619313559e+02
9.081162891571311491e+01
1.386873553551553471e+02
1.511416545837120111e+02
9.280687688931809021e+01
1.843834269687052938e+02
7.150319719380526351e+01
1.087923090643463979e+02
1.161233309830689677e+02
8.207484879706228753e+01
7.753438483374549151e+01
6.483986245368402024e+01
7.115935516515293102e+01
1.023016242772199433e+02
6.618504923144688235e+01
8.019883632290725473e+01
1.588597339145409251e+02
2.201374536290949777e+02
1.371773121890826701e+02
8.559479461121119925e+01
1.710623934664238561e+02
6.507675387715667625e+01
9.937036939175654027e+01
6.529607674042958365e+01
7.107914457285178855e+01
9.904636671685271665e+01
6.444386552821279679e+01
7.884036464571390468e+01
1.299998749745579971e+02
1.463141774077786295e+02
2.116905741288425133e+02
1.389222253952125641e+02
8.524689826156276240e+01
1.681493301485010363e+02
8.213771606082460153e+01
1.098025609546258039e+02
7.183139958977307060e+01
8.890417942522927319e+01
1.476468198619172654e+02
2.208173419738466521e+02
1.992619067093411047e+02
1.347733399362704745e+02
9.513332913071103292e+01
6.176683573325014009e+01
7.678839744319965632e+01
1.274210516882760658e+02
1.873396273011563551e+02
7.318479683310306427e+01
1.693280082469604793e+02
4.612722228903623289e+01
6.206678114859091977e+01
1.072266991229722919e+02
1.590430026320326249e+02
6.355423646674682203e+01
7.004179981342819872e+01
1.257560228969678491e+02
1.865546099421404165e+02
7.663165780671612026e+01
6.871458473071328399e+01
9.487875714167859087e+01
3.958624643531873488e+01
7.677565107407404810e+01
3.452457866829006861e+01
3.907184296173608828e+01
6.262855703925583128e+01
7.069964150319734131e+01
5.073064410065784813e+01
6.630900391061716448e+01
7.439916492082812738e+01
8.421970184216139899e+01
1.143053215948632015e+02
6.474179635982848424e+01
9.581778148443123655e+01
5.769959759084911610e+01
1.184765781614150910e+02
1.575980915634277721e+02
6.314259038987676576e+01
9.340774589670374439e+01
1.050817759932832303e+02
9.649693443325533337e+01
8.487360968937136363e+01
6.496080659790733591e+01
9.948420624995317496e+01
7.883919608534129964e+01
1.069938932067270372e+02
7.289701588673072763e+01
1.360456667810931606e+02
1.046142377216532395e+02
1.007612881520259265e+02
1.365398677667041056e+02
8.861539741029237405e+01
8.804273194439061001e+01
1.214508747461689637e+02
1.329733789715787680e+02
1.148294787044129919e+02
1.050455454475405048e+02
9.530946717153604197e+01
8.130005494361424212e+01
1.218094372991647418e+02
1.440932465218447760e+02
1.145997280660093622e+02
1.130172944546872174e+02
9.615767444788279761e+01
7.149873032192331834e+01
1.422132352798322472e+02
1.512513276629130701e+02
2.003726304616145626e+02
1.380985448448999477e+02
1.252342764540391329e+02
1.189955591298443807e+02
1.356681013007046488e+02
9.092730942554159412e+01
9.804407606426291011e+01
1.551112841811203396e+02
1.675185620528532411e+02
1.501862073072722126e+02
1.351461293632225988e+02
1.453503646232840651e+02
1.188253767949543800e+02
1.190258383551836232e+02
1.147532217132679193e+02
6.355638569299753726e+01
1.618237613739344170e+02
1.583904291941313716e+02
1.525726079954715431e+02
1.406973201820321151e+02
1.522991282589504181e+02
1.278319010855035032e+02
1.169205571128881616e+02
1.052241565562086976e+02
7.119480299140565194e+01
1.598364369436110053e+02
1.781213224433709854e+02
1.589400354809659461e+02
1.351076551584311289e+02
1.447107484508143784e+02
1.626244143293544084e+02
1.346144947934779168e+02
1.227115561066984100e+02
1.019280789661684139e+02
1.382238845997980832e+02
6.885019977917184519e+01
7.382179774717864973e+01
1.690569028363136681e+02
1.669532910363573706e+02
1.773875029986544121e+02
1.504480496404443386e+02
1.483676905879201513e+02
1.439282002565761047e+02
1.207172966257763846e+02
1.431731676766865178e+02
1.035168455630867044e+02
8.501561570061643636e+01
9.354339852707545333e+01
1.227105904571938026e+02
6.262855703925583128e+01
7.104611301650525945e+01
7.802168565291533753e+01
7.123523164663262719e+01
7.858955757786982588e+01
5.300773644853530442e+01
7.042452331537363364e+01
7.719930735350844486e+01
5.797307111491642218e+01
5.794760921811598564e+01
6.943345292421139447e+01
8.445049978753557696e+01
1.054938750728938004e+02
8.218628623973832248e+01
7.713704547248441656e+01
1.075498907249503020e+02
7.098977476998803127e+01
1.479454050873697213e+02
8.527107447586386968e+01
7.047077976874662397e+01
7.728200923334723882e+01
1.121060939109909214e+02
1.503268478490035136e+02
8.025723951504474485e+01
4.581383443980211467e+01
7.883609142371285827e+01
1.197240761602383827e+02
1.674978198881405262e+02
9.567501369054892280e+01
6.255264477988264105e+01
8.002596758376779462e+01
7.949917778052520134e+01
1.241798440010812641e+02
1.787943091522808459e+02
1.078324193796230617e+02
7.730885145808717596e+01
1.141961862943540069e+02
7.016423760635198903e+01
7.928017547243823060e+01
1.255669158655528719e+02
1.828923448018036879e+02
1.140458660525998482e+02
8.679950110555674314e+01
1.320477998831660500e+02
7.492227286076330017e+01
7.941531861076163068e+01
1.273890143110248943e+02
1.883324443873920586e+02
1.215306793012316149e+02
9.789065675375397291e+01
1.571197873124099260e+02
1.046390098994249342e+02
9.309922783289948711e+01
9.413425852960908458e+01
7.943834061408416858e+01
1.285339830540572166e+02
1.919665512904105924e+02
1.270871057041989758e+02
1.068790754048449827e+02
1.791865489914722502e+02
1.129949255714114145e+02
1.171125296518007843e+02
9.435363488811138666e+01
7.889180286845015644e+01
1.278807036202782541e+02
1.908587228361507186e+02
1.278208557135604622e+02
1.102620867382472198e+02
1.889819500985774141e+02
1.306631450092178284e+02
1.208764559735972597e+02
1.238298237716783490e+02
9.285354870604163580e+01
1.288475331051765522e+02
1.937546380920248055e+02
1.319992471133413403e+02
1.171260692161831258e+02
2.073527099637448146e+02
1.539895309437656863e+02
1.217753458467672374e+02
9.511450244636355933e+01
7.902227372409669215e+01
1.293207764072842565e+02
1.953069428046704559e+02
1.346585109153910196e+02
1.220113363544661382e+02
2.212614907032864835e+02
1.621547787379872432e+02
1.804808229385201628e+02
1.484004563081726928e+02
1.261793571252579937e+02
1.456867487157730068e+02
6.943087264845986795e+01
7.864380246680228481e+01
1.286863456642971357e+02
1.939539939151668761e+02
1.342996006421143704e+02
1.231127704325153900e+02
2.258623037126865540e+02
1.670329406332893427e+02
1.685173081665165853e+02
1.904230046433698078e+02
1.571902477512303449e+02
1.375845746959053599e+02
1.645843079407290759e+02
8.400625096073402176e+01
7.792242336845625061e+01
1.270641261593663955e+02
1.900370685290488382e+02
1.312716211562031674e+02
1.207927257080426813e+02
2.217652194775738508e+02
1.833224722942325684e+02
1.477083292231338589e+02
1.283796263252473011e+02
1.511831493348775552e+02
7.362500029257211054e+01
6.086730334501892514e+01
7.797001512336689188e+01
1.274230932411457218e+02
1.910708202138242484e+02
1.328433258514446891e+02
1.236060865100274100e+02
2.299876773621357131e+02
2.012396564912465635e+02
1.659537232487596725e+02
1.494080884558543687e+02
1.837860069466991888e+02
9.462537689613576219e+01
8.617920153539316175e+01
1.017389708712344003e+02
1.471426881535391544e+02
1.108115375891548240e+02
1.658249665324975410e+02
1.186163734776174437e+02
1.139811819999081024e+02
2.166595409491939392e+02
1.645007762398195723e+02
1.642848004371920467e+02
1.489044992770734837e+02
1.838502030920010668e+02
9.482011328869216982e+01
8.641234750128398900e+01
1.019702441704540803e+02
1.472420365063427710e+02
1.350455956007048997e+02
1.006271355636589817e+02
1.010336100200393332e+02
1.976289814383565613e+02
1.535265768587986770e+02
1.630336616916678167e+02
1.917404300265908148e+02
1.474378764602930687e+02
1.831803673307613849e+02
9.480263361857031157e+01
8.654875485992175754e+01
1.021536917888655722e+02
8.405152980717005562e+01
8.854310563894412667e+01
1.780807936029276846e+02
1.416388910365411391e+02
1.540287031187476998e+02
1.846102287480741779e+02
1.570907551457594309e+02
1.456449931584803323e+02
1.823479081500696566e+02
9.477977163133476779e+01
8.671629017907777381e+01
1.023783171786868564e+02
6.999936784541358747e+01
1.485855187546439140e+02
1.232923037079746393e+02
1.393138695827597928e+02
1.721569170182809501e+02
1.498838020208243336e+02
6.976797886261101667e+01
1.417517180258547000e+02
1.798403670156077681e+02
9.425116374518758278e+01
8.663983147591962108e+01
1.024727401416659092e+02
1.285134963229791651e+02
1.093986497249538559e+02
1.277265313510237377e+02
1.620993562182137282e+02
1.439282002565761047e+02
1.388388225225860992e+02
1.783745536553242630e+02
9.417262425244041424e+01
8.688804943429228445e+01
1.028184288449138535e+02
1.476121755658678580e+02
1.087084943783096378e+02
1.262426457365036470e+02
1.605025986660240278e+02
1.428048278520652445e+02
1.394319555690097445e+02
1.802172596038586221e+02
9.536162784876459853e+01
8.795487510881461901e+01
1.037467694812591077e+02
1.479994964841070271e+02
1.046630404528922185e+02
8.581765305941932809e+01
1.059482205039307274e+02
1.412153496370735013e+02
1.304996939610525146e+02
1.323342378135390618e+02
1.755590167797648178e+02
9.448804957753266365e+01
1.040778558750404130e+02
5.358769422260146342e+01
7.720427650683974719e+01
1.126658939773182624e+02
1.114085879103373031e+02
1.200478431401920147e+02
1.662981305389398585e+02
9.219634870267448434e+01
8.734804176838480316e+01
1.041154371015850870e+02
1.481914995852534958e+02
1.023946564802671588e+02
1.142916216450289966e+02
1.625935513786149897e+02
9.208504743233136480e+01
8.823096556197594964e+01
1.052810738552433634e+02
1.486870823655331151e+02
8.674319105337750102e+01
8.541423650778028787e+01
1.008549089839679596e+02
1.505400475673190499e+02
8.912825940622531107e+01
8.778527111442602404e+01
1.058426090942584921e+02
1.489563975261316386e+02
7.248451282132502627e+01
8.781226439873775291e+01
1.358079214976877438e+02
8.501561570061643636e+01
8.705627913011446140e+01
1.065971723359924397e+02
1.493159978589886236e+02
8.420101029861821473e+01
1.249549290320625943e+02
8.171404432073137514e+01
8.728722085840655609e+01
1.085496601656706872e+02
1.501340143367744702e+02
1.063240894670271928e+02
7.403111466823357034e+01
8.518483511897416349e+01
1.100010568048326576e+02
1.508024505166095253e+02
5.712302119305994097e+01
7.746737889420774081e+01
1.096322210209997934e+02
1.510541712473036569e+02
7.322620101528937653e+01
1.136727816693974944e+02
1.531002483688302220e+02
9.118419378059479641e+01
1.457624617102686102e+02
1.227105904571938026e+02
