6.756388924977116517e+01
7.488850702552079497e+01
7.112899757158685077e+01
9.244436817199934353e+01
1.004228044300674156e+02
4.713749571369544356e+01
7.268438576687130137e+01
5.667152317324296718e+01
6.144157760534895374e+01
5.773177764819740077e+01
7.411456024444439095e+01
7.777196995281019554e+01
3.693182385901565112e+01
5.438555457915161639e+01
5.577736416173467404e+01
5.175646001931229989e+01
3.671723422259753278e+01
5.887206795739950849e+01
4.723349984167531090e+01
5.425034701383278701e+01
5.739904447173977076e+01
7.369215989723390692e+01
7.500107038755434985e+01
3.659469808888803755e+01
5.552147770221495904e+01
6.577746001626407235e+01
4.268536118043659400e+01
6.484801886395932513e+01
6.105644231890706664e+01
3.992787895879965276e+01
6.102696368495858792e+01
4.325604905409885248e+01
5.033841871305561710e+01
5.406231508224398397e+01
5.163835078191650041e+01
4.454910064884462884e+01
6.466107097150651839e+01
6.069537294027054486e+01
3.022529499153488786e+01
4.737895942141027206e+01
5.717773854702186043e+01
4.177642017356283333e+01
4.374481965947196471e+01
5.274999525582722981e+01
3.974290871855288998e+01
4.171746285038092594e+01
5.061931494066023873e+01
5.164423760963542520e+01
3.440845203308192168e+01
5.349305504359104191e+01
3.894198561830705785e+01
5.289321268440510693e+01
2.561134014492647992e+01
4.038988659930500802e+01
4.848430523223278499e+01
3.525460325151200891e+01
2.724723077559204043e+01
5.338257266002516843e+01
3.656787648777979172e+01
5.816053420391230588e+01
5.545203862559990426e+01
4.100115801456632880e+01
3.007813479720255856e+01
5.875197979192201814e+01
4.042247486693805314e+01
3.815349053095590648e+01
3.948856679125646707e+01
4.873768995865491860e+01
2.905839972506425894e+01
4.653710423720823286e+01
5.525491340668130391e+01
3.980863848704201047e+01
3.101714347230495861e+01
5.758434103439326890e+01
5.541435125127859607e+01
4.161157057049319263e+01
6.797743701102110947e+01
4.266370735601505970e+01
4.519528942186148868e+01
6.167761242907663188e+01
5.802336597980225008e+01
4.278488236192726646e+01
3.620110472409767510e+01
6.673680056064777943e+01
4.541319162793286068e+01
7.533450676024922643e+01
8.026468412074814296e+01
5.259305237729519433e+01
3.916142563194200932e+01
6.868608414635500026e+01
7.445739226311678749e+01
4.689559192749073446e+01
5.011127716508658381e+01
3.301214917657951986e+01
3.843751585425607686e+01
3.551450001713342886e+01
3.444074135742571485e+01
5.096755572532509149e+01
3.275604786352774056e+01
3.580188710973320099e+01
4.357093285904623770e+01
4.136043956069165972e+01
3.114432754693909189e+01
3.944074708918056160e+01
2.434349791507428407e+01
1.768160869555505954e+01
2.923155292550159601e+01
3.075352176456817688e+01
2.005474196890380156e+01
1.918668250390491536e+01
2.269010864284509310e+01
3.446435982849956758e+01
3.349702028556638567e+01
2.733282184241414114e+01
3.213653229298703451e+01
2.741346046344078147e+01
2.682221695523062976e+01
3.357310760634291569e+01
2.097529312334647855e+01
2.255807150886025525e+01
2.718382758284547052e+01
2.087705093605896423e+01
3.374752459849513286e+01
3.518285246946682321e+01
2.296400099615998514e+01
2.076167453694537812e+01
2.409855890734054995e+01
3.014436612147190075e+01
2.969772421187950684e+01
2.899686350667119328e+01
2.083963704862675570e+01
2.397067801346042160e+01
2.391920839024855283e+01
2.305677001828328798e+01
2.559286588863151835e+01
3.842054069090027468e+01
3.838447351557817200e+01
2.446460854964247034e+01
2.211125964392887155e+01
2.590637729247400145e+01
2.509433899628188414e+01
2.642456114009088353e+01
2.381427078857250024e+01
2.218564830314717540e+01
2.157216048428970012e+01
1.852785427170692500e+01
2.128693849985639730e+01
3.247282794645438742e+01
1.851820900112899082e+01
1.838730505133228732e+01
1.680010356634452506e+01
1.524329822690045511e+01
1.484586682578486361e+01
2.102802052461635185e+01
1.285646469304484363e+01
1.156885388289688343e+01
1.315706091576166159e+01
1.262098304172307905e+01
1.288156346163440347e+01
2.051494207831033023e+01
2.095035079834737601e+01
2.713691672109257169e+01
2.463602686362654737e+01
2.704996438752093368e+01
2.570665615577614815e+01
2.620995797614547840e+01
3.796659263232221093e+01
2.928992638867361009e+01
3.369572687823373514e+01
3.092399671948297168e+01
3.104803861711396351e+01
4.331807775594547394e+01
2.320118348122169394e+01
3.050241346854557989e+01
2.021846719581873586e+01
2.028232989621800542e+01
2.561995695938653839e+01
2.806772010864402489e+01
3.308943560692175367e+01
6.998726030550125188e+01
7.161110112948084350e+01
6.836327955822284252e+01
5.658800704153804872e+01
7.255716997546275593e+01
5.573402310593777287e+01
7.210338758027972972e+01
6.915658192689389239e+01
8.395822564416523903e+01
3.304609962058340500e+01
9.532478967092892219e+01
1.017860953995421767e+02
5.560636981880704610e+01
4.769153557698134449e+01
8.050838739718295756e+01
1.041397442473837316e+02
3.571417589312910223e+01
4.019343514428086195e+01
6.755113753443617952e+01
4.462615066892674776e+01
4.726465604189213821e+01
3.066475171946094846e+01
9.406017766306487715e+01
9.469472211964252040e+01
4.924773529562106944e+01
5.460097562213056932e+01
4.812926538048736091e+01
2.228836338942868167e+01
7.619455105228722402e+01
5.798673335572779308e+01
4.653643300418503514e+01
5.503701728314705832e+01
2.648517942386342483e+01
3.220967672728664866e+01
5.503630130038630597e+01
6.656379550114682786e+01
4.041359494938325270e+01
2.961877171659669372e+01
3.115310997223885536e+01
8.676986725084124430e+01
7.474828948632210768e+01
8.084913979298941911e+01
5.209678070607819933e+01
5.809009838939621773e+01
4.124955392213458794e+01
2.964813596099528681e+01
4.173597231683055497e+01
2.633828701296606667e+01
6.138137808178173316e+01
7.239903210089526908e+01
8.358215522507572359e+01
5.126874061405584371e+01
3.951068271642937191e+01
4.290955061424426731e+01
5.055714074039964601e+01
3.489918631121015125e+01
2.593022007938598605e+01
6.520317288555713731e+01
6.021424664664898074e+01
5.151887294336160750e+01
4.775566505181683397e+01
4.604750812584968855e+01
5.470716444211477381e+01
2.466117364578963489e+01
2.983820639016722964e+01
7.627952848588270740e+01
7.721568080725685945e+01
8.406596362479650963e+01
6.649160872820692703e+01
5.696078712852025916e+01
4.025327698947837973e+01
5.411081501341256939e+01
6.967166499667844448e+01
4.126495654768912402e+01
3.763078953064592724e+01
3.009700021048484686e+01
2.785887038638800561e+01
7.934259580066066064e+01
7.432250214378623809e+01
5.647666452972034534e+01
5.904691842167892446e+01
6.437286842197902104e+01
7.464933124938497144e+01
5.321707048186527800e+01
5.758718977849218845e+01
3.525040954754720701e+01
3.181167255267840233e+01
3.458356424635879023e+01
3.023147953881360195e+01
6.998726030550125188e+01
7.428330481649848593e+01
7.363636476206031034e+01
7.667045507016645445e+01
8.986564975012142042e+01
7.137339651152859687e+01
9.527476621621066499e+01
8.034119676070956473e+01
5.503750267412083019e+01
7.682661290189470549e+01
7.679675248982715630e+01
9.840058999092804015e+01
9.018969761970363663e+01
5.832793026574940853e+01
4.504994125235742786e+01
1.035505719101978030e+02
1.052149628166509530e+02
7.883397400237267050e+01
7.175288558806602168e+01
7.752609511713323798e+01
7.964162923119242521e+01
1.059496034068627495e+02
1.134738671543903905e+02
9.167524214120626880e+01
8.980633328649163616e+01
8.714867087127980483e+01
7.779390311077047215e+01
1.072449033741641102e+02
1.184716836382675211e+02
1.003110161637178237e+02
1.036547004328160995e+02
9.251255629602592023e+01
3.162606691810407966e+01
7.790686909820979622e+01
7.808684520481695301e+01
1.085596124437163468e+02
1.229798301784034749e+02
1.086957071264787658e+02
1.196078936102960313e+02
1.105693234596003975e+02
3.763595425675080719e+01
3.548942955441284397e+01
7.826481002749812887e+01
1.096964858576532009e+02
1.266909677225569197e+02
1.158360060667254885e+02
1.343514796729675709e+02
1.313788794783785931e+02
4.745568794296609383e+01
4.804241275373343001e+01
7.831131869480157093e+01
1.101848295933739479e+02
1.286419925582723636e+02
1.198631200985494871e+02
1.432686660243134043e+02
1.438931711611506046e+02
5.338353508483672272e+01
5.551284433513490768e+01
3.028525902891249544e+01
7.833351376042557490e+01
1.104988057861545627e+02
1.299887422622408053e+02
1.227343932738940993e+02
1.499112573705076841e+02
1.537977758863995632e+02
5.854553259143195731e+01
6.268138522444851901e+01
7.839497840699050357e+01
1.109167373132507919e+02
1.314190361974236794e+02
1.256482573689232396e+02
1.566058112233409929e+02
1.648098904056890319e+02
6.494904753708934209e+01
7.269282303224358088e+01
2.070071097699517537e+01
7.845328254112635591e+01
1.112829266528094081e+02
1.326232722524738961e+02
1.280849625608597080e+02
1.622507451599259980e+02
1.744402974830224480e+02
7.082315176227717757e+01
8.241135129926485092e+01
7.849326692360610025e+01
1.115483699470706966e+02
1.335219681070411184e+02
1.299273261391563210e+02
1.665948667948401578e+02
1.819961410936860773e+02
7.559775064644483678e+01
9.067551467200210880e+01
5.104854371195597906e+01
7.852902528281511252e+01
1.117758711732993504e+02
1.342750486776938317e+02
1.314626178343234528e+02
1.702243703022866441e+02
1.884209522835884911e+02
7.976306573861124605e+01
9.813061132116659735e+01
3.685693858712035365e+01
6.166527730256010642e+01
5.999742899871465340e+01
3.626163069536780625e+01
7.855912995350598749e+01
1.119650043524847547e+02
1.348963488305088276e+02
1.327270120541510039e+02
1.732235440287175550e+02
1.937929718688056084e+02
8.331434007629722771e+01
1.046589207990401889e+02
4.245711088138407518e+01
7.281489012996809151e+01
7.241388391400774083e+01
4.422567056848384937e+01
3.388528445873586747e+01
7.856907105613858278e+01
1.120638737515474190e+02
1.352837496248515947e+02
1.335610082072456635e+02
1.752828184213014140e+02
1.975082526798351239e+02
8.584877861033839963e+01
1.094946261369162102e+02
4.678672236050208255e+01
8.134557560088934736e+01
8.185008963334935572e+01
5.022440355293200298e+01
3.898155175265865324e+01
4.433844371075017676e+01
8.257240631150817478e+01
1.056817919856123495e+02
1.097353091595822576e+02
1.500721460437604833e+02
1.737243492638878877e+02
7.823343908955011727e+01
1.030792238791029121e+02
1.082293140390454198e+02
8.117676246255162198e+01
8.194036588862924475e+01
5.031510982789100694e+01
3.907238769785195842e+01
7.642079396763450916e+01
8.433920745966145205e+01
1.212954546754515235e+02
1.449237871193109015e+02
6.835196900164233114e+01
9.385923295234734098e+01
1.016174234719795919e+02
8.145051172325310063e+01
5.018600354319242030e+01
3.906612627475199417e+01
4.440183640391967401e+01
6.653657330242069179e+01
9.812628915793119688e+01
1.186558861162431668e+02
5.897454343858650105e+01
8.494920077964980010e+01
9.514400997549330441e+01
4.445223728616856107e+01
5.013945814599214401e+01
3.911723516229415765e+01
4.444222919939716121e+01
3.839515757522953265e+01
7.601714547891079121e+01
9.056908682080093342e+01
4.828313879982501078e+01
7.408074793650247614e+01
8.663558541231695642e+01
4.290617603718600037e+01
7.760004462111426449e+01
3.911178282258126870e+01
4.445407046399796513e+01
3.841527876855404600e+01
3.412462839591765373e+01
3.735505195693095715e+01
6.171503259734193847e+01
7.588295317470632995e+01
4.043787016346567498e+01
7.464933124938497144e+01
7.856863950221676873e+01
6.575016483305296333e+01
4.438518585819341666e+01
3.840818221425347900e+01
3.412900686033388098e+01
3.189123499827443808e+01
5.444806021780109972e+01
6.843497366325568976e+01
5.115079812029468798e+01
3.854121493117592223e+01
7.221531762631904883e+01
7.720212021424359250e+01
4.898773291925508033e+01
3.893472155252475631e+01
4.439707240187008352e+01
3.843892431868630410e+01
3.414552057219144388e+01
6.814379271625159618e+01
7.404857476397184257e+01
5.166037516675585550e+01
3.870288060569003363e+01
7.155990914481215270e+01
7.685952885240050136e+01
4.899691214241318704e+01
3.914381145706111909e+01
4.454779725706180216e+01
3.852994945810328886e+01
3.418023004370746065e+01
5.139973774836878562e+01
3.884091231054414095e+01
3.148711130417867210e+01
6.117086822695303994e+01
6.918722124469250900e+01
4.598520211161365268e+01
3.790206342657173622e+01
4.387533206038549594e+01
3.831991163546774004e+01
3.413850391549414098e+01
3.124413357667909708e+01
2.658435079463126982e+01
5.212725579988146762e+01
6.151355366418301429e+01
4.270107778034579837e+01
3.652097680332849450e+01
4.311567690987989465e+01
3.809272267589557970e+01
3.409785010405414596e+01
2.594128156993929224e+01
4.592960494622712986e+01
5.430833114121028160e+01
3.905563553216416750e+01
3.487619774576666742e+01
4.216100096217685689e+01
3.781010170605879495e+01
3.727234103762418727e+01
4.388856748781324768e+01
3.318012219188230461e+01
3.181167255267840233e+01
4.026546175224110158e+01
3.719434637512844688e+01
3.392989438279938952e+01
2.933310775888104516e+01
2.470011409982706496e+01
2.674288345214824147e+01
3.688018818187890702e+01
3.602750486208325498e+01
3.369107621847682310e+01
2.622242189947183277e+01
2.593142735385429631e+01
3.491211940458705953e+01
3.523518040727580569e+01
3.355776422847233675e+01
3.025174616411650064e+01
3.450669521664173800e+01
3.466034511382117245e+01
3.348183913769061348e+01
3.038547044660208485e+01
3.192160491288117186e+01
3.289378803555396757e+01
2.607445908267192181e+01
3.131399965008904474e+01
3.023147953881360195e+01
