9.625601621991172863e+01
1.139959619656392533e+02
1.456724682245739189e+02
1.553746074679030471e+02
1.945427132437469879e+02
2.146189110654281080e+02
2.283891620079642735e+02
2.800594787479844285e+02
9.728780266052848447e+01
1.231422170965282419e+02
1.346376242303786910e+02
1.701391245409106716e+02
1.895665641766519514e+02
1.958556822033789047e+02
2.185704925257980165e+02
2.794488525861794983e+02
1.664197692597703053e+02
1.836241217116029532e+02
2.328187429516904956e+02
2.487633415763315270e+02
2.615904349453717259e+02
9.327565810773779731e+01
1.051571372422390311e+02
1.354342937762681061e+02
1.531861118554852226e+02
1.615793557922690695e+02
1.830006382583942468e+02
2.087829213616763298e+02
2.325512084651639668e+02
1.756955199946492030e+02
2.024508712786722811e+02
2.284293526356817665e+02
2.459647197020166800e+02
2.397055502364717086e+02
1.436293721437197064e+02
1.651274429520954072e+02
2.209094303276980611e+02
2.241812454656994760e+02
2.333976775994596551e+02
8.137202531465237598e+01
1.068774184830326703e+02
1.233040966485148573e+02
1.333688398251238709e+02
1.530394837325549418e+02
1.544684382902894129e+02
2.094864811547253396e+02
2.025060837510962983e+02
1.621112190572790155e+02
2.210086506875038594e+02
2.146573802696718758e+02
2.390634115394713888e+02
2.595347635199636898e+02
1.554904698729627910e+02
1.790265669476881669e+02
2.090190028883428681e+02
2.305651505623936544e+02
2.302483084191682678e+02
1.086216754739042329e+02
1.236453036104391998e+02
1.363427106282274508e+02
1.568912199869244262e+02
1.580519337307763692e+02
2.168387535194265752e+02
2.154076182447163319e+02
2.236780680500745859e+02
2.098095634796718514e+02
2.008327866243856192e+02
2.285274604128576641e+02
2.340619452883532290e+02
1.924404470862204164e+02
1.932930015414148386e+02
2.028123517699158072e+02
2.227896512342618962e+02
2.393265443712350873e+02
1.350245128096085239e+02
1.897379641349549217e+02
1.912524962091289069e+02
2.200045615076642775e+02
2.454360197171219227e+02
8.980573154426592453e+01
1.033161129895736394e+02
1.208481175274719845e+02
1.218587221916730243e+02
1.700853813922539359e+02
1.744919074919647244e+02
1.693754626084603387e+02
1.960837669040818128e+02
1.865578418403831051e+02
1.962884846833923120e+02
2.194686124312302127e+02
2.250526366547925932e+02
1.837499014223228642e+02
1.796571084226343658e+02
2.092639572073672980e+02
2.200221746850357931e+02
1.688274350185067192e+02
1.732813603784667578e+02
1.861934604401958495e+02
2.100490224232822527e+02
2.313770538222369169e+02
1.009567983823778548e+02
1.186758351332357648e+02
1.681078750915355329e+02
1.748021319304095300e+02
1.720849302229093780e+02
1.828956605910356927e+02
2.084064197081198131e+02
2.046862948868227647e+02
2.154288419231885712e+02
2.234363958910605561e+02
2.556989743990534123e+02
1.725178364059601392e+02
2.005005201315264571e+02
2.128506177362548044e+02
2.103468884906816641e+02
1.626181330498800435e+02
1.737450974387656970e+02
1.991517357569666160e+02
2.101850590496597135e+02
1.048097766709084766e+02
1.012685089073910234e+02
1.461112224345106085e+02
1.540849854138533317e+02
1.537875076332881292e+02
1.561833405979922134e+02
1.831118498684806752e+02
1.978001071121755388e+02
1.927530815313283483e+02
1.979496281263260755e+02
2.089677654502747828e+02
2.364492372976715728e+02
1.759324146378072555e+02
1.887046947985940903e+02
1.999776509858897953e+02
2.348291853125936086e+02
1.869184518950640097e+02
1.912334458173588132e+02
1.332698313601426889e+02
1.452971891248956240e+02
1.717839760478125299e+02
1.873260004026084289e+02
7.541664519370004882e+01
1.108352451516614963e+02
1.195640826951176621e+02
1.215391948443239158e+02
1.249687401672148894e+02
1.444869266165273132e+02
1.564991701345268780e+02
1.680129946133461942e+02
1.816144566436565242e+02
1.897794085199054450e+02
1.940461084086451535e+02
1.678953746058743661e+02
1.746331317335005053e+02
1.886200188123364399e+02
2.185424535630967000e+02
1.473505206762457647e+02
1.606557101193420749e+02
1.735719813791019703e+02
2.095199422983902480e+02
1.200918462169821197e+02
1.432183281414354497e+02
1.594746635094204237e+02
1.676681736344315539e+02
1.005548801250273669e+02
1.098171327332279503e+02
1.134192208479595507e+02
1.173034873810301661e+02
1.359665505035849264e+02
1.462028940174683100e+02
1.528218316850166048e+02
1.678674863957428443e+02
1.905710024674421845e+02
1.877163818934137680e+02
2.383744846059588554e+02
1.656806117409059311e+02
1.814492669286322837e+02
1.773526441569420911e+02
1.734177458917520198e+02
1.373034803313929331e+02
1.445633975141374492e+02
1.601522443541504401e+02
1.905926567192567802e+02
1.226693045803915680e+02
1.356596091370747388e+02
1.491124457105495651e+02
1.848115687501042146e+02
8.940953131863295766e+01
9.462646413881078900e+01
9.907080096842339856e+01
1.150683318327367459e+02
1.246841705537025717e+02
1.313706426949616457e+02
1.380596846906181554e+02
1.478185954128056210e+02
1.782558066610601486e+02
1.794234098089766576e+02
2.277938198202397757e+02
1.710088348561284022e+02
1.706394366730229706e+02
2.197825619463605733e+02
1.466467114669474654e+02
1.640039365168373422e+02
1.634242254119713778e+02
1.381234431260155020e+02
1.458783729649721863e+02
1.577020748473469212e+02
1.265692952906253055e+02
1.345670263948921956e+02
1.528679245606631696e+02
1.868574822644230551e+02
9.545995360197456137e+01
1.001944742650418050e+02
1.166179314800786244e+02
1.276466913767288247e+02
1.363047497191722073e+02
1.369055432099581822e+02
1.564685444290780367e+02
1.594078632334036740e+02
1.644709776671000725e+02
1.641916919364766443e+02
1.469951768845104709e+02
1.490733730799133525e+02
1.954357509911077670e+02
1.223272010537733934e+02
1.409305596977123400e+02
1.444494450635142755e+02
1.197020109424206851e+02
1.270724067368505104e+02
1.429282116902434154e+02
8.552408191110431801e+01
9.529456365558175435e+01
1.032068742453866008e+02
1.102111337264987014e+02
1.093179118838762207e+02
1.264653848709265702e+02
1.296797593559421955e+02
1.724854202804114038e+02
1.524093597853635060e+02
2.243033806491523023e+02
1.389925768826570618e+02
1.411560908896870217e+02
1.296766746313884653e+02
1.346124325375527917e+02
1.796917029018929952e+02
1.191681352654961188e+02
1.236230994464841189e+02
1.663922053931023584e+02
9.346961424013265685e+01
1.108846849033735396e+02
1.168714039887594964e+02
7.654853852616541587e+01
8.136731933022315388e+01
8.694438389462300165e+01
8.440956172347671327e+01
9.932521177780522237e+01
1.018741125070526863e+02
1.062010986281360090e+02
1.441848224659808011e+02
1.287817558502886754e+02
2.121999240067292192e+02
1.258039786346963638e+02
1.877023820770249074e+02
1.136344799519014401e+02
1.175376655342818566e+02
9.915476037448524949e+01
1.045166566593756841e+02
1.436401609453329229e+02
8.856806979665775259e+01
9.268863340325212619e+01
1.261661061361351699e+02
6.750863429893166767e+01
7.213244601982164284e+01
6.852196500241768717e+01
8.241843355108915148e+01
8.511423698721077358e+01
8.784309723992967633e+01
9.121737288139640043e+01
1.373329482847800307e+02
2.660505083564314646e+02
1.091215203878811195e+02
1.832223208895373716e+02
1.058175883866558422e+02
1.599314687212692263e+02
8.913993494246406613e+01
9.335131310175347608e+01
8.197154397382581692e+01
8.711310846084155912e+01
1.224339890320667763e+02
6.611355208583620424e+01
6.149891593679251400e+01
7.690676444572983428e+01
8.017496751622925899e+01
8.361028545683753066e+01
8.857609046050839652e+01
1.340364744241695973e+02
9.265721319000473954e+01
2.222860467229391475e+02
8.954576802904810506e+01
1.534337113490247475e+02
8.268490384183864705e+01
1.261929517570470693e+02
7.502408297461346365e+01
8.025926814318026459e+01
4.765269222946569982e+01
6.318678780597139166e+01
6.646204674210149221e+01
7.011595183933161479e+01
7.502549734569764439e+01
7.549614996033926673e+01
1.314150212392741821e+02
7.777647182507621437e+01
1.793143454184697418e+02
7.245165734143118641e+01
1.273169155845485108e+02
6.727380645222660860e+01
1.040550733723516288e+02
5.453037635831099550e+01
5.573915046625745617e+01
5.883119882448097115e+01
6.284198603789922544e+01
6.428557729269152787e+01
1.492445810347171005e+02
6.691951205617687037e+01
6.569002313874524646e+01
1.511385832078960050e+02
6.321361094832484184e+01
1.118000596985581723e+02
6.027611531593812089e+01
5.999916323033260568e+01
6.139407599710443719e+01
6.260043263991001083e+01
1.425854353303363666e+02
5.904163227806450465e+01
5.397367701775213789e+01
1.229352250562838549e+02
4.392917119224289735e+01
4.562836544625977808e+01
4.863128800641968041e+01
1.117016197455606061e+02
4.793683624224035356e+01
6.089641168630348034e+01
4.286560015307020421e+01
3.956745685918618705e+01
4.178812658921322054e+01
9.113289152992224729e+01
3.996646346658519633e+01
5.109485649077261371e+01
4.208097547278246253e+01
8.023841750877518564e+01
3.558440397014387457e+01
4.510060765389637538e+01
7.050077562908879258e+01
3.163423059309234020e+01
3.976208100635614784e+01
2.301708669371264548e+01
2.899117504252522437e+01
5.448636008412667309e+01
1.176243553484572573e+02
1.099533969473691286e+02
1.046942277400485040e+02
1.179821336047034208e+02
1.533183324682067905e+02
1.015614141536970862e+02
1.522310272569295648e+02
1.181414074957970826e+02
1.505574944474707593e+02
1.127558174538991551e+02
1.910400009963842933e+02
1.860028320966406454e+02
1.519498689643442617e+02
1.028483044970658113e+02
1.936171321188220418e+02
2.100867209887784384e+02
1.497944487018386042e+02
1.135046906201241228e+02
1.869533908297088658e+02
2.015054410882216871e+02
1.399623184554903332e+02
9.505481898873978253e+01
2.143573760820219718e+02
2.356275000150448307e+02
1.761779749606354812e+02
1.767723602447767917e+02
1.351620525559010559e+02
1.113339141584450545e+02
2.159725151913106913e+02
2.227128083344617266e+02
1.685628853458729850e+02
1.818421456501014291e+02
1.379852312732846542e+02
1.004723063670386836e+02
2.066261935017078883e+02
2.134429483829266587e+02
1.725566910919470729e+02
1.653104570178842323e+02
1.413500892494108427e+02
9.370358221323914449e+01
2.398264354349650489e+02
2.492403598982967878e+02
2.428378766169238929e+02
2.036902704409397131e+02
2.047021649929081093e+02
1.702215567673308954e+02
1.963973711573003982e+02
1.254786440969069616e+02
8.471510786093614342e+01
2.402763286335205919e+02
2.373259809867491867e+02
2.492346011382459778e+02
2.037203791108507573e+02
2.142325885597313970e+02
1.678436886157538765e+02
1.765450048677741677e+02
1.099372444369937796e+02
8.121177826197025240e+01
2.332871478661286346e+02
2.451747621596929889e+02
2.292421368092588523e+02
1.926317693230731152e+02
2.187103976047897618e+02
1.467886655548734041e+02
1.503339715374248158e+02
1.068434239179696164e+02
6.976290911890491486e+01
2.655771257892630501e+02
2.716016497798528917e+02
2.666605232239983820e+02
2.258804816083144260e+02
2.421407363205531169e+02
2.712024373974067544e+02
1.897026041057601731e+02
1.955009548456982316e+02
1.378585170483606532e+02
1.375878593272071839e+02
1.063040330073923343e+02
6.864328605758633728e+01
2.566661476822887948e+02
2.735709316452903295e+02
2.816702928300471171e+02
2.171760871415719976e+02
2.394121567912870603e+02
2.450355400966981279e+02
1.759216684454158894e+02
1.740651423844301746e+02
1.308163061322764520e+02
1.413684561241570634e+02
9.710482359530973895e+01
6.276892594265529368e+01
2.842001430251467582e+02
2.954833392399452237e+02
3.048197488667732387e+02
2.827980228976751960e+02
2.486338391422840175e+02
2.641724785304808734e+02
2.917568622294232341e+02
2.133020075398551114e+02
2.128459360844741752e+02
1.631324741711030697e+02
1.680506963310801325e+02
1.302395663404078903e+02
1.368868970598953467e+02
9.093882309660882868e+01
5.814836500979379963e+01
2.762182403661525996e+02
2.930140266263616127e+02
3.083098392042457476e+02
3.418541433803895302e+02
2.411687432757206579e+02
2.560686200484400388e+02
2.578939437242638064e+02
2.007111944704481346e+02
2.012863067087272384e+02
1.953239072419483477e+02
1.573328957055156536e+02
1.687898419690585854e+02
1.255736751396505042e+02
1.290846672256450063e+02
8.375954620151902930e+01
5.681431296487227911e+01
2.745134838665512689e+02
2.845669453878074364e+02
3.068664929771387619e+02
3.113717033435456756e+02
2.406068710687095802e+02
2.404788156888134552e+02
2.324521062398282254e+02
1.908797363017576743e+02
1.975550697848249513e+02
2.072950418353821647e+02
1.558483998413216796e+02
1.610253927931785540e+02
1.182972714265488321e+02
1.234550058784977580e+02
8.085181315904563348e+01
5.316429415430644667e+01
3.001463371762631596e+02
3.120541247695791753e+02
3.267375072068804798e+02
3.572899271675032082e+02
2.697357590384423247e+02
2.836238201455176409e+02
2.774830085340975074e+02
2.734348800911677131e+02
2.264157441819809549e+02
2.282991772683161287e+02
1.869149886326113119e+02
1.963078174606422124e+02
2.007675698787578256e+02
1.544921494624919660e+02
1.598142834095033891e+02
1.125505202116823114e+02
1.207524595071329827e+02
7.911180516779070615e+01
5.583523472159591705e+01
2.873561621334494589e+02
2.970253285318682401e+02
3.099918621959337770e+02
3.095493727375903745e+02
2.535312064143436146e+02
2.540472734207860697e+02
2.500021229936968155e+02
2.404636070610591787e+02
2.069279005492799683e+02
2.125059292766429451e+02
2.225915227859154015e+02
1.735806963957302287e+02
1.795360015315661428e+02
1.803930876483404404e+02
1.367494162039437811e+02
1.437608369874195660e+02
9.784369136733631933e+01
1.015078076836202285e+02
6.631765842561503632e+01
3.865184155146144462e+01
2.843123895638800036e+02
2.976736628675284919e+02
2.930458957096275867e+02
2.809206538220998937e+02
2.435539534920537221e+02
2.443427291320106747e+02
2.483220966355561643e+02
2.583042384880992586e+02
2.041655774343408893e+02
2.138707399312978339e+02
2.164684409455640264e+02
1.675067488293167912e+02
1.743963519850978514e+02
1.772057500426601564e+02
1.299554063001405098e+02
1.375469104200059576e+02
9.291760321918847865e+01
9.664797491811502539e+01
5.995670514067048629e+01
7.697634347350388850e+01
2.821385620901447737e+02
2.811307887718530765e+02
2.793336655043342489e+02
2.784110855460203311e+02
2.000213900471100317e+02
2.073023088113970971e+02
2.095005572435348711e+02
1.631228587581280749e+02
1.701586553822685630e+02
1.769990179355621649e+02
1.241587873449033026e+02
1.278237627048920189e+02
8.576721105376020660e+01
9.326279571088601017e+01
8.637486649387088278e+01
2.940860264109585387e+01
1.176243553484572573e+02
1.278240160827335643e+02
1.168230466543445516e+02
1.284918462427212091e+02
1.403414569155344225e+02
1.076092166763877458e+02
1.281195249058628747e+02
1.520491531938878325e+02
1.425899664118841770e+02
1.304400224095186900e+02
1.268049763003945571e+02
1.546048858617238864e+02
1.604223211285175523e+02
1.641354509522104479e+02
1.098787238933805384e+02
1.256621974415644445e+02
1.547232445945242034e+02
1.696917252275133308e+02
1.893899041545814441e+02
1.432988973586656130e+02
1.218639692405325405e+02
1.248541216326017036e+02
1.543798896436992436e+02
1.748813666194281495e+02
2.070448239959303862e+02
1.717851465929196877e+02
1.584586979932877853e+02
1.211692716726081329e+02
1.241251134079747089e+02
1.534549690286720534e+02
1.768240616986627174e+02
2.170723821724811273e+02
1.921259403374587862e+02
1.892716766802783468e+02
1.508300155105838769e+02
9.777404223620047219e+01
1.236151819334280191e+02
1.527974376975849964e+02
1.781401315844119040e+02
2.246890277748342726e+02
2.096845565970427003e+02
2.211099927944819115e+02
1.915894649958561899e+02
1.390818823532072770e+02
1.229627220717337792e+02
1.513514775364610045e+02
1.768598632906119121e+02
2.253777016124409727e+02
2.162832581104368614e+02
2.365603087969415412e+02
2.138929376575455592e+02
1.632358461212142799e+02
1.373549709132803116e+02
1.006514756846115830e+02
1.224888048677293142e+02
1.503042041321074009e+02
1.758992573364793373e+02
2.257673066266160333e+02
2.211428362609774751e+02
2.489110947945235637e+02
2.333566919797003152e+02
1.859853337464234073e+02
1.616055470227672686e+02
1.220556900113076182e+02
1.091757513167617049e+02
1.221662957478949778e+02
1.496281185840404930e+02
1.753922125183156879e+02
2.264785752748985317e+02
2.254735935525418711e+02
2.598859809675581118e+02
2.515415182905612710e+02
2.087173774185145305e+02
1.878434884662080435e+02
1.467445430747144144e+02
1.354584409165319698e+02
9.784401850138495149e+01
1.219279980212783698e+02
1.491417721414245250e+02
1.750622569204660692e+02
2.271325110357648782e+02
2.290006045438343278e+02
2.690249540642929560e+02
2.674336091525808570e+02
2.298702982162942021e+02
2.142786231240925190e+02
1.735943801884228606e+02
1.677185939272729343e+02
1.216050578525237285e+02
8.534009550914302622e+01
1.216984777487957388e+02
1.486249762533409751e+02
1.745044128647978710e+02
2.269854631245567873e+02
2.308031411235067480e+02
2.747588597886667117e+02
2.784925059501049986e+02
2.458784588501180224e+02
2.356324267057389648e+02
1.965755187700938791e+02
1.972567536267897879e+02
1.459940074193818305e+02
1.024195306588642040e+02
7.512774751611516422e+01
1.739961070197317667e+02
2.267120020871885231e+02
2.319872623468065740e+02
2.789595379668268151e+02
2.870700487551407036e+02
2.589695533186648504e+02
2.540075125838691861e+02
2.256032606127574240e+02
1.712415648916556847e+02
1.221414035041442219e+02
8.996857520191912272e+01
7.326484927999992181e+01
1.213516194506482293e+02
1.478325603283475402e+02
1.735832663174023764e+02
2.264722536541214879e+02
2.328941944556437420e+02
2.822865496970809431e+02
2.940565454291248670e+02
2.699959861799553664e+02
2.701004330149895623e+02
2.363828361597389005e+02
2.526960136967390156e+02
1.968214143032824666e+02
1.432498613852684457e+02
1.068064446406261254e+02
8.721975993966310625e+01
5.960148138571225473e+01
1.212249596558900464e+02
1.475464835229886660e+02
1.732537343050134666e+02
2.262930408607913932e+02
2.336581392020558212e+02
2.850803297643694805e+02
3.000150686801850384e+02
2.796383871727915107e+02
2.847231175855303604e+02
2.544630556998357633e+02
2.797937048959148001e+02
2.243939986326169276e+02
1.684936107664170777e+02
1.300729957094085876e+02
1.116683820454520770e+02
8.305530226338402144e+01
6.157922659400277610e+01
1.211112104976158292e+02
1.472817721983804518e+02
1.729185467654744173e+02
2.260003021416954141e+02
2.340557441360876112e+02
2.869700952609870228e+02
3.043625214935939312e+02
2.870290729914884764e+02
2.963045499276058763e+02
2.692149473890504510e+02
3.027085980585563902e+02
2.484127814289258254e+02
1.909699752297464102e+02
1.509105802619419308e+02
1.330260651094332331e+02
1.020520802910088349e+02
6.678016546687761945e+01
1.210224379899360940e+02
1.470810492286947238e+02
1.726805996185811125e+02
2.258389561826236047e+02
2.344973192834601434e+02
2.887239996020741728e+02
3.082594241847246508e+02
2.936128867591619382e+02
3.067521244897363317e+02
2.827980228976751960e+02
3.243127511188349104e+02
2.718014129145796574e+02
2.136795155092403604e+02
1.728393715484864401e+02
1.565029217811625131e+02
1.241202707373130494e+02
7.958318003062314006e+01
5.227164274577738468e+01
1.209514056044561272e+02
1.469244594426589572e+02
1.725061624577197676e+02
2.257545910327572187e+02
2.349368133947372996e+02
2.903092741183106114e+02
3.117069567951792806e+02
2.994222406147600282e+02
3.160745367066276117e+02
2.951377798272183668e+02
3.443597502055335440e+02
2.941261872234695716e+02
2.360606284013239531e+02
1.952058868951294812e+02
1.813143223948993068e+02
1.484289038024136005e+02
9.847002768401075912e+01
6.872655077784403943e+01
4.874539794638285173e+01
1.208915000458957252e+02
1.467934053879858993e+02
1.723619638139898882e+02
2.256889717648475369e+02
2.353127629778683740e+02
2.916536780564217679e+02
3.146367311774318978e+02
3.043972535183415289e+02
3.241628115875695357e+02
3.060299596164720128e+02
3.624286817393958700e+02
3.147654803690859353e+02
2.573420292873588551e+02
2.171153842995103389e+02
2.063779318242887939e+02
1.738606591759513265e+02
1.217860621721283820e+02
9.107765006290372867e+01
6.687076364573835008e+01
5.309414395899480610e+01
1.208493630792532514e+02
1.467099314900094669e+02
1.722979990602012776e+02
2.257542234388689053e+02
2.358054673954494547e+02
2.930857757041316631e+02
3.175418563167979755e+02
3.091617721089154998e+02
3.318473318196594732e+02
3.164064466495113379e+02
3.797387979484192897e+02
3.348408687609912704e+02
2.784731318522706260e+02
2.393995812002789307e+02
2.325071405494044257e+02
2.010487497616788062e+02
1.179150479685308284e+02
9.120644585766407886e+01
7.485739127526176162e+01
6.422941895357182318e+01
1.207231384681614941e+02
1.463596889045541047e+02
1.716628494475818059e+02
2.245990875364398676e+02
2.344569806096373270e+02
2.912963462310850673e+02
3.157118885364538414e+02
3.079184047529960822e+02
3.311347048480211583e+02
3.165382918750327121e+02
3.820180627460525784e+02
3.387278499692910714e+02
2.832142587959126558e+02
2.444855983872855347e+02
2.383198381096568426e+02
2.070435163356699491e+02
1.207902262318962840e+02
9.124995098911993807e+01
6.961882448668390566e+01
5.181004767984723003e+01
3.071510541177924125e+01
1.207057162717843113e+02
1.463410854712498406e+02
1.717049399426147147e+02
2.248293557134090008e+02
2.350773401708615609e+02
2.927717844318896709e+02
3.184328801830577618e+02
3.121392562139583333e+02
3.254837911656021561e+02
3.969358400710206638e+02
3.562502159652021305e+02
3.020240137877829056e+02
2.647725398351713011e+02
2.626165975358304081e+02
2.328138122240103201e+02
1.470257669135401954e+02
1.151672243882766082e+02
9.133011159959080771e+01
7.147764528719559962e+01
4.595517898868511963e+01
7.069302386486616285e+01
1.990674255506502561e+02
1.206821565558899323e+02
1.462993503779752302e+02
1.716888726220284696e+02
2.249201886645230104e+02
2.354567041863948589e+02
2.937823278234446320e+02
3.204117017186261478e+02
3.153423928482023371e+02
3.325924433537947493e+02
4.090913238687618332e+02
3.708383341459319809e+02
3.180057033009285874e+02
2.823436846976244397e+02
2.840704448710422980e+02
2.560406855393346177e+02
1.720464662290342233e+02
1.384625296411733189e+02
1.130238694003845978e+02
9.178574426394654040e+01
6.252716613564279413e+01
1.028610359502144433e+02
2.229226191011842673e+02
1.130210532259335565e+02
1.431740470909890917e+02
1.939842004699600864e+02
2.098790037103389352e+02
2.673190443519499127e+02
2.965952684991376600e+02
2.968519765995978901e+02
3.267177899244861123e+02
3.982571091100468834e+02
3.646289258573860366e+02
3.152798737644526454e+02
2.816838405210793894e+02
2.847724320817179091e+02
2.577262847341673933e+02
2.249700692386934122e+02
1.398688804750775319e+02
1.140075938526323398e+02
9.243268352415520894e+01
6.287498185275764229e+01
1.032239882810382312e+02
2.985455222435178513e+01
1.126635090452014936e+02
1.590135007064696993e+02
1.805742163248479528e+02
2.364078103525976928e+02
2.682554313588233867e+02
2.743646775726996907e+02
3.065036053779024883e+02
3.037820807282376450e+02
3.555332412935933348e+02
3.105641781668604722e+02
2.796705668656924786e+02
2.844946053683661376e+02
2.588488181857876498e+02
2.267557651510441019e+02
2.057736322245828262e+02
1.150471610354967851e+02
9.312402534667687348e+01
6.324994035688147420e+01
1.036166843582410451e+02
2.989814843346747608e+01
1.153820107226698610e+02
1.433955020951848383e+02
1.971791167794548301e+02
2.318312850677195911e+02
2.447422835566250967e+02
2.793545720024635557e+02
2.815819342066673698e+02
3.623422938336174184e+02
3.411201326000443146e+02
3.019774328786764386e+02
2.748407191218402090e+02
2.819814444710274302e+02
2.584587770322966662e+02
2.276086744059255125e+02
2.068942506831863000e+02
1.772748735192645313e+02
9.380042902958700779e+01
6.362523165998887009e+01
1.040143971331725226e+02
2.994254879923126822e+01
1.426604737637865412e+02
1.022139207403723731e+02
1.526956280417736878e+02
1.897876338801445684e+02
2.096794667440329363e+02
2.464876333238055111e+02
2.540527289079239210e+02
3.347990094283766780e+02
3.215152461339263823e+02
2.670535726551535731e+02
2.770582540646345251e+02
2.564094086888019888e+02
2.274316940493023651e+02
2.073758449469204947e+02
1.785085313357902237e+02
1.438592929400918763e+02
6.400621105852538051e+01
1.044233165821143814e+02
2.998848168244937895e+01
1.234145021809979852e+02
1.572618779658685071e+02
1.813669911446122001e+02
2.184636117915098907e+02
2.293499562875425966e+02
3.097017358539276302e+02
3.035485512339942034e+02
2.780891540042905490e+02
2.552771403368503513e+02
2.281531986473330846e+02
2.086038383326030896e+02
1.804669608974123207e+02
1.456081303732678975e+02
1.183014666545669087e+02
1.049609357642597587e+02
1.125424873445945337e+02
1.430615393185455275e+02
1.809299264579986186e+02
1.959865938796973808e+02
2.742495210567959703e+02
2.766630239439091952e+02
2.596551887072559452e+02
2.477008133534720002e+02
1.151464525210340923e+02
1.504726760673763977e+02
1.663933344052211112e+02
2.416017852059682980e+02
2.511991249112172397e+02
2.418676048677128279e+02
2.354960194098576096e+02
2.554748421246245584e+02
2.252318551205209758e+02
2.083257935755393362e+02
1.831144052509113465e+02
1.486638200032929547e+02
1.208685024297064956e+02
9.726317698360065833e+01
6.560610325593897585e+01
1.201892256482322239e+02
1.345560925490151192e+02
2.052597098733119765e+02
2.216522093360881911e+02
2.202652634881442566e+02
2.198744711757651373e+02
2.435366086121469777e+02
2.392476205855718376e+02
1.843233842888181471e+02
1.503708248413726949e+02
1.223959414966230383e+02
9.841602577025570042e+01
6.628669713941309283e+01
1.068701764403269578e+02
9.541378790616754202e+01
1.592538919443724694e+02
1.830638866231073507e+02
1.906280364233847706e+02
1.971360830958928432e+02
2.247526685607843149e+02
2.267300044161690948e+02
2.154197719439321759e+02
1.837956035307280445e+02
1.511874927742525756e+02
1.235078379976105651e+02
9.939774472335653854e+01
6.691941796558356259e+01
1.075794024746280257e+02
3.034446649772637983e+01
1.204682190171744054e+02
1.474953276291892337e+02
1.616865494349542018e+02
1.735600783296572729e+02
2.040860381256062794e+02
2.121617394045444485e+02
2.068169645677402571e+02
1.985334692092177988e+02
1.827573169170537426e+02
1.519365180861377098e+02
1.247357950534060222e+02
1.005344977681301941e+02
6.766826762813204255e+01
1.084227146566236399e+02
3.044131839501182313e+01
1.090832856474703760e+02
1.292529324875465591e+02
1.459187379858821032e+02
1.783259345509915477e+02
1.925249274257129457e+02
1.939570496934648247e+02
1.901766294668440764e+02
1.796438596895182513e+02
1.255332451621140706e+02
1.015415690012238201e+02
6.841456432625827233e+01
1.092982792263778435e+02
3.054365340114344818e+01
1.069573325309442708e+02
1.239259815434647152e+02
1.557223838416857404e+02
1.742326413267804526e+02
1.816047342801246032e+02
1.817660347133247001e+02
1.769990179355621649e+02
1.520705011640513078e+02
1.031348874938228732e+02
6.952148116320012150e+01
1.105586587987922940e+02
3.068881071153079532e+01
9.863470778505671888e+01
1.268475274377131115e+02
1.486404861365536760e+02
1.621410043100346172e+02
1.671562103646530772e+02
1.697801986083461543e+02
1.498512000064124550e+02
1.272823402981102134e+02
7.050447257258939260e+01
1.117743981703150240e+02
3.083379180977604150e+01
9.377610730069491751e+01
1.167693571320813675e+02
1.356278743297304175e+02
1.455783607992634643e+02
1.566738669079751389e+02
1.438543134580650644e+02
1.255050017585459301e+02
1.044146990503002144e+02
7.123794454138158017e+01
1.128601865333954919e+02
3.097200492952763540e+01
8.450021493259508532e+01
1.058972924654460996e+02
1.191871832333956434e+02
1.384433032469339651e+02
1.340655481788706993e+02
1.215820039553781129e+02
1.037020452653099056e+02
7.176772303651763707e+01
1.139030025650311160e+02
7.995057883489690198e+01
9.259068273389044634e+01
1.181945968438957237e+02
1.219018153592862461e+02
1.161580463711789406e+02
1.024821286718930935e+02
7.238431232717522334e+01
1.152373283609006904e+02
3.130421895309666169e+01
6.340915199875249186e+01
9.337600425304087537e+01
1.046720004985020012e+02
1.069529933418302221e+02
9.934420561184001031e+01
7.255736439414680206e+01
1.165134498907533924e+02
3.151237662885931101e+01
6.836546352324108966e+01
8.328846892153184456e+01
9.321978178338093812e+01
9.326279571088601017e+01
7.188186041803191983e+01
1.175375126030050694e+02
3.173707397945643294e+01
6.863710081629304227e+01
7.939392825587644609e+01
8.530503365138281424e+01
7.072190991021557238e+01
1.187314928881297220e+02
3.204708537211652697e+01
5.721628955900862223e+01
7.006422111266275010e+01
6.630844388948608525e+01
1.181904410015947491e+02
3.233058082160782476e+01
5.157344951455728932e+01
5.814615107757860812e+01
1.145849628610330626e+02
3.256170254377856565e+01
4.896347737143830869e+01
1.060078345782223295e+02
3.273405719598621744e+01
3.259716334934907422e+01
8.824303690404025247e+01
2.940860264109585387e+01
