5.253031260330020302e+01
5.588540430590706620e+01
7.542073118920141894e+01
1.271636283094108535e+02
7.256009584730003326e+01
8.537042948646008256e+01
1.560030825965169470e+02
1.346256133249710558e+02
4.621544881372852842e+01
5.940324871063482703e+01
9.853482716451233614e+01
5.667555331314054712e+01
6.934940245679918291e+01
1.379275273541499303e+02
1.140696535622675611e+02
1.239614107095461009e+02
6.520304783547265970e+01
1.244840292620343689e+02
1.128131871938946915e+02
1.334029883023956131e+02
5.989592606225350835e+01
8.873313544341279169e+01
4.936296343598826297e+01
6.283552117545713855e+01
1.269738199297343328e+02
1.106722473433884346e+02
1.120124872750908906e+02
1.298944259129639818e+02
9.887153785899903369e+01
1.019381655617266489e+02
1.203176422117949755e+02
1.411713790545773861e+02
1.052008954494588977e+02
9.118035048035773116e+01
1.049822870295118662e+02
1.337521911502204830e+02
5.575692103184229609e+01
3.174688242136364735e+01
4.405920877266865432e+01
9.276577486847384080e+01
8.306639620259225865e+01
7.810040447709938860e+01
9.377534739478389270e+01
1.118808750660751485e+02
8.870356423601509732e+01
1.069667387136962446e+02
1.280551099490968738e+02
8.957374330005487195e+01
9.546812937543181476e+01
1.165541990045961853e+02
1.420273020992484021e+02
3.127775511106386119e+01
4.780236381236353793e+01
1.032610726302226141e+02
9.328607173389632123e+01
9.019730529910295047e+01
1.178165024001886820e+02
1.075170354558352699e+02
1.399191719522523556e+02
1.155808989791661645e+02
1.666066680406948137e+02
1.477548209918529096e+02
1.404499086561739887e+02
1.271169511156691811e+02
1.643356430352522750e+02
1.156625239402272314e+02
1.416492479050907889e+02
1.739675142099429763e+02
6.910398409997395675e+01
1.489747214546671330e+02
1.313285044235119301e+02
1.302009121486783840e+02
1.712183992639018868e+02
1.462147739485955924e+02
2.162825978692856381e+02
1.994753119380750661e+02
1.220297432257815302e+02
1.529925880400366793e+02
1.890247663049705125e+02
1.037074310210014971e+02
1.540674764536488226e+02
1.428676200159656560e+02
1.214038857002202576e+02
1.137450189984197095e+02
1.546240106103057883e+02
9.935689357871524408e+01
7.393596961553073754e+01
7.265026144958824261e+01
9.295575542146488601e+01
7.882084195873571275e+01
9.528030929702623553e+01
1.199797169090466724e+02
1.491251078599052562e+02
9.338628631545377345e+01
1.433559298967538780e+02
1.619554123125871001e+02
9.794065307484108018e+01
1.015107440713457407e+02
1.320347656206807869e+02
1.699067914413215021e+02
6.625269079988930798e+01
1.001748802395473632e+02
9.552294053620271086e+01
4.418014085667569901e+01
4.936940436791969233e+01
6.649994105871941485e+01
5.906852871178043074e+01
7.412315373755325254e+01
1.159391769003081123e+02
7.128168588189760158e+01
1.369991580312373571e+02
1.101529498417198170e+02
2.255724255055134222e+02
9.609026638561434197e+01
1.500196246499583594e+02
1.496055786704540935e+02
9.203083431049338969e+01
9.640601885635913959e+01
1.257847334578829646e+02
1.621492374044568976e+02
6.632214013073517833e+01
9.129478927538313826e+01
8.406275418123205156e+01
1.091092757255376853e+02
1.720175850260735899e+02
1.009755629499860561e+02
1.603981653879205567e+02
1.898236960116698810e+02
1.042639773446233278e+02
2.156679789699086882e+02
8.226375566794190775e+01
1.303444792826450964e+02
1.455087223115504571e+02
9.284476776129994846e+01
7.055818572651314469e+01
6.472208160778689034e+01
8.483835343515568184e+01
1.303703765943855615e+02
7.700072888738995402e+01
9.220077075308276449e+01
1.892511392180736038e+02
2.301611773894087491e+02
1.629779850512986172e+02
9.065599181896226355e+01
1.871253042622915075e+02
6.886379511578701340e+01
1.097142386537012442e+02
5.808140630172204055e+01
7.552575488006092996e+01
1.094944534873427102e+02
6.421720669662107639e+01
7.761542632238571571e+01
1.397640675672747932e+02
1.343441538866652252e+02
2.195039019776193356e+02
1.654415636788419874e+02
9.260192925776377137e+01
1.827628428863530416e+02
1.010232072759832676e+02
1.400047026336688418e+02
8.211869153494880891e+01
1.011573152886441846e+02
1.805127298572516850e+02
2.305381390246238027e+02
2.015147184725304896e+02
1.628280795558480349e+02
1.183522825004945531e+02
6.879927820904967462e+01
8.679670619961068212e+01
1.527263412051320017e+02
1.919291588997029976e+02
7.302470108459914400e+01
1.860756701141239091e+02
5.505431703543165867e+01
7.815798502367850631e+01
1.425271378740828538e+02
1.827331778312492929e+02
7.229306247678510999e+01
9.887613359909177291e+01
1.806417237386542070e+02
2.335206988192958590e+02
9.708609313928705831e+01
7.382263386164019892e+01
9.291295418682901186e+01
4.139767295736069030e+01
5.419723159771447030e+01
2.950303681554782642e+01
4.018218385877258214e+01
4.621363674771853169e+01
5.983725020749705692e+01
5.277542714172574989e+01
5.603776430722732727e+01
7.358449343458758563e+01
8.648103574975669972e+01
1.182099265555264935e+02
6.623587012141304342e+01
1.049058677308327105e+02
5.859054976363942302e+01
1.209948950444565128e+02
1.741199814755813975e+02
6.659363628837917304e+01
9.696054207889639542e+01
1.154657124955907648e+02
9.770531992789237563e+01
9.195672588424122296e+01
6.983633613746167157e+01
1.067641803382396546e+02
9.024191633782955080e+01
1.189912649796917634e+02
6.927626313773419042e+01
1.498530478518394773e+02
1.124927761890565563e+02
1.170677878106050969e+02
1.544314750472037474e+02
9.967445368499784308e+01
9.593984323904484768e+01
1.354204219756429666e+02
1.501026890403749974e+02
1.279829419940554232e+02
1.280311749167157416e+02
1.052913762224115004e+02
8.807922190483188274e+01
1.327457938092468908e+02
1.638202634658009345e+02
1.261102982130487504e+02
1.131327521530311486e+02
1.018589000684374213e+02
8.575159268345652208e+01
1.504572571526188369e+02
1.700287422092055181e+02
2.185392676325146510e+02
1.503494726769347096e+02
1.360963802061287140e+02
1.245611498339043379e+02
1.453009357153351289e+02
1.018271553662112865e+02
1.278331306828105483e+02
1.671094491561913173e+02
1.808845817786551322e+02
1.775087904961739014e+02
1.446356347383170942e+02
1.487139036792839022e+02
1.312167114574880884e+02
1.242274545869575064e+02
1.418602219547646826e+02
6.981503534953851897e+01
1.687407173829247142e+02
1.651602342325168991e+02
1.449099190033998070e+02
1.464709039504155896e+02
1.550090340348519362e+02
1.466020545291466703e+02
1.332460274682524641e+02
1.229243179576728124e+02
7.475992957070209854e+01
1.659732311793843849e+02
1.861029676474978487e+02
1.669868806024122136e+02
1.425639183579106657e+02
1.425739958599804424e+02
1.643768471993328149e+02
1.492769140034511395e+02
1.296643995989296343e+02
1.197407925288406005e+02
1.724969230673345919e+02
7.253571369398085267e+01
8.594839056108513375e+01
1.775267667403620351e+02
1.703977141020464217e+02
1.727822242077826616e+02
1.620738960429360702e+02
1.532886631311837107e+02
1.402232967729640620e+02
1.362296578915667169e+02
1.714184599585037461e+02
1.160263067508182218e+02
9.255238162131625757e+01
1.082269345337375483e+02
1.244873773970892614e+02
4.621363674771853169e+01
4.621270658702135847e+01
6.349153329085236663e+01
4.432151618642343038e+01
6.708203369476454725e+01
5.607930160650737150e+01
4.102803761545751371e+01
5.985025437616145894e+01
5.650727629628644877e+01
5.200016918760547924e+01
4.053920988041441120e+01
6.146465961291215763e+01
6.891043979731139757e+01
8.371146143787224503e+01
1.032938434370890661e+02
6.135016540646209648e+01
7.513295760702017390e+01
1.062067746948257536e+02
4.001599414371266050e+01
1.603994540383782805e+02
9.513398592435628132e+01
5.807689402651777044e+01
7.261458854423148068e+01
1.071874862243645907e+02
1.685776576234760284e+02
8.774585945924407326e+01
5.381828575801258552e+01
3.889076870229430227e+01
3.827149207683433474e+01
5.638391700726689493e+01
7.168718663675393543e+01
1.099660959490898620e+02
1.835077426536454084e+02
9.850853313528793365e+01
7.118065797917161319e+01
8.510180859521618402e+01
3.789786608689769309e+01
5.540455081341632848e+01
7.131045220370657489e+01
1.125130054815673617e+02
1.968254868899436190e+02
1.102034807845257518e+02
8.916988022383443990e+01
1.196672843353416766e+02
7.955159318449460670e+01
3.751544420589866746e+01
5.427519933590161116e+01
7.011485980163212162e+01
1.120479244523760087e+02
2.010864426937759220e+02
1.152295071009026231e+02
1.003233201810599127e+02
1.440468926781612709e+02
9.644579439809425025e+01
7.108592273871495593e+01
3.730090842876851553e+01
5.369350791663925548e+01
6.970613934128490996e+01
1.128187875863472840e+02
2.074589595119863645e+02
1.224961454961841127e+02
1.137409302578511330e+02
1.753923258774710519e+02
1.244924112779350338e+02
9.563544948075350760e+01
1.132048395716765015e+02
3.709765605501173269e+01
5.310389296894518907e+01
6.906993135259811822e+01
1.125481345531711099e+02
2.100647522109482281e+02
1.263777630991164642e+02
1.227770480516515192e+02
1.987637602174811491e+02
1.461610813805240525e+02
1.138051781965228315e+02
1.365375694072679096e+02
1.120276833080004621e+02
6.769919345813681844e+01
1.101319836282434323e+02
2.061196854085742700e+02
1.242852896520842023e+02
1.239139022258727465e+02
2.055054288935779141e+02
1.520767781836252652e+02
1.162408207269885736e+02
1.333515090706647470e+02
9.985975779059805291e+01
7.548714575935724724e+01
6.749532509831594496e+01
1.103470459817615392e+02
2.086285033742623511e+02
1.276130982774434983e+02
1.310444167931047730e+02
2.250660176442414979e+02
1.725062313864890484e+02
1.366574899918800838e+02
1.630661008014109541e+02
1.287555235721173403e+02
1.150041307319392132e+02
1.309110085084588775e+02
3.663762650285040934e+01
5.171648987730156932e+01
6.723639330574235373e+01
1.102641201666336457e+02
2.099168040557888730e+02
1.296787276667816116e+02
1.361597652829469212e+02
2.401145087875194122e+02
1.889727584838193195e+02
1.537084079734543707e+02
1.882630257115699521e+02
1.535868913178567823e+02
1.496390015759969003e+02
7.792784034032897011e+01
1.930970098908344710e+02
3.648158496129623529e+01
5.121787421124437145e+01
6.642490384709151385e+01
1.087063285805084831e+02
2.069063728301451874e+02
1.277951781089965806e+02
1.357970513687254197e+02
2.424979461058965455e+02
1.923275850933099207e+02
1.567802829096224571e+02
1.906071142333788373e+02
1.539446652477419093e+02
1.539143002429194098e+02
2.048991128879933683e+02
8.593208377496978301e+01
5.521063840973627634e+01
6.542706080679383263e+01
1.066051512913692818e+02
2.021837394470609865e+02
1.242648654325406596e+02
1.328705825833625624e+02
2.384955645485137552e+02
1.888859389620599245e+02
1.526071225786556340e+02
1.812795466309799224e+02
1.419996388343187732e+02
1.415533752129869356e+02
1.874429203053856270e+02
7.926632709994045456e+01
5.711597197867495623e+01
6.683325104541110306e+01
3.627015805000394977e+01
6.536667496690493806e+01
1.067273104336406107e+02
2.032421221327816170e+02
1.256629456385978756e+02
1.359955103826900711e+02
2.477987843657539884e+02
1.995773495925288614e+02
1.987156712733462030e+02
1.588859419488779849e+02
1.640197975740100560e+02
2.269564108965344360e+02
1.026292905462739071e+02
8.364738993815019796e+01
1.191685118613005727e+02
1.615809455306912810e+02
5.186338952542431713e+01
9.478636446101977242e+01
1.800987242984736838e+02
1.126587426916130852e+02
1.260395356220425072e+02
2.350919436364694661e+02
1.925427161274033949e+02
1.606841298569389096e+02
1.958312256010339638e+02
1.573361495684769409e+02
1.633606565915113435e+02
2.266984910738307235e+02
1.027588104593362885e+02
8.387414596663120392e+01
1.194046286687234613e+02
1.616610891365783687e+02
5.112028535765647774e+01
7.750621616803512381e+01
1.491983695165340578e+02
9.585580117757233154e+01
1.124769766307160523e+02
2.166940067050044547e+02
1.817340533572702839e+02
1.547176203800138978e+02
1.908449852559428450e+02
1.546330428859898802e+02
1.619521530510646414e+02
2.258334308477375032e+02
1.027535512815284449e+02
8.406237363217564962e+01
1.196265547522214376e+02
1.617350508899851036e+02
6.586636086832879755e+01
1.197704651089524788e+02
7.839075856787995633e+01
9.781907878293685599e+01
1.958415960428462199e+02
1.688988308958101356e+02
1.473684248506019685e+02
1.845363916376021507e+02
1.511644044214354494e+02
1.600880499137840616e+02
2.246434411859570730e+02
1.027141383827977847e+02
8.427863293583986604e+01
1.198878896764000785e+02
1.618220305325479274e+02
5.579261165379936216e+01
7.782932046146916605e+01
1.660242312406179224e+02
1.496645299806040725e+02
1.355821588394553601e+02
1.740579948204531888e+02
1.452909442801986017e+02
7.749417300978610967e+01
1.565413022043585727e+02
2.220193548142749478e+02
1.023222712522976110e+02
8.436381347850314683e+01
1.200789960128795286e+02
1.618829272479696044e+02
3.965856061842407598e+01
1.429873390942462095e+02
1.337753230381714786e+02
1.258749103738024075e+02
1.651927528882656588e+02
1.402232967729640620e+02
1.537583028829996010e+02
2.202505274434897160e+02
1.023132215499718143e+02
8.474882144790005611e+01
1.205263296368019184e+02
1.620345109599172702e+02
6.714314364462651952e+01
1.458551261460589785e+02
1.328919640722486974e+02
1.270541189467043353e+02
1.664062558660777142e+02
1.410782597219072727e+02
1.559170114519216384e+02
2.233644585240384970e+02
1.040066862311828402e+02
8.621184307798144175e+01
1.218118943859185919e+02
1.624814263191937584e+02
1.153372014936352628e+02
1.049128397319236825e+02
1.078352299453123493e+02
1.472600894667695854e+02
1.295162969922510285e+02
1.483478361815552944e+02
2.173897872577213661e+02
1.030683874215410043e+02
8.637833426860206032e+01
1.222163786010914777e+02
1.626130352618469885e+02
6.520009237142708969e+01
8.041525621117779110e+01
1.195472355734373338e+02
1.122301660307762745e+02
1.360004510884195952e+02
2.068362202222782287e+02
1.009487751820255284e+02
8.613104454670020971e+01
1.224306637071364179e+02
1.626802351063817582e+02
7.123407085027518804e+01
1.064928340528082202e+02
1.029436173435967277e+02
1.299330801406711373e+02
2.018697320530810657e+02
1.009512532656607817e+02
8.744292934261748940e+01
1.239117340111736780e+02
1.631800992301043038e+02
8.316945900945108860e+01
8.566188825366650406e+01
1.158850151442700422e+02
1.875756463135747083e+02
9.821702521419501863e+01
8.770761229338052090e+01
1.248556554113593933e+02
1.634891748959348661e+02
6.793677582757672440e+01
9.820646916196908194e+01
1.652369489554159259e+02
9.255238162131625757e+01
8.688576526367343433e+01
1.253213319999505160e+02
1.636242487142437483e+02
1.000035748592164566e+02
1.547073709582527101e+02
8.993972767075895547e+01
8.866947754653700997e+01
1.279462609450608852e+02
1.643897770286318405e+02
1.319949205479923364e+02
8.179728243490748696e+01
8.829664950942769508e+01
1.298519283436929470e+02
1.648846384345769707e+02
6.559279147273451827e+01
8.491570421128830048e+01
1.315463101012351217e+02
1.654294781236453957e+02
9.289200078013516304e+01
1.438471322826462711e+02
1.693537770904001718e+02
1.088207485030649906e+02
1.597203320557723600e+02
1.244873773970892614e+02
