7.955033534619566638e+01
7.434527935351572125e+01
7.121338293641527173e+01
9.120370999593497174e+01
1.022104290279945928e+02
4.652024320667271695e+01
6.868761797275436720e+01
5.875472847606786786e+01
6.000813936399856630e+01
5.633398774903368889e+01
7.173250055420622573e+01
7.949626076471943747e+01
3.659657596752003883e+01
4.946704714461215957e+01
5.544000796019425081e+01
5.507805638311208440e+01
3.520146977024469237e+01
5.349175551342801072e+01
4.648906145360123077e+01
5.658702592546289623e+01
5.313461740769157160e+01
6.770903596971560034e+01
7.368268983372834668e+01
3.440487485775615539e+01
4.747526657612153400e+01
6.083772229248324237e+01
4.030118098866807230e+01
6.235838183769824639e+01
5.842675643770019178e+01
3.889927006352595384e+01
6.012102001518210415e+01
4.900839092289594845e+01
4.454576872489715811e+01
5.112786622781857915e+01
4.997099603232902609e+01
4.577851630527714377e+01
6.475821024317927765e+01
6.570582279169862261e+01
3.054682592409512054e+01
4.287305446883075177e+01
5.503882604996339722e+01
4.006560248665919488e+01
4.278617048168811010e+01
5.096544732124345245e+01
3.870183440682069431e+01
4.128417435084875819e+01
4.953252778798375999e+01
5.080971671559641578e+01
3.438912205794131438e+01
5.210365990412873316e+01
4.247158234360197326e+01
2.662565553308524358e+01
3.780943051412486255e+01
4.839463789833340002e+01
3.572932305498335381e+01
2.815953156030684568e+01
5.265441036959650489e+01
3.777754491637907819e+01
5.825272310551809340e+01
5.499468576901418260e+01
4.435985077852475200e+01
3.151389326654383538e+01
5.838530937018617806e+01
4.176813569700058082e+01
4.046579346247094122e+01
4.088539878064714372e+01
4.896584899271186231e+01
4.511713937821623688e+01
5.728365005684774758e+01
4.317010135722790665e+01
3.340613411825501800e+01
5.905244910874510822e+01
5.579736716651346740e+01
4.459165167172840682e+01
6.475508165996318155e+01
4.184675383736168897e+01
4.956451465427498704e+01
5.910902601897523567e+01
5.549393142660772327e+01
4.389867200479405085e+01
3.525680700417554192e+01
6.336953333262194121e+01
4.496568588485330764e+01
4.790282692762115602e+01
3.631363959498531813e+01
6.267199237301694126e+01
6.802213857132196040e+01
4.388397680702325232e+01
5.188118207841121432e+01
3.340915702438692136e+01
4.089663289980781258e+01
3.439594782604497425e+01
3.542177153742297691e+01
4.867959731636805287e+01
3.190614633694173818e+01
3.839377543458715536e+01
4.078442788509083528e+01
3.891098557294522919e+01
3.090643353843209340e+01
2.371437222129625511e+01
1.723240881427697602e+01
2.828769688316056730e+01
2.996718042030370199e+01
1.971827122574774549e+01
1.955285145723241769e+01
2.234849079424161289e+01
3.672804596928182264e+01
3.694927167570322979e+01
2.726282567053206662e+01
3.344767211043650690e+01
2.671178035634759951e+01
2.699766689285669230e+01
3.342553141606325795e+01
2.099419580179203848e+01
2.721576646653105769e+01
2.049150218542823154e+01
3.335899358140733284e+01
3.540003310814207538e+01
2.325405615483234456e+01
2.080956305963852415e+01
2.493245322514578532e+01
3.272082265949415358e+01
