6.923278472470727252e+01
4.658788172095831470e+01
8.525983021489203395e+01
1.008083995536735955e+02
5.479882396569603031e+01
9.680970260562787644e+01
9.747895834744635124e+01
4.559735224124561626e+01
3.135542419841154782e+01
5.497380787067516650e+01
6.067368683329656420e+01
3.289380750623134020e+01
5.316599355435887730e+01
6.343710350734981773e+01
6.270448409168876225e+01
3.526716345691076526e+01
6.322803899806004324e+01
6.464447360881101190e+01
9.336648981030940320e+01
3.890249456668755812e+01
6.652892676024679020e+01
6.756082410809656835e+01
3.662185953299989194e+01
6.012677974696033800e+01
7.593252108542341716e+01
7.156499687815974653e+01
7.523419391357185759e+01
7.046582869540171146e+01
7.839671961146261481e+01
9.382358961157055433e+01
6.144149229337084250e+01
7.391314909589223703e+01
7.374743983657995727e+01
1.037673158376852314e+02
8.239921002557893814e+01
7.166787749210061520e+01
3.768541208804843023e+01
6.219211815523733833e+01
6.923538302334516459e+01
1.094387640586975721e+02
5.341137635999470490e+01
5.637770256340718333e+01
8.782596144090327073e+01
5.541006306007197679e+01
5.322221718487357123e+01
6.095722556545582904e+01
7.596898607990057428e+01
3.719895790276699188e+01
3.309748878092509727e+01
4.230280844924340045e+01
3.774091494803185753e+01
4.404253009271123886e+01
3.911919635335466694e+01
6.381047667232422071e+01
5.255467990974781856e+01
8.820656825568117654e+01
8.729610546636105539e+01
6.893915652466434096e+01
6.117820594622139652e+01
9.970753018514939470e+01
5.685846225688619882e+01
5.976780050285310608e+01
9.114785344905898512e+01
5.839131720933091430e+01
7.533027171164528113e+01
6.777242216472187408e+01
7.986112049233678079e+01
6.106450402839559644e+01
1.029631647790042450e+02
1.048239536781641021e+02
8.905775406740370670e+01
1.332325093134271867e+02
8.443947459200704486e+01
6.373913457474007771e+01
1.054590237942857414e+02
1.061784890740446059e+02
9.329462857276259058e+01
8.369569881772066822e+01
1.387260747722094152e+02
7.513402216143934709e+01
9.555073482362234927e+01
8.563121041425164037e+01
1.009651867643447645e+02
7.814467916732557740e+01
1.124591848982511522e+02
1.703507184326452375e+02
1.113349264911906289e+02
1.257317802415336985e+02
6.457815536037485060e+01
1.073460029876591477e+02
9.970632595549993482e+01
7.846090470603334666e+01
1.204739699488909395e+02
8.004164960027935649e+01
5.198625186366289341e+01
8.883200162017851653e+01
9.482749613138260258e+01
4.693080603993012545e+01
4.049587901224090558e+01
4.718213822515924250e+01
5.330212388456440209e+01
7.505477744537748208e+01
7.057155099654701758e+01
6.560091618254203638e+01
6.246876300894864187e+01
8.183970605689471256e+01
1.195513959052055668e+02
6.285555052411908150e+01
1.011316778063878417e+02
9.683386827533374230e+01
6.105555915067812833e+01
9.236830559481330738e+01
4.357334148720460121e+01
5.342957143214353266e+01
4.440442525477887870e+01
6.548154183432592390e+01
9.320248282320598321e+01
1.111343856576510518e+02
5.974171598829999397e+01
6.700982994339200616e+01
6.540977453398949137e+01
8.677771452534997820e+01
1.139301338932345828e+02
6.110536701685198580e+01
1.013929210948209771e+02
9.835118527726490356e+01
5.979140905729097000e+01
5.154784028843661048e+01
7.576851896098597194e+01
1.060695880861537006e+02
1.264198068413889331e+02
6.735924749893435148e+01
9.028481058688359440e+01
1.050386997061106058e+02
6.598407117288446955e+01
6.060115450200964204e+01
8.145616272184578577e+01
1.133856797898064883e+02
6.308012586548870360e+01
4.520742584281717313e+01
6.595555778349012144e+01
8.960709867940174433e+01
1.059436478618265483e+02
5.731917560446273541e+01
6.203226675676765467e+01
1.043319224747535685e+02
1.045009191817533605e+02
6.724076926439546753e+01
6.031892866969946709e+01
8.186664248574282965e+01
7.239688695485091330e+01
9.509549537293200672e+01
1.118433307185232479e+02
6.203142243060992911e+01
6.849463794997024024e+01
1.108984738511448001e+02
9.146487552932606491e+01
5.441283420063011533e+01
6.011680488133274025e+01
7.019653278417663955e+01
4.064994874332897012e+01
4.637015686548276960e+01
7.570059552258652502e+01
8.277299305447381528e+01
8.995729448790083893e+01
7.470473221578473044e+01
4.810873622448246323e+01
5.872796073358116331e+01
9.809643084208286723e+01
1.076849120076963402e+02
5.308413859520592126e+01
7.165505555862434051e+01
1.228498583443265630e+02
1.349526380306122633e+02
7.177875593630103879e+01
1.233517573069043891e+02
1.324607977699276091e+02
5.988153784030470916e+01
5.952162324382172898e+01
4.690211541437177800e+01
4.388244147845865939e+01
4.302442859058277236e+01
5.124130803721611471e+01
4.469513632764166999e+01
7.585279235911558260e+01
4.407108441769127438e+01
6.711016452345327821e+01
3.595013650087642532e+01
4.355263111581669477e+01
6.482569140921320638e+01
3.403090468429218873e+01
4.881610301419701869e+01
7.162025249635019009e+01
4.309417212608330061e+01
7.399203736901492334e+01
8.552603302519466411e+01
7.296544992518224149e+01
4.643229609603709207e+01
8.516229567616923646e+01
1.037019632584539579e+02
7.248704484795428016e+01
4.725762106687511732e+01
8.910244371919165474e+01
1.100556463974720742e+02
4.952785265211431209e+01
5.128786451423446380e+01
7.267799970585018343e+01
4.848366177322569115e+01
9.443137412877544534e+01
1.211050939586092170e+02
5.698251388553824626e+01
6.553159124624626486e+01
6.634954733998596055e+01
7.237654409000955980e+01
4.887273237201166154e+01
9.685546423618738743e+01
1.269735837185341154e+02
6.180445915696062542e+01
7.592603021921404149e+01
7.861690685287375402e+01
5.797722464064708703e+01
7.275029602215731472e+01
4.984466428391625925e+01
1.010114977791392619e+02
1.367188006116325880e+02
6.985564638261240589e+01
9.239991183238694816e+01
1.025560236863799730e+02
8.223303371725781119e+01
8.225262648438575752e+01
7.248379295187656624e+01
4.994950963427599078e+01
1.021213820880600025e+02
1.401787445078619783e+02
7.363106765075997373e+01
1.018909074236931360e+02
1.171926017753298765e+02
9.694487889103108103e+01
1.010824777368494694e+02
7.169202978541819959e+01
4.935481866756928326e+01
1.007152236872931752e+02
1.381770100585534635e+02
7.339409567605933660e+01
1.040807967110720682e+02
1.213594631869688243e+02
1.010914914916536702e+02
1.065810799908392568e+02
6.752225545646656713e+01
7.433643739580759302e+01
7.082755636545037703e+01
4.859784554546634183e+01
9.859169368178787352e+01
1.343529955434325416e+02
7.154709372431818792e+01
1.027600800675645303e+02
1.199815856386547779e+02
9.918623964831083129e+01
1.035286694674977923e+02
6.503300579539312309e+01
7.361912081994606183e+01
7.284598434542502332e+01
7.084853900508595359e+01
4.879292614781028448e+01
9.952256979063440667e+01
1.367704852119753127e+02
7.405077300645943694e+01
1.090967742610174582e+02
1.204152315410738225e+02
7.946422846519698169e+01
9.760244575247577359e+01
1.113050880179285116e+02
9.526399858998287584e+01
7.085790609147274210e+01
4.893889952359759121e+01
1.002287827853161559e+02
1.386318138175015804e+02
7.605145694041888760e+01
1.143543488553037832e+02
1.361343051360048833e+02
9.332952600679979582e+01
1.209951869737617045e+02
1.488961394396646369e+02
1.409605749804897528e+02
7.058958407481225095e+01
4.874454370111361357e+01
9.975931418994682076e+01
1.379348173421377624e+02
7.606643133165324855e+01
1.156514872789136632e+02
1.430469916683799170e+02
1.259295399114860317e+02
1.420276610372696950e+02
9.887215680076408830e+01
1.308137901250591142e+02
1.647753835049670101e+02
1.577539167663505850e+02
6.587644953688541705e+01
4.288399220988257809e+01
7.030039140871750192e+01
4.850788321902328448e+01
9.911871596958960140e+01
1.368240020128219214e+02
7.568775087613752817e+01
1.159973951356406587e+02
1.457956587870611145e+02
1.028146416875897131e+02
1.383186991006545554e+02
1.778222866717290174e+02
1.733643982992175268e+02
7.198886972501648529e+01
5.620055279524757452e+01
6.994716520166291218e+01
6.978033338401975527e+01
4.777722207459655124e+01
9.490517633471067427e+01
1.280067874575495352e+02
7.158104251536339291e+01
1.115969210946200008e+02
1.402591762668826050e+02
1.252090453661610923e+02
1.434977623571940057e+02
1.018389586931091486e+02
1.376344203511114301e+02
1.775496616231647238e+02
1.735081509445509198e+02
7.209954201454128508e+01
5.628643177807733622e+01
5.377893445638986236e+01
3.975848244828885214e+01
7.977898554941792497e+01
1.077977596496007635e+02
6.232615635056628633e+01
1.005339126784502497e+02
1.294395391443857761e+02
1.178334512072829767e+02
1.373677363785540138e+02
9.891668515003860307e+01
1.351526515174393523e+02
1.757608026845885547e+02
1.727281131179811098e+02
7.199398631828100292e+01
5.628801522378066835e+01
3.919322567497479781e+01
7.332978779635661226e+01
9.268075956404281612e+01
5.473643116821970978e+01
9.114289351811164863e+01
1.197750813877939180e+02
1.109111066029700510e+02
1.314078704572297625e+02
1.740612730165463233e+02
1.720909206785659080e+02
7.194618091698976059e+01
5.632480698336379277e+01
7.004999651422328100e+01
8.249682585695536829e+01
4.839577612890543890e+01
8.276781399630986868e+01
1.104935816365106120e+02
1.038191357466651112e+02
1.249975939435476846e+02
9.286034368956133278e+01
7.932189963985260306e+01
1.721268301338994036e+02
1.714037406266598964e+02
7.191390794327921299e+01
5.638191261181871994e+01
5.264877421872186858e+01
3.450003443064014874e+01
6.453756313152135249e+01
9.127534976818485291e+01
8.968539779845656312e+01
1.122372417287403152e+02
8.624032514874117794e+01
1.238749270152212318e+02
7.149339173001166614e+01
5.629488992532141367e+01
3.399044803376143875e+01
8.551812798366472634e+01
8.371333054718949995e+01
1.057191773754096005e+02
8.264940072728725795e+01
1.204412716871358953e+02
1.648432295860804402e+02
1.682210555348909509e+02
7.152593063263273621e+01
5.642333703891434737e+01
7.017955839247998995e+01
7.048409922066932154e+01
9.028031328382566301e+01
8.439105494728296719e+01
1.044801008782280149e+02
8.181286189047408186e+01
1.194448713680445167e+02
1.644067123526143348e+02
1.690059072312459421e+02
7.202829026434829984e+01
5.678430529865407550e+01
7.038024310247715221e+01
6.190467462511676189e+01
6.379165109016403790e+01
8.481364634088058096e+01
7.082621894859511258e+01
1.084388419799499701e+02
1.551082194470118054e+02
1.642782808807152151e+02
7.126741468723385253e+01
5.667709198143835181e+01
7.039652951174289797e+01
5.060537463538982195e+01
7.031185555649135210e+01
6.211208965992084075e+01
9.874475187855306046e+01
1.462758747474803158e+02
1.599948869795266262e+02
7.076047739294374139e+01
5.675511555093557803e+01
7.051306017490109923e+01
5.733487611146806273e+01
9.158759485994785621e+01
1.382379583697549492e+02
1.561616365334240015e+02
7.057180133783293741e+01
5.708395755562700202e+01
6.349306704322162176e+01
4.952350739763099341e+01
8.035724941248975028e+01
1.243224979807834671e+02
1.477933219030463476e+02
6.949128982533007104e+01
5.723853790430180766e+01
7.529474389656350297e+01
1.121301800149027628e+02
1.387932227350517280e+02
6.855986313512742925e+01
5.777395108645409039e+01
7.144680846760751081e+01
7.963479879609576528e+01
1.123709357165601119e+02
6.296814922307002149e+01
5.689737349431637625e+01
7.152334118477496361e+01
8.955770803573818739e+01
5.800573450181970969e+01
5.714207394711374377e+01
7.233462439446360293e+01
5.519394453618507157e+01
6.077854547450503730e+01
7.524812192442746550e+01
6.627330654645186314e+01
8.131276013780609446e+01
7.414416175131241005e+01
4.388244147845865939e+01
5.796973186329181971e+01
6.522527714268140642e+01
3.690554858313969078e+01
5.100430894255768521e+01
6.230591039230455408e+01
5.592594751998883140e+01
6.740972480049059357e+01
8.541373638263313239e+01
4.015634624542067854e+01
8.126879195082288732e+01
8.846313032363873674e+01
6.725986940798992464e+01
5.964019265583083040e+01
8.058776972794696292e+01
1.091078865613812496e+02
5.021784451506501057e+01
6.250690776312785601e+01
7.663021535073897894e+01
5.444276447193372803e+01
6.916990552923321900e+01
5.279750532869886825e+01
9.686928286349100858e+01
9.951855112937363401e+01
7.714205745992059349e+01
8.177958324010778313e+01
8.493983480007909748e+01
7.124884662558913817e+01
9.891928219527288491e+01
8.036815887498879363e+01
8.454295159420250627e+01
9.635774430033778515e+01
8.088179800316885348e+01
5.487104905611290206e+01
8.819621983816745114e+01
1.013045181296469650e+02
9.129195384596810925e+01
8.500942712255384492e+01
6.946109205788658869e+01
7.296326945553884968e+01
1.037907369673997238e+02
9.632788879310764685e+01
1.010952774285780720e+02
9.416308084731817019e+01
9.803534266351805115e+01
7.986863901822265177e+01
9.505042599383126856e+01
6.471132593157975066e+01
7.247219501552842758e+01
1.004511225141588255e+02
1.086609548359025013e+02
1.220237844052045091e+02
8.966881970075039021e+01
9.700521172274000037e+01
8.294316315348056889e+01
6.792709534712734865e+01
9.347120697180619686e+01
8.789600946753874666e+01
1.066460695904910523e+02
1.191087105559250290e+02
1.096694013113380350e+02
9.716762651026706976e+01
9.443721442992790571e+01
1.006283405744188286e+02
9.948849674585268588e+01
1.239373292270718423e+02
5.711525110575094288e+01
1.122241943523511480e+02
1.285809477665059148e+02
1.314543223962342040e+02
1.116773422789348160e+02
1.064146112027638509e+02
1.246230814382647480e+02
1.168706462785012405e+02
9.970166694404311158e+01
1.261016966993776407e+02
1.376904100103184305e+02
8.843459137081900678e+01
5.980043796759991892e+01
1.195867969999994358e+02
1.206399391237827956e+02
1.276007243949624979e+02
1.170223842014323594e+02
1.078297850169526555e+02
8.624032514874117794e+01
1.240517645983754278e+02
1.317727369299596489e+02
1.121753722965336664e+02
1.477933219030463476e+02
5.757425555596526578e+01
7.414416175131241005e+01
