7.845361720416643436e+01
7.299729536300040422e+01
7.061048057129130484e+01
9.390365952801722926e+01
1.014174157358114314e+02
4.596802719856464847e+01
7.000057788578638451e+01
5.906782710990893293e+01
5.921003727473973299e+01
5.588965737173622017e+01
7.382514850269292594e+01
7.830726141821949682e+01
3.609144625495994063e+01
5.024449769062561444e+01
5.609052015141927683e+01
5.512481351130799112e+01
3.471485879443648770e+01
5.457667328529883122e+01
4.628345187281851025e+01
5.629780262040604555e+01
5.278292739774622078e+01
6.948325625873577849e+01
7.189585368212910055e+01
3.392883972256621661e+01
4.849059453207410542e+01
6.216443705788862673e+01
3.994161424594726384e+01
6.219786016661031169e+01
5.990724542688722920e+01
3.858844952501355863e+01
6.008751517638344808e+01
4.839455043391076572e+01
4.591960351485410285e+01
5.182580160723152574e+01
4.994744598588867035e+01
4.553499512566891383e+01
6.599940057094600832e+01
6.322056739034514550e+01
3.027262800177582847e+01
4.445159715820611979e+01
5.666990113175771171e+01
3.949554429262906297e+01
4.280794557084215768e+01
5.105972802838165592e+01
3.790736620952700520e+01
4.114407117041115214e+01
4.953592607346148924e+01
5.216193418651073443e+01
3.378894253880295651e+01
5.206651506970246857e+01
4.229047011954476432e+01
5.275565807402481511e+01
2.576540355212386757e+01
3.923223209153987057e+01
4.958767941943112589e+01
3.470523473405381054e+01
2.782665465866705645e+01
5.248069447674939170e+01
3.788766982719572951e+01
5.740053899725400299e+01
5.444410034716546676e+01
4.396389394097779046e+01
3.057637289317458595e+01
5.738475180553490418e+01
4.148336389015825176e+01
3.816913326305812149e+01
3.961421376937315131e+01
4.826417973007192330e+01
2.873994302061288764e+01
4.603605636396817857e+01
5.717185686090898855e+01
4.014686346644182180e+01
3.171185862395819299e+01
5.682801776234445157e+01
5.431300882421728460e+01
4.389540618848818099e+01
6.504672541245491857e+01
4.214248714558588205e+01
4.925954033982295499e+01
5.956448824302361089e+01
5.585610009116383168e+01
4.412401349553937990e+01
3.592265272868493753e+01
6.396129270920034315e+01
4.536608579263555896e+01
6.852857187497264135e+01
7.749562491311566248e+01
5.195182196980202605e+01
3.832724244000791458e+01
6.509151745893048258e+01
7.015710251363131533e+01
4.518411854783189341e+01
5.253609130304589314e+01
3.363052971096733756e+01
4.062843248146789676e+01
3.453241970846793407e+01
3.554982475838043854e+01
4.892390498636538609e+01
3.211102307559885816e+01
3.815680978822690861e+01
4.181052893689523131e+01
3.957115710273382803e+01
3.119202785541760647e+01
3.868431055510368566e+01
2.536351413328874926e+01
1.776858947975511072e+01
2.851774169995954367e+01
2.991503299305380636e+01
1.960843716431465822e+01
1.937258267499231579e+01
2.197775075481547802e+01
3.648705206209610452e+01
3.635927510108984961e+01
2.736431404845257020e+01
3.317169802881851837e+01
2.681015696798911563e+01
2.704952683352984621e+01
3.321174191804788478e+01
2.080716441668303673e+01
2.348060254070917807e+01
2.880322826970593653e+01
2.098456070688650144e+01
3.338373786565178847e+01
3.509375608205003516e+01
2.297721476515011574e+01
2.061009248753330425e+01
2.436638456768931960e+01
3.311893743153868286e+01
