1.000671935136773669e+02
1.182717688777988485e+02
1.506674177206989214e+02
1.591149311034620553e+02
2.008734319734242604e+02
2.216842706680702122e+02
2.412921438243082548e+02
2.848176380456406491e+02
1.012547024669635221e+02
1.276792210496978015e+02
1.381052278095976078e+02
1.758227848740638422e+02
1.955450331635812802e+02
2.004783491221724603e+02
2.305583818246487624e+02
2.875565426150659505e+02
1.711526638738285726e+02
1.924539241997537999e+02
2.353851012005255825e+02
2.566923738015252070e+02
2.664579078630626441e+02
9.658721981849248550e+01
1.077085465124027337e+02
1.396388552324421255e+02
1.572068311144300026e+02
1.642020982496557338e+02
1.984035678443390225e+02
2.091605960062653367e+02
2.386386006189277680e+02
1.906658279653628938e+02
2.031504539509730307e+02
2.348311002995723129e+02
2.526865728019583912e+02
2.421760311250210975e+02
1.457854566194285155e+02
1.731418449408794800e+02
2.256367708255810953e+02
2.294715096390438873e+02
2.347202448884077342e+02
8.352963345718993082e+01
1.105605955923321915e+02
1.265914560427388693e+02
1.352581747359673727e+02
1.655707323723759998e+02
1.537767307562094743e+02
2.126484652624751277e+02
2.078327051080023296e+02
1.619721532866445841e+02
2.250528593693223627e+02
2.209647991082929082e+02
2.450362410790928607e+02
2.631028840151466852e+02
1.686504373913914208e+02
1.800827394148988958e+02
2.152253943123999989e+02
2.371491700200252239e+02
2.329993297459249675e+02
1.138137399293219829e+02
1.280996030471197571e+02
1.389694505255388322e+02
1.704105497665868256e+02
1.585537752263553841e+02
2.200917416250282486e+02
2.237372824634320807e+02
2.295379280866604006e+02
2.158300345523079500e+02
2.068461162269052238e+02
2.366266874090999579e+02
2.363969256288648069e+02
1.947112039169576576e+02
2.001388433262555395e+02
2.074787560927234438e+02
2.272138875632218742e+02
2.423167008039848724e+02
1.352278652616803356e+02
1.934468849161036133e+02
1.971871481956190166e+02
2.260253396965897252e+02
2.494654527782115849e+02
9.299400988710704041e+01
1.047435784898341922e+02
1.301299659884139146e+02
1.218914329968801837e+02
1.719742923964167574e+02
1.793853107285383714e+02
1.743527001682761579e+02
2.027763953310636396e+02
1.953326925572463040e+02
2.000774912502255916e+02
2.259232905091184875e+02
2.290004685173289545e+02
1.895185531854016858e+02
1.856184118592137793e+02
2.172563357702309759e+02
2.233548799206660931e+02
1.711324276274979752e+02
1.798518191673140620e+02
1.909984116268927039e+02
2.153162134934545691e+02
2.355439063786806457e+02
1.022533035579673424e+02
1.191945527345845619e+02
1.706507977392472526e+02
1.806117310147090222e+02
1.808508080608638124e+02
1.871269765711073774e+02
2.158184696450023523e+02
2.118049184983914586e+02
2.248661811577564151e+02
2.269720868121309820e+02
2.607073897543514249e+02
1.748653503950404797e+02
2.083002468412209396e+02
2.186927064278839907e+02
2.139091103943302983e+02
1.713508131535720622e+02
1.780956689241849062e+02
2.065537233420143366e+02
2.157638246809955547e+02
1.115673608193277175e+02
1.030239999561676427e+02
1.497231294466940881e+02
1.605973537553101380e+02
1.629634274511064405e+02
1.594853328309916094e+02
1.917266652925728181e+02
2.053384689430678236e+02
2.011613807169800054e+02
2.035638592786847312e+02
2.143083079567180391e+02
2.412221385552134905e+02
1.824002696131686889e+02
1.974564899803850437e+02
2.041944443893503660e+02
2.405822269367780279e+02
1.960062423396992699e+02
1.408512491644325451e+02
1.492848472981202406e+02
1.789790038145879123e+02
1.935299843370493704e+02
7.689601010205801401e+01
1.133274785692528752e+02
1.241528096392617613e+02
1.282089742834060644e+02
1.269503056223813786e+02
1.498753992328381912e+02
1.639556756300466418e+02
1.724054923617261466e+02
1.919756643004855334e+02
1.951387003759900267e+02
2.007605619863413438e+02
1.777047433287610545e+02
1.824237474382081814e+02
1.967312849851285250e+02
2.266743483190852828e+02
1.553653819304097965e+02
1.711649417773975017e+02
1.813119799223627524e+02
2.196073750677572036e+02
1.243841093543949938e+02
1.521791947129890730e+02
1.686921417998564152e+02
1.762189206075325103e+02
1.045995752274278630e+02
1.168620488051329147e+02
1.230965684734903363e+02
1.229167104379187521e+02
1.457423672111492579e+02
1.585806347415583275e+02
1.642584469551957795e+02
1.809205831399115425e+02
1.958228152240219515e+02
1.925152288629273869e+02
2.438980147075508285e+02
1.671921747665167572e+02
1.868465188284534122e+02
1.803156360876715496e+02
1.425340338041811492e+02
1.485770590096830404e+02
1.649465658606156353e+02
1.955033657986478488e+02
1.256804981616798500e+02
1.405117333725026469e+02
1.523231374171827781e+02
1.896899048599910884e+02
9.274783670817669190e+01
9.756145217681448401e+01
9.714919871575580146e+01
1.142128704639142427e+02
1.246110681757187280e+02
1.309467739124406478e+02
1.351653390327069815e+02
1.454624808748964426e+02
1.828038324802955401e+02
1.825387403400292783e+02
2.324337948368594482e+02
1.754446252189796382e+02
1.748428261609385288e+02
2.245886337458459252e+02
1.478907568118458471e+02
1.684011808802211192e+02
1.657470799161694401e+02
1.421281749416358764e+02
1.478240891511399582e+02
1.607731994413682628e+02
1.287382859429814914e+02
1.350216311356697929e+02
1.533409766314897524e+02
1.859746411707066329e+02
1.010165367217775554e+02
1.013608123025086769e+02
1.190719127266024628e+02
1.310975447142318728e+02
1.392050856132734680e+02
1.370815581334015008e+02
1.588614939874862557e+02
1.595511004926255794e+02
1.679933857706477340e+02
1.654084703953717224e+02
1.508193003308237792e+02
1.528188686139482684e+02
1.996056506099995147e+02
1.225856492385978811e+02
1.430732624051770756e+02
1.445660943785826191e+02
1.226717133077326309e+02
1.290771736693781406e+02
1.456264058954440372e+02
8.720114745006355861e+01
9.799916346480129903e+01
1.068427261504762953e+02
1.132205051329348748e+02
1.112686355643846809e+02
1.301687176343417889e+02
1.334121319677942665e+02
1.765159167004113669e+02
1.554213364893164737e+02
2.305964934979861880e+02
1.428608114758129659e+02
1.430343768366315373e+02
1.340456100671031834e+02
1.378816567114849079e+02
1.842152876692399275e+02
1.231305201838415115e+02
1.275616781555224151e+02
1.705890744214226800e+02
9.642387287163934673e+01
1.154083563903915035e+02
1.200307401749541185e+02
8.109121580175583688e+01
8.597322409932290554e+01
9.039852365226504105e+01
8.793757467673692929e+01
1.041301760830634464e+02
1.070893246728070380e+02
1.106017499437822664e+02
1.501455155791938694e+02
1.286681837471926713e+02
2.192458328155431673e+02
1.280198214031815667e+02
1.924921929634280104e+02
1.157593075329844226e+02
1.179446990083758777e+02
1.024989149846801979e+02
1.070332520142921595e+02
1.470802466064469058e+02
9.132911946214244381e+01
9.564626267808162652e+01
1.293444033954490351e+02
7.010975957023053695e+01
7.259176865527467726e+01
6.997055875865272867e+01
8.401103676865712089e+01
8.699793938545549565e+01
8.913542755483146607e+01
9.115919032618990059e+01
1.404260208694001051e+02
2.773963087092598698e+02
1.091952540151226998e+02
1.893778190195350248e+02
1.078229871878481418e+02
1.640591970330660558e+02
9.182374005440225062e+01
9.476883568033292704e+01
8.467677212730620795e+01
8.905928954484333815e+01
1.249514388869829133e+02
6.636246488048688263e+01
6.418824360934155493e+01
7.950362655489712438e+01
8.334981934089037736e+01
8.634597696667904643e+01
9.079257506158846525e+01
1.383015499153374037e+02
9.328008958493779801e+01
2.307056804233729110e+02
8.980894970621463358e+01
1.588129634028278190e+02
8.415875343785089058e+01
1.293250587693489138e+02
7.712574535650246332e+01
8.142198411035344918e+01
4.976673332087320745e+01
6.439592534218674302e+01
6.847608138920318765e+01
7.185519009588020367e+01
7.638811492966283367e+01
7.564063831169721652e+01
1.358054782748998264e+02
7.843814020558544087e+01
1.882304706968193386e+02
7.346740751879212894e+01
1.328601633449508199e+02
6.961915217296787262e+01
1.080938925044854102e+02
6.022131264916550464e+01
6.243631794358194753e+01
6.574909763512479799e+01
6.600725470839989839e+01
1.587172310895061003e+02
6.975752680928295035e+01
6.442969215796644278e+01
1.527479869854767855e+02
6.076488803251735504e+01
1.110415122254886739e+02
5.664530356405867195e+01
5.720977929028601494e+01
5.776746501146174495e+01
5.452975882946313391e+01
5.260505422917270124e+01
4.651186663705558999e+01
4.684232428131290504e+01
4.892491509238266190e+01
1.156645830281012479e+02
4.741766430625801121e+01
6.288160283662131178e+01
4.229315848261670396e+01
4.015669137468199779e+01
4.185582750843658317e+01
9.410336105101819726e+01
3.936357432353388930e+01
5.265642082760661680e+01
4.270355797412277354e+01
8.358508305547182715e+01
3.521182320450910908e+01
4.676741052203423976e+01
3.124795030782047434e+01
4.139115329061128534e+01
2.188464731660629425e+01
2.949510672689218538e+01
1.224338320146435279e+02
1.137354286622056634e+02
1.081641065674917286e+02
1.225288938399688163e+02
1.582254727449165443e+02
1.044711686583583230e+02
1.567407649508658096e+02
1.220795078547795072e+02
1.555095352403997424e+02
1.175606750204307360e+02
1.957637649652081677e+02
1.897143108538633385e+02
1.563744799193183042e+02
1.048673893843397451e+02
1.993490254699800346e+02
2.164116299042781293e+02
1.544243886827992753e+02
1.204802904167652287e+02
1.933035447921512571e+02
2.088890881477526591e+02
1.471271279238808916e+02
9.692223684098593139e+01
2.212045782260844931e+02
2.439036149596855694e+02
1.846954944935816627e+02
1.820369882218163582e+02
1.409600394645248116e+02
1.153115955474114855e+02
2.253974070953483135e+02
2.300121726174350840e+02
1.740542485194089579e+02
1.966006179542362986e+02
1.391525085467293366e+02
1.037460613443891333e+02
2.139858918762879227e+02
2.257143152528664416e+02
1.783042593796807012e+02
1.644689893212993752e+02
1.447394297806087309e+02
9.884716877965347237e+01
2.483858308274810156e+02
2.620304592198641558e+02
2.506876499010647592e+02
2.098589484229004540e+02
2.133518402468044428e+02
1.724565371310065700e+02
1.990871093647194527e+02
1.312983367773949226e+02
8.649856568632111475e+01
2.478152471714235503e+02
2.462463531983511302e+02
2.710474382601418597e+02
2.101991635728579411e+02
2.149443802334426437e+02
1.725326693897472410e+02
1.817047693138471800e+02
1.132443804727495404e+02
8.384914083154964715e+01
2.400896581817701474e+02
2.528011723921234477e+02
2.273418259895532572e+02
1.959800485791510312e+02
2.225901666465743460e+02
1.513539998454590432e+02
1.574449310277459517e+02
1.091058517625387765e+02
7.241804724648469005e+01
2.738455103074143722e+02
2.800521187797923517e+02
2.780825467912175668e+02
2.335199205047271391e+02
2.445903246756341218e+02
2.740880677657373212e+02
1.940232991479589657e+02
2.024343316062502254e+02
1.430559065121857429e+02
1.399579653030393729e+02
1.093322643095502258e+02
7.137828592460617472e+01
2.650555722851309497e+02
2.821259499289117230e+02
2.823925834148148510e+02
2.206219003053829795e+02
2.454500276287984377e+02
2.515367353759736773e+02
1.812318582662817334e+02
1.792573433579165396e+02
1.337777072977922614e+02
1.455676337850680397e+02
1.012265901975006557e+02
6.185199808224648166e+01
2.933479221252330262e+02
3.042735541388588558e+02
3.142475509937898437e+02
2.803811109276062439e+02
2.561148562219271412e+02
2.685817710715344333e+02
2.968371675728284913e+02
1.681042649079352316e+02
1.714380161356963868e+02
1.344359712154662532e+02
1.409958237386832423e+02
9.115114922417988907e+01
6.107386446728975926e+01
2.843231237701764371e+02
3.026143741345541684e+02
3.112242060151064607e+02
3.452774566975018047e+02
2.451177039800292050e+02
2.613286808274448845e+02
2.664310327557906817e+02
2.061973762456216548e+02
2.067813071937088978e+02
1.968018144760765722e+02
1.623681276789049832e+02
1.747417878117006467e+02
1.272215963444374012e+02
1.337744635144002530e+02
8.443158667883231772e+01
5.651844006418055244e+01
2.827718975125593488e+02
2.889258311755439195e+02
3.144736183404266967e+02
3.194712479276872159e+02
2.461008410129312836e+02
2.468327395194060330e+02
2.385049296867370572e+02
1.968893078334367885e+02
2.020229108327906147e+02
2.133652690237337310e+02
1.585635616384849413e+02
1.667488331894551550e+02
1.198719119880824877e+02
1.212075537620472829e+02
8.239982431985140465e+01
5.446706179265059689e+01
3.090900453628505602e+02
3.213390680017689078e+02
3.323058687824677691e+02
3.636214099520428249e+02
2.748171281461922604e+02
2.901148395791279881e+02
2.848651817765830287e+02
2.852915181782873901e+02
1.900116167326827963e+02
2.031475753219767739e+02
2.074187282443727440e+02
1.570393309312306656e+02
1.609728324605430601e+02
1.136150218938897751e+02
1.230595187983131922e+02
8.164751110280722912e+01
5.713678920412033335e+01
2.956738724798414069e+02
3.017972770166008445e+02
3.162706613438148224e+02
3.196823628690417536e+02
2.594375390761580888e+02
2.605220382012645928e+02
2.563101940367702127e+02
2.418136942452728704e+02
2.109005272233254686e+02
2.175892668848015603e+02
2.287877502997905879e+02
1.774804481277095931e+02
1.831428912256776584e+02
1.880213736055790434e+02
1.382023763952747402e+02
1.432654389945813591e+02
9.949912879554979384e+01
1.032483303028284212e+02
6.632494983059417848e+01
3.847068053132048249e+01
3.043898135554608757e+02
3.006185209912713390e+02
2.880514989144853075e+02
2.512258469697916325e+02
2.533216541638296349e+02
2.651919504441082722e+02
2.071657492537263181e+02
2.177453400268350094e+02
2.239103039693986545e+02
1.701524138109165563e+02
1.760972568315647209e+02
1.732371006702929890e+02
1.311476279258394015e+02
1.397891828491170827e+02
9.468895985080729361e+01
9.832664776195197476e+01
6.028619590804483153e+01
8.150495808632712169e+01
2.867403171940983384e+02
2.885218505061889687e+02
2.863186201675566167e+02
2.826665332133069342e+02
2.031917639750127478e+02
2.100967108547006319e+02
2.106693353448180233e+02
1.646808636180089138e+02
1.700095158633483550e+02
1.787748090367990415e+02
1.259588865188920579e+02
1.295854348622108603e+02
8.707994513011875881e+01
9.491814802452798006e+01
8.942866173313912270e+01
3.077984153280560164e+01
1.224338320146435279e+02
1.330560647959508458e+02
1.205904166808467721e+02
1.338230478344268874e+02
1.445640564214715198e+02
1.106792721596369233e+02
1.335636253458766021e+02
1.568278528664436919e+02
1.468766058252302855e+02
1.357066939588742969e+02
1.322415858775466972e+02
1.594719042374191531e+02
1.650102936413739485e+02
1.695173387669721876e+02
1.132541650338131660e+02
1.310889370888748999e+02
1.596608633375809063e+02
1.746044915528435695e+02
1.953503702847000056e+02
1.469859983569723454e+02
1.249259369221975646e+02
1.302901178005624274e+02
1.594334375733909326e+02
1.802261064972678923e+02
2.141148055778481023e+02
1.770821527719886319e+02
1.646109541282974646e+02
1.271419865254089387e+02
1.294471112031972666e+02
1.581740584880987228e+02
1.815295809788742929e+02
2.228528710086622482e+02
1.958316460012343896e+02
1.938911529700403094e+02
1.553796545756217427e+02
1.002519822687751372e+02
1.289645586913920852e+02
1.576391168417860627e+02
1.831633851007131852e+02
2.311507315687433959e+02
2.143080785885951798e+02
2.275788923516172133e+02
1.984369897349152438e+02
1.434046539982589934e+02
1.283157067933005067e+02
1.562356230568544220e+02
1.820183173548013826e+02
2.321209390771259962e+02
2.213624974083783741e+02
2.441736793942559416e+02
2.223273354816981566e+02
1.691240108214960571e+02
1.475123220345072070e+02
1.030282329900891938e+02
1.278304097837792881e+02
1.551734135495982514e+02
1.810555720761657312e+02
2.324956307628183936e+02
2.262436847400508100e+02
2.568851956872231881e+02
2.424165908232026538e+02
1.925504017845460396e+02
1.745038009974611555e+02
1.226015890665657082e+02
1.134925510755703044e+02
1.274900274399508646e+02
1.544552401611892094e+02
1.804787864561697290e+02
2.330466425319220320e+02
2.303628087630550851e+02
2.677469936174205714e+02
2.605749239250029632e+02
2.152455392672400762e+02
2.024956436215582016e+02
1.451400663634658770e+02
1.373996051841515396e+02
1.001097392317609263e+02
1.272554501302558521e+02
1.539931733716483677e+02
1.802183732058929309e+02
2.338470224087784004e+02
2.341202163182234131e+02
2.774718998238909080e+02
2.774222020917529221e+02
2.375468294751461826e+02
1.721684930294415494e+02
1.703685739600872182e+02
1.250059334321373825e+02
8.999768437011444178e+01
1.270192686639519479e+02
1.534658888460510866e+02
1.796517981310454957e+02
2.336744719152953564e+02
2.359031607418253884e+02
2.833210552075458963e+02
2.887636029102844191e+02
2.539839686070887410e+02
1.949256408517020134e+02
2.000200279757910380e+02
1.500403070896954034e+02
1.073003323745257944e+02
7.717413463049769007e+01
1.791187348791045792e+02
2.333391031417055501e+02
2.370067377633124863e+02
2.874890149279153775e+02
2.973785582855217626e+02
2.671989662114945077e+02
2.280865423221306116e+02
1.755300696976349002e+02
1.272797261963791158e+02
9.093441629107070412e+01
7.446008997407535901e+01
1.266570612334045762e+02
1.526405155732519461e+02
1.786790110473061759e+02
2.330351704678553801e+02
2.378277350726071120e+02
2.907517844641756710e+02
3.043444391514813674e+02
2.782766086136994090e+02
2.550527568520708144e+02
2.016460358334761338e+02
1.493982379753212513e+02
1.082504993732789416e+02
9.026172882438899592e+01
6.164494876993946804e+01
1.265353188105950579e+02
1.523748882888373828e+02
1.783977511015919788e+02
2.329482763990590399e+02
2.387244332807802323e+02
2.938214360849493687e+02
3.107261682117201644e+02
2.884493193702626286e+02
3.098243118343702918e+02
2.521924985439920022e+02
2.826607550796906594e+02
2.301241641681505143e+02
1.757661395420783776e+02
1.315142513669299831e+02
1.150455133183382372e+02
8.496031093766326592e+01
1.264208380003626075e+02
1.521125089229674074e+02
1.780722201925578076e+02
2.326679607525751692e+02
2.391412809792648773e+02
2.957850342724987058e+02
3.152076348964804993e+02
2.960378501680451677e+02
2.668761185758504553e+02
3.056750319873585227e+02
2.546400668769831555e+02
1.990443424055511628e+02
1.522856567638119145e+02
1.368825960641558765e+02
1.046224226300534070e+02
1.263317341500581961e+02
1.519144443683312318e+02
1.778436927908914527e+02
2.325200614148220666e+02
2.396023229505298389e+02
2.976059432249804217e+02
3.192243463195361528e+02
3.027938991405936235e+02
3.273509457420266813e+02
2.784558374240565968e+02
2.224826588900110380e+02
1.740449478295206234e+02
1.606622763438491006e+02
1.270355853167309164e+02
5.433974621158071727e+01
1.262612121056899639e+02
1.517624995047786456e+02
1.776822659447977060e+02
2.324581795898815528e+02
2.400742870881167050e+02
2.992759077057421564e+02
3.228153587288592803e+02
3.088011881522067483e+02
2.927266520655136333e+02
3.475871871389230137e+02
3.013140370679556668e+02
2.457147327144302267e+02
1.963886337963462836e+02
1.859582677597687166e+02
1.518735971674125835e+02
6.977966666297091081e+01
4.935029038623582665e+01
1.262023501781199286e+02
1.516373018176958283e+02
1.775531568283176682e+02
2.324203121834652848e+02
2.404905169267702547e+02
3.007140558749010779e+02
3.258993224421261630e+02
3.139859058326169929e+02
3.534141634089702961e+02
3.036963673525081049e+02
3.659383804056785152e+02
3.225667277221497216e+02
2.679336614003181012e+02
2.184164058568838698e+02
2.116779275466420813e+02
1.780267205812561429e+02
9.197511295951683508e+01
6.750658032887989179e+01
5.412766334469270646e+01
1.261628793606121519e+02
1.515641033204258576e+02
1.775130536254064566e+02
2.325331207652039893e+02
2.410518382741074674e+02
3.022875766529391512e+02
3.290286085210316287e+02
3.190427617073142414e+02
3.837499868072529807e+02
3.434927557945901526e+02
2.902656124763325352e+02
2.411096422165610420e+02
2.388336025376582938e+02
2.063262506327308756e+02
1.191940680710171989e+02
9.239331310207172976e+01
7.670288640553053483e+01
1.260323414864839009e+02
1.512044725415774451e+02
1.768608060340885970e+02
2.313319790425739200e+02
2.396410913922223358e+02
3.003828667349673083e+02
3.270116632557493404e+02
3.176023498853985529e+02
3.143097129739883826e+02
3.857038242223140401e+02
3.470733815395528268e+02
2.947191910881412014e+02
2.456104069367692944e+02
2.440767446788250084e+02
2.118673787264885107e+02
1.208257601694227361e+02
9.130317148346917122e+01
7.000336059498347652e+01
5.226023475672168672e+01
3.003766022567585736e+01
1.260161584930026351e+02
1.511909416812433165e+02
1.769153021096296072e+02
2.315876853420181760e+02
2.402973667491764331e+02
3.019416197975284604e+02
3.298732956090493644e+02
3.220074377232671168e+02
4.009103910735522618e+02
3.651851856920146702e+02
3.144442485190165257e+02
2.661167290043516687e+02
2.691370260733806390e+02
2.384958517376684313e+02
1.472607423102186317e+02
1.155260902435956041e+02
9.219719908483529025e+01
7.274255482075854218e+01
4.617850433285880740e+01
1.259912771039984705e+02
1.511464621846303089e+02
1.768951926862121695e+02
2.316688455127450652e+02
2.406621671464552890e+02
3.029432747762919576e+02
3.318535340325259426e+02
3.252234296240259255e+02
4.129923525214961728e+02
3.799154701969176244e+02
3.308274312806449302e+02
2.834718016105056222e+02
2.907557796230249210e+02
2.619543908180955896e+02
1.717729907327716035e+02
1.383841121480397192e+02
1.135156768043314912e+02
9.281746818588850090e+01
6.247609514435143296e+01
1.102273306048327726e+02
2.298427756088261731e+02
1.171793231589541051e+02
1.479204649315347240e+02
2.000482606004415800e+02
2.146165106281431463e+02
2.757252759267971669e+02
3.070518497910792917e+02
3.059544521249952709e+02
3.566434419189100140e+02
3.738583689134302972e+02
3.282591940496204757e+02
2.830066958507579216e+02
2.916902242778657524e+02
2.639245245349752054e+02
2.321062509528185842e+02
1.398567200912163173e+02
1.145280869253794975e+02
9.347430187588742001e+01
6.282170203250831264e+01
1.106017986540069415e+02
3.348169326200228824e+01
1.168916500182178737e+02
1.643237520676831878e+02
1.848171363203356918e+02
2.439480446200741142e+02
2.775262695865923774e+02
2.824697092770803692e+02
3.345975526821156905e+02
3.022434829491821233e+02
3.235538123217496036e+02
2.811327802997334402e+02
2.915800957664696966e+02
2.652944997117789399e+02
2.340803440487551939e+02
1.972458157104227894e+02
1.155939081903677561e+02
9.417329289673902792e+01
6.319283179895410285e+01
1.110053015499888858e+02
1.193656890453819273e+02
1.468045503916633265e+02
2.034234329817268474e+02
2.394402527674123462e+02
2.514074310053977399e+02
3.046587220625147552e+02
2.801705611898007646e+02
3.661720384369182852e+02
2.762834772021793697e+02
2.890495215865840350e+02
2.650156793760226037e+02
2.350178544628394377e+02
1.985359374681628424e+02
1.772917169651485381e+02
9.484896530647594659e+01
6.356028968122678435e+01
1.114095527126993943e+02
3.356763974146920759e+01
1.047920638990754583e+02
1.576783166749736438e+02
1.957224109875282068e+02
2.148410890902031838e+02
2.684683008818973349e+02
2.527972184325968215e+02
3.382474696906695613e+02
3.298132746959572614e+02
2.840309306893909707e+02
2.630247957672831944e+02
2.348824831451612738e+02
1.992206410370098411e+02
1.786013772130451400e+02
1.440011680183369265e+02
6.393281137194658470e+01
1.118243237897100499e+02
1.285362611509117983e+02
1.624685980621773638e+02
1.855499938699777545e+02
2.377977460978449926e+02
2.285466551707403369e+02
3.131086111860260530e+02
3.116159148741917875e+02
2.899453580139792734e+02
2.621071556389567832e+02
2.357641583541009993e+02
2.007441530184858323e+02
1.807027615228764716e+02
1.458385598801860681e+02
1.189088456236944751e+02
1.164111407704229038e+02
1.458921866669168992e+02
1.963988882808780829e+02
1.954427679393176334e+02
2.772709432162945973e+02
2.840691813671142540e+02
2.707914270516217812e+02
2.491554577421058809e+02
1.169598802687597470e+02
1.623433428867277541e+02
1.662562134111023227e+02
2.444760007200069083e+02
2.582061344879387548e+02
2.525223544189089750e+02
2.370879979993185316e+02
2.623652821667308785e+02
2.012697899628003313e+02
1.836976293897797632e+02
1.491172485082861385e+02
1.215693135436324752e+02
9.834658487340618649e+01
6.551781571716286123e+01
1.286689175743213696e+02
1.353442051251218459e+02
2.084146787659745996e+02
2.285087280108900814e+02
2.305573134193163298e+02
2.218032498523173217e+02
2.505578083475523954e+02
2.466748665221412864e+02
1.852428719115152091e+02
1.510465847200948417e+02
1.232068398032686503e+02
9.954639937934354066e+01
6.620682779473058588e+01
1.143486480257497391e+02
9.665942252941543700e+01
1.620859577793074209e+02
1.890632025170395139e+02
1.998326920155293180e+02
1.990775077685858605e+02
2.314642350641880171e+02
2.341294101227192073e+02
2.234404998116927743e+02
1.520613107908850168e+02
1.244150674399884053e+02
1.005665395150875838e+02
6.684495402829823263e+01
1.150850573721924661e+02
3.396184995314709454e+01
1.241016621198635335e+02
1.540024539774782966e+02
1.710684381599658366e+02
1.765858873843564538e+02
2.115108999144190420e+02
2.204618123858824106e+02
2.155606143725095762e+02
1.942959375712112262e+02
1.259715316641985368e+02
1.018741550993024703e+02
6.765920650571479200e+01
1.160182991057597945e+02
3.406285608025193312e+01
1.134948242920473547e+02
1.355167474822466431e+02
1.471086435274379767e+02
1.833546071805300244e+02
1.989453928815778454e+02
2.011380731345205390e+02
1.860089590203538705e+02
1.813504662633199302e+02
1.027844082259005063e+02
6.834681502390576213e+01
1.168613134548780579e+02
3.415642608967426241e+01
1.127545151068589462e+02
1.251045389066268712e+02
1.598079230230257224e+02
1.798158077603395952e+02
1.878685794314189081e+02
1.782841345322176494e+02
1.787748090367990415e+02
1.534304211413113990e+02
6.942240522757471410e+01
1.181274683717550715e+02
3.429464321421046691e+01
1.001415920101620429e+02
1.302731948987880912e+02
1.535219920559630964e+02
1.675175974137183630e+02
1.647698444136952105e+02
1.718313413822447728e+02
1.514665778909361222e+02
1.285299732575012683e+02
1.193730167467288652e+02
3.443434011934784422e+01
9.793614750994326812e+01
1.215202457983871511e+02
1.403265932096793449e+02
1.447342754169669661e+02
1.592372675330160519e+02
1.459196402616757950e+02
1.270161029382178697e+02
1.057988594732118912e+02
1.205163972675026685e+02
3.456923564755543765e+01
8.784287821857617473e+01
1.086110021380347348e+02
1.191283316383093052e+02
1.407683801217113455e+02
1.361006249434431368e+02
1.230703292847446306e+02
1.050419199810313842e+02
7.168457897441440707e+01
8.105676104312588848e+01
9.379884558647542292e+01
1.206091055646641479e+02
1.241941539157410972e+02
1.178245498589836302e+02
1.038927031622013004e+02
7.232911819102858431e+01
1.228996155012551696e+02
6.520556648166119373e+01
1.068778425831130647e+02
1.086340384244260235e+02
1.007492991035445442e+02
7.251329560971451826e+01
1.241675939741031840e+02
7.199679102299380418e+01
8.648911464932749027e+01
9.544995602091137243e+01
9.491814802452798006e+01
7.198199907525095398e+01
1.252485532737999705e+02
3.527529343348650315e+01
6.748833874928672572e+01
7.909248606244285895e+01
8.550221071633754377e+01
7.020550637964502982e+01
1.258046714442691894e+02
3.549390716881229935e+01
5.871842931188305670e+01
7.065197884765517244e+01
6.595391947045396819e+01
1.250242426648000986e+02
3.570665689722986258e+01
5.216208007626657661e+01
5.793227709616176213e+01
1.209039699853878886e+02
3.581737440949016360e+01
4.922782180469229019e+01
1.115845782720909369e+02
3.578292136538279067e+01
3.521792143200445224e+01
9.246293281826110899e+01
3.077984153280560164e+01
