5.819891891056595057e+01
8.557575958523180759e+01
1.108990204973035816e+02
7.568395257654836428e+01
7.953474546755903418e+01
1.349649871566321622e+02
1.347826677845610845e+02
4.997571841719162933e+01
7.245803700681166504e+01
8.742519248341365312e+01
5.999093347623262673e+01
6.444388624626736828e+01
1.197944751739693459e+02
9.811238290645020754e+01
1.177127169197640058e+02
6.233457022041024231e+01
1.067686069710790662e+02
1.081703906380250402e+02
1.229770496406980556e+02
7.712498853487328176e+01
8.150332760358659812e+01
5.555522030155180602e+01
6.113008252766860551e+01
1.135348492460031764e+02
9.046347009718198251e+01
1.066434687668853059e+02
1.214662852413988929e+02
7.875155035059063380e+01
9.436271476936900626e+01
1.092766270901128962e+02
1.299825963231008643e+02
9.213895489346964496e+01
7.716591279531849068e+01
9.626563212876996545e+01
1.167426158586261522e+02
5.143496656260685285e+01
3.646822069312222681e+01
4.242692480122761367e+01
7.991713085851993981e+01
6.445328328189137324e+01
7.069935821652254049e+01
8.373929000527108713e+01
9.364196476956843185e+01
8.276925617709765959e+01
9.858614580410682038e+01
1.108941992096389413e+02
7.127146795816597091e+01
8.680269812186521960e+01
1.024080916785409983e+02
1.250640412701190343e+02
3.920065702486980541e+01
4.894111342289295408e+01
9.274769427327504445e+01
7.516126788810792902e+01
8.421623780911075130e+01
1.061940273102831611e+02
9.858128883691121302e+01
1.206724548213276194e+02
1.117552941848983465e+02
1.444914332468335658e+02
1.315963702690432626e+02
1.297369114397297665e+02
1.177147677962927190e+02
1.416874438852401568e+02
1.135926949904398953e+02
1.337171037029440299e+02
1.508203575820241440e+02
9.090850724827841134e+01
1.558377391684651059e+02
1.178180467932948687e+02
1.303640505944802896e+02
1.618450351285104034e+02
1.424614888479555361e+02
1.874955886672425720e+02
1.755490273794472387e+02
1.096947776130179619e+02
1.320887479558526536e+02
1.713581294688775074e+02
1.010124370193496617e+02
1.346659681837085998e+02
1.278794497024741048e+02
1.149403627286265959e+02
1.077976734976762998e+02
1.367686738197321574e+02
9.134027603813694896e+01
6.398939207448331956e+01
7.128471095131531854e+01
8.815407071621930868e+01
7.783310516828868231e+01
8.750032193371653477e+01
1.067471642193487327e+02
1.404937121263275230e+02
8.392888022056553154e+01
1.277833366744504247e+02
1.360282199046237110e+02
8.916006817306278265e+01
9.070066414527018139e+01
1.135454859461630548e+02
1.534152056297602087e+02
6.377047249190199096e+01
8.717859391497385957e+01
8.585155803430204458e+01
3.979007479185116125e+01
4.813675728857262470e+01
6.143692871879699169e+01
5.573380970342185492e+01
6.457809154455077305e+01
9.587914448634869302e+01
6.380446865880200846e+01
1.212995193453256348e+02
1.036792138729104664e+02
2.018951404336413873e+02
8.678450201273859932e+01
1.339535122526672239e+02
1.286732767741636962e+02
8.525515809835816583e+01
8.754250145625600510e+01
1.093902219950140591e+02
1.473509641403198316e+02
7.664814740488289146e+01
9.499177518764925310e+01
8.548542474383756939e+01
1.006395905934988093e+02
1.495295071930521260e+02
9.251429733974656244e+01
1.450351247389371565e+02
1.623624423622620725e+02
9.794797842082432737e+01
1.932879004129066516e+02
7.451396860629816388e+01
1.163787335707477268e+02
1.263731951410264003e+02
8.581583829370796934e+01
8.059404891086012412e+01
6.793784511073091892e+01
7.873713582828260371e+01
1.131494866078405579e+02
6.986672492290502134e+01
8.608372046600749172e+01
1.692638304403918426e+02
2.219454432069652512e+02
1.457101657308055849e+02
8.872508112811026137e+01
1.763533422920008604e+02
6.611597424547611013e+01
1.042065372075373517e+02
6.216306799823904328e+01
7.322724177042400129e+01
1.027673901568925885e+02
6.397412270497731157e+01
7.999955941274114934e+01
1.345907977088486973e+02
1.441740384579406964e+02
2.128610122437061989e+02
1.467104278206567471e+02
8.771759955311348733e+01
1.716575972820159848e+02
8.754994344027686282e+01
1.171095542362797204e+02
7.275395905369315130e+01
9.212359123262937999e+01
1.554935470638315564e+02
2.207555742480032279e+02
2.005560122129918454e+02
1.438675512971420574e+02
1.057353087189733429e+02
6.427753788297279414e+01
8.178884490548723818e+01
1.372276290700893639e+02
1.913412203822386175e+02
7.566122533337730260e+01
1.761765629942764235e+02
4.895225832157580470e+01
6.795866000399702500e+01
1.186823484045863637e+02
1.675169755736992272e+02
6.813194728768671382e+01
7.964394708473301421e+01
1.433035779263264544e+02
2.021619019439686440e+02
8.493443079480560698e+01
7.501964512932597984e+01
9.908948389932527334e+01
4.281600121484223820e+01
7.862204551118392715e+01
3.748314308805002781e+01
6.692159075640446986e+01
7.348835104237292626e+01
5.407601682140412436e+01
6.618266300179777772e+01
7.711633594388712254e+01
9.055661044395850467e+01
1.192185741107983858e+02
6.601302317270533138e+01
9.908573830008718630e+01
6.357733263766632348e+01
1.219244093746427353e+02
1.649895691845639760e+02
6.602380307558327388e+01
9.694708406693681013e+01
1.096403145730555764e+02
9.865994170068573510e+01
8.777820079806829767e+01
6.884341189893662261e+01
1.027896546011935328e+02
8.414151782161241044e+01
1.127075521958803677e+02
7.369792070064710288e+01
1.416035982479696997e+02
1.094327380078951535e+02
1.064455722184177233e+02
1.408485469878545473e+02
9.282324598625596934e+01
9.204299860885964790e+01
1.268102967960442271e+02
1.386355684041352561e+02
1.181533256029393186e+02
1.113055473531081248e+02
9.879927547537532462e+01
8.490386205116179497e+01
1.257403488460921324e+02
1.489873155943112408e+02
1.184607124391999804e+02
1.150382618735782216e+02
9.899034283363303643e+01
7.628745149763899747e+01
1.465660068616892318e+02
1.577541402727690638e+02
2.044669047611114934e+02
1.417389428890078023e+02
1.293873796936586018e+02
1.223773964500410898e+02
1.385847695416457555e+02
9.645110144252156203e+01
1.086570328057377139e+02
1.598068287320978413e+02
1.720293801898293680e+02
1.584316220865627542e+02
1.387556332793489560e+02
1.471159457261618684e+02
1.242165432912678256e+02
1.232913482743965972e+02
1.243943197777304164e+02
6.755132024799317492e+01
1.650139419222381605e+02
1.615546755568338426e+02
1.533265002221940847e+02
1.449239589041013687e+02
1.552409275359626122e+02
1.354818636951270889e+02
1.243015394402168710e+02
1.115363333948108391e+02
7.621429930725729207e+01
1.642630038132192283e+02
1.819292241597518967e+02
1.636049020723589820e+02
1.396105872937980337e+02
1.470997339730853639e+02
1.647549332801761466e+02
1.410673560654289247e+02
1.280629108298989536e+02
1.090645665364497603e+02
1.498439087040329412e+02
7.147037113390243235e+01
8.438608819802033167e+01
1.740944705893009257e+02
1.710821660680199727e+02
1.794392691681245537e+02
1.561844918342833068e+02
1.527062820573625004e+02
1.469887389213550932e+02
1.272443798627076177e+02
1.537315315522921821e+02
1.084457052436312665e+02
8.753645971424253958e+01
1.002778257029980153e+02
1.291498144240794943e+02
6.692159075640446986e+01
7.541039159921254509e+01
7.943280084030968169e+01
7.583275505156478857e+01
8.173666680517895600e+01
5.582972737455283152e+01
8.181459739500432704e+01
6.169523612116472577e+01
5.739505431060594276e+01
7.433214139087598937e+01
8.523790776495368959e+01
1.159618870483100181e+02
8.791349244793771334e+01
8.232123771611178142e+01
1.079769761085396169e+02
7.580392594650838589e+01
1.578069527656229525e+02
8.838207098991289001e+01
8.266329238120854939e+01
1.130608206715397159e+02
1.592123441386820559e+02
8.320546040405038468e+01
4.950396740961090103e+01
8.427885864209213196e+01
1.206364233621205244e+02
1.758039697073567993e+02
9.818139124991796507e+01
6.700194906076198720e+01
9.086381432120627721e+01
8.507646900575400650e+01
1.253286218067186013e+02
1.871563036387578336e+02
1.103459907011941681e+02
8.256054331785220768e+01
1.170289780299941214e+02
8.495505740139414286e+01
1.270054456292550356e+02
1.913683050515210766e+02
1.168130793692597393e+02
9.295351189592133778e+01
1.359652592889925700e+02
8.517191193140871519e+01
1.290282878927315267e+02
1.970482917794446109e+02
1.245932415611346755e+02
1.050587242651739217e+02
1.623446999274501081e+02
1.126854553356775881e+02
9.507882562956508821e+01
9.931364519526624690e+01
8.518143881081668667e+01
1.301439198024698101e+02
2.003228647063046139e+02
1.298835765958303625e+02
1.142916457830762482e+02
1.841018380452339898e+02
1.312360721642921533e+02
1.148224076557933984e+02
1.218466436983799071e+02
1.027013569688887458e+02
8.456278167437723425e+01
1.293945479858692806e+02
1.984981472608769195e+02
1.301045133236920890e+02
1.173542267654536033e+02
1.928164671532641705e+02
1.380120023522669896e+02
1.216339611723187630e+02
1.261996410006407672e+02
9.686426941430914894e+01
1.304288867197303432e+02
2.014571897375840592e+02
1.343507593003732268e+02
1.246836535621714148e+02
2.115861473116506772e+02
1.565557046417759182e+02
1.442629902940280147e+02
1.571987148516091679e+02
1.271815031825563267e+02
1.028326103798011388e+02
1.074181572646957648e+02
8.473765329304427496e+01
1.309342757842557035e+02
2.029524537476263504e+02
1.369796032505586538e+02
1.298138131669020936e+02
2.255674376558411609e+02
1.836859344951172375e+02
1.540468023057934204e+02
1.356143108610378363e+02
1.613332420945758088e+02
8.431906125110678829e+01
1.302559965442751491e+02
2.012152988461104997e+02
1.363479858808555036e+02
1.306942222594420002e+02
2.295258482704220455e+02
1.753156016775062653e+02
1.690455658779280554e+02
1.922222196313034601e+02
1.610931076733839973e+02
1.458028067971186204e+02
1.784270573642621116e+02
8.773086359194495287e+01
8.360166560768419686e+01
1.287492685837313218e+02
1.972290017084515057e+02
1.333946554862160099e+02
1.284135302734919435e+02
2.257263592479145018e+02
1.855569105650209281e+02
1.515807382491642556e+02
1.364889264593304574e+02
1.639509697519730480e+02
7.688660050946234037e+01
6.312504040812898864e+01
8.367140806011640564e+01
1.291577250894727911e+02
1.983303627006262673e+02
1.350319107046564113e+02
1.314625504054286580e+02
2.342054735227800677e+02
2.037445333850026827e+02
1.701679665377300807e+02
1.586630823810414768e+02
1.985065867621157736e+02
9.790677843409302739e+01
8.776331265348923694e+01
1.111675916739159504e+02
1.565918215854389359e+02
1.125345117733541827e+02
1.717329156102039747e+02
1.204981434452206202e+02
1.212503510087329204e+02
2.206843787419527985e+02
1.730171202618322468e+02
1.683977431151320729e+02
1.581081023778678514e+02
1.985301415073365092e+02
9.809677963190637229e+01
8.801325362778041494e+01
1.114065433275105903e+02
1.566862290247720466e+02
1.397930600193581370e+02
1.023373628185165387e+02
1.076599968040157336e+02
2.015810430711661922e+02
1.616089848888889833e+02
1.646621492136029303e+02
1.942154040330476903e+02
1.565707441605009080e+02
1.977945854264036427e+02
9.807791120193756740e+01
8.817114595048590786e+01
1.115973970052128124e+02
1.567611262896950848e+02
8.476369404983098832e+01
9.392083303373584613e+01
1.811177199962958184e+02
1.487586787139515536e+02
1.554561256368985767e+02
1.867848326795668470e+02
1.608314386421880613e+02
1.545604286577728885e+02
1.967661289704743126e+02
9.801563167864738091e+01
8.834352035544790738e+01
1.118168035082421170e+02
7.477437621703100490e+01
1.518434632158474074e+02
1.298667923952776562e+02
1.410344900690959378e+02
1.744573473986453109e+02
1.535504864955946687e+02
7.180611318565534873e+01
1.505199233227083369e+02
1.941028808725363604e+02
9.748538295890594441e+01
8.829707437009108162e+01
1.119158220134985697e+02
1.568861367382020546e+02
1.301525832678526911e+02
1.144489911616307438e+02
1.288816953047974891e+02
1.636970406839465966e+02
1.469887389213550932e+02
1.471292693440006474e+02
1.921891523060517670e+02
9.729687012408963653e+01
8.852438079721662234e+01
1.122340488392766105e+02
1.570116616243067540e+02
1.156656726258930377e+02
1.292858401497909995e+02
1.633243648486818529e+02
1.463432065576392915e+02
1.481702107731645128e+02
1.943854244086763856e+02
9.859147688927328090e+01
8.971603989536120594e+01
1.132381323581074639e+02
1.574004508036319976e+02
1.089069605517234152e+02
9.114133123220513255e+01
1.087961638555906632e+02
1.437299016726869354e+02
1.336200388629456768e+02
1.405968732621102788e+02
1.892237334533965623e+02
9.763959723554546599e+01
1.135559947291111200e+02
5.756623354597101638e+01
8.034675014797764447e+01
1.154901357924040752e+02
1.145079884786406268e+02
1.279499416420902378e+02
1.795126231010478932e+02
9.536028383967068578e+01
8.922445148810975013e+01
1.136078864160007242e+02
1.575635640665532549e+02
1.049386910513034934e+02
1.217876797604319563e+02
1.752356510535936991e+02
9.513121612445229403e+01
9.017988908788763069e+01
1.147826895713753856e+02
1.580228972824566256e+02
8.951683533810874849e+01
8.820874974771615484e+01
1.083764255062660027e+02
1.628234435201922850e+02
9.224697643549664861e+01
8.995267550247884003e+01
1.154073004263426725e+02
1.582822031887197625e+02
7.146925358573066944e+01
9.298005008438404673e+01
1.456416594346035538e+02
8.753645971424253958e+01
8.914149462793015744e+01
1.160064275062998291e+02
1.585453810011350697e+02
8.952431470556538784e+01
1.337341686145775270e+02
8.383466240694014004e+01
8.951414469970670496e+01
1.178844802708277513e+02
1.592571025576570491e+02
1.162420732635106617e+02
7.630198272418290628e+01
8.796724795709876332e+01
1.193718675596379057e+02
1.598335432509683756e+02
5.972968640071757562e+01
8.128814139550432571e+01
1.192810126448679000e+02
1.600683121204722283e+02
8.034934225373339700e+01
1.253000480146402822e+02
1.624943623185852175e+02
1.001481947555278964e+02
1.545033097633976240e+02
1.291498144240794943e+02
