3.804525074382990368e+01
3.916843924048407644e+01
6.627127841607320136e+01
1.067767296468584703e+02
6.009905484085883387e+01
6.981164318633639709e+01
1.255120396522092392e+02
1.074342536240217783e+02
4.458536759048656251e+01
6.860149043964561599e+01
1.071072774753196057e+02
6.021200745176674474e+01
7.301444723398842029e+01
1.448182539709614218e+02
1.173294402578402469e+02
1.272680320059930494e+02
6.033240947278945043e+01
1.148310162875452534e+02
1.048364718594132370e+02
1.165436032680326122e+02
5.637956210453865680e+01
7.734922862708422997e+01
4.172170850437321832e+01
5.309110829620291838e+01
1.075320213390236290e+02
9.188195124826327742e+01
9.362150958360159336e+01
1.070923429838191936e+02
9.743221475811348853e+01
1.015312529846597158e+02
1.186229359573938922e+02
1.396156752098073071e+02
1.035460245933845727e+02
8.946932954922486658e+01
1.046078511927685355e+02
1.257152798885366281e+02
5.491265374254657416e+01
3.247510579519379093e+01
4.675755023944007860e+01
1.012646497690148664e+02
9.074436804678543922e+01
8.776686340102197903e+01
1.072167895588227395e+02
1.216172848295368425e+02
9.001238917772917603e+01
1.107801236971356929e+02
1.265932481113697463e+02
9.198620954620369616e+01
1.016399302790082260e+02
1.269511809420955046e+02
1.588854491619516125e+02
2.693548708017573290e+01
4.397002950892660067e+01
9.992545734228109211e+01
9.268618176219311522e+01
9.336003872522010738e+01
1.220362492191437838e+02
1.181321437990204686e+02
1.456388175650544667e+02
1.199185988826334750e+02
1.571670613361225435e+02
1.435236890543596644e+02
1.356919549868459853e+02
1.302729875718365804e+02
1.597653431952259666e+02
1.088326778388831713e+02
1.376100040613413853e+02
1.648547657354313856e+02
5.907979189583511470e+01
1.289629068304449220e+02
1.152279899870036814e+02
1.176658366204096779e+02
1.542492495288012151e+02
1.431853006359071117e+02
1.941759732357777466e+02
1.854514531234141543e+02
1.170842380576462034e+02
1.417633151234703917e+02
1.891222448280215360e+02
1.055132989139844000e+02
1.436988469088541649e+02
1.377258117296531736e+02
1.115126604293057824e+02
1.095536844036856650e+02
1.405411399181406580e+02
9.514380322448458571e+01
7.035307886880924855e+01
6.933490576088374269e+01
8.710668046498534522e+01
7.895402451592673287e+01
8.959172247481852480e+01
1.086080810426213503e+02
1.446623972252582462e+02
8.867265009475933368e+01
1.359970119875147532e+02
1.470196097374720239e+02
9.511078239760838926e+01
9.314334886794318891e+01
1.170475232338257285e+02
1.622714107769773761e+02
6.444752186767931335e+01
8.948757236081463873e+01
8.731140607245635010e+01
4.035320893806053988e+01
4.483682823475859180e+01
5.939692350357181283e+01
5.615714654801283245e+01
6.645445721923582028e+01
9.883032452896178199e+01
6.451519064291042582e+01
1.290668778405072885e+02
1.047249438131496930e+02
2.182265194174742362e+02
8.875013559878212277e+01
1.386068839675354809e+02
1.285081342928290269e+02
8.381272314754892250e+01
8.621444583220964830e+01
1.084086738295852683e+02
1.489743805193858179e+02
6.039008968604804295e+01
8.195265400339323492e+01
7.925348948766975354e+01
9.748011040077918210e+01
1.462155285072930724e+02
8.987054535441416192e+01
1.421010377516655865e+02
1.707719763062807488e+02
9.557951173106307863e+01
2.002006935823620495e+02
7.264699087865918159e+01
1.145773472316689237e+02
1.226675746500463333e+02
8.252256697310626521e+01
6.302367149225862164e+01
5.938982052738678874e+01
7.449502314081242105e+01
1.092202615099070897e+02
6.720728343785418701e+01
8.214637426012548360e+01
1.690795829671539536e+02
2.283806309243352644e+02
1.418153041119578006e+02
8.235662798975877763e+01
1.702902585488992315e+02
6.125641320796336942e+01
9.690910552269549783e+01
5.338058283937883886e+01
6.783303690355927529e+01
9.487615566223483654e+01
5.785818002134900695e+01
7.146519133606693686e+01
1.221307073002384556e+02
1.312357631680260397e+02
2.093864987569299387e+02
1.416719306835539669e+02
8.379521635958093384e+01
1.643165892971015296e+02
8.682850368382754880e+01
1.177140949229003155e+02
7.188883312590061792e+01
9.083389849027319940e+01
1.536815618780392754e+02
2.162153346512852750e+02
1.957263945082096086e+02
1.442612523475484068e+02
1.025128009917430347e+02
6.312439183893885541e+01
8.281661740078182277e+01
1.388795447550147344e+02
1.914586858044367261e+02
7.523394855911368495e+01
1.697948376340550851e+02
4.232039902248462226e+01
6.388612979851508555e+01
1.121195198209282751e+02
1.574244781147654066e+02
6.415617838862968370e+01
7.829564291770010698e+01
1.380194882636291140e+02
1.915327978224753451e+02
8.093048812314643214e+01
6.767980436254082122e+01
8.785761331608132707e+01
3.885449901086366253e+01
5.263739111150733407e+01
2.799031192101924148e+01
3.577258027424625908e+01
3.587490498065467648e+01
4.686997010045934786e+01
4.951767579491039584e+01
5.287914479686870806e+01
6.597563938784846016e+01
7.789919214929864211e+01
1.097371270646915491e+02
6.213180602525968510e+01
9.568867570855441329e+01
5.226385586691592522e+01
1.096401998773786062e+02
1.531584572130885249e+02
6.191516217353807860e+01
8.965896432749218548e+01
1.059058083101971732e+02
9.119659113742437739e+01
8.480763863271020853e+01
6.334043114412015285e+01
9.725658588474414046e+01
8.163192960381155672e+01
1.079013025376834207e+02
6.350306169623003427e+01
1.330483185476452093e+02
1.011342942868859041e+02
1.070599053733742636e+02
1.424498947988759028e+02
9.145223884807137438e+01
8.454116102886203521e+01
1.230568558862673143e+02
1.366452961568059550e+02
1.187232357157435132e+02
1.172192750860498904e+02
9.535635988259198825e+01
8.004687206706100255e+01
1.214665434174274026e+02
1.490161183902863797e+02
1.169195214326406358e+02
1.070184333454570407e+02
9.577886927324628630e+01
7.245758236248573780e+01
1.374304481960968758e+02
1.541048249656694793e+02
1.992242942449877603e+02
1.409358871858341899e+02
1.277661810871939281e+02
1.197116590873028628e+02
1.358745457878850686e+02
9.304796745195697838e+01
1.061802531723753873e+02
1.553882727534386277e+02
1.683205482391913961e+02
1.627658650089036314e+02
1.396996681659914259e+02
1.421548009066077043e+02
1.224209653109472953e+02
1.244882736339044840e+02
1.202968879093977677e+02
6.165108623892427175e+01
1.608906681945870787e+02
1.554190995175439980e+02
1.387335705172095572e+02
1.413354129406082222e+02
1.540132438509542396e+02
1.337258189899363288e+02
1.219548884737501737e+02
1.082143933442472132e+02
6.531876632029529617e+01
1.571850005715819805e+02
1.737995200346069851e+02
1.560262044790285927e+02
1.382531020726505062e+02
1.420141867805075435e+02
1.588834890972855192e+02
1.409904798141611764e+02
1.285192764323661549e+02
1.083610678356954793e+02
1.503878001164670764e+02
6.789926157062232903e+01
7.483745272808597804e+01
1.700204628042218360e+02
1.660040641689185179e+02
1.666579191156351953e+02
1.554777057206281938e+02
1.521902121764089486e+02
1.489897739336009863e+02
1.289566775635096576e+02
1.558486433856310498e+02
1.057701360428604858e+02
8.703277547868736974e+01
9.627771294470937846e+01
1.078128395018184307e+02
3.587490498065467648e+01
3.151101955971700974e+01
5.128227346365390815e+01
2.619104492916168780e+01
4.618368867122233468e+01
5.381602766413322314e+01
2.127276241405122192e+01
3.577400886749843778e+01
5.234743758189602403e+01
4.754147025425913142e+01
2.005541569092488174e+01
3.485842121203840804e+01
6.230192545446972474e+01
7.907471023692009737e+01
8.960740050696077219e+01
3.334138493362524969e+01
6.619391581539339597e+01
1.010666235490719345e+02
1.909328217145763773e+01
1.405963470056750566e+02
9.054399307166475808e+01
1.764655821043949757e+01
2.964080636628738930e+01
6.118656226034350709e+01
1.014444778630821702e+02
1.489247511374357771e+02
8.249712631376428362e+01
4.893039387950013719e+01
1.684129895776900909e+01
2.763729009790609581e+01
5.856405441388816513e+01
1.031949968162158058e+02
1.624309463026531262e+02
9.196152791290148798e+01
6.438019611234376782e+01
7.733814145452227251e+01
1.632843611937327921e+01
2.637094681813243469e+01
5.684871112281960848e+01
1.044620615637340961e+02
1.736146984545010525e+02
1.021949002398922488e+02
8.049878886407404366e+01
1.085324668519561726e+02
7.121795012549151238e+01
1.585410369632704430e+01
2.513590898304582311e+01
5.461254809498927898e+01
1.029214954565357800e+02
1.768368492288250877e+02
1.065915119754448028e+02
9.088053838217572888e+01
1.313715118793006411e+02
8.661075049700627915e+01
6.502495835711251004e+01
1.554753479255293058e+01
2.435536821623476200e+01
5.325181652153709422e+01
1.023144244121946684e+02
1.807449808206140744e+02
1.121075647835178160e+02
1.021739048804003573e+02
1.586064413977897516e+02
1.106763278589189952e+02
8.700439985670745102e+01
9.828887732945774758e+01
1.529553123268365411e+01
2.370263077601072865e+01
5.200732494891168045e+01
1.012419080616370195e+02
1.822869064131664629e+02
1.153187650928281158e+02
1.103208794731043838e+02
1.801594414338439094e+02
1.304470861706153642e+02
1.043256638313396252e+02
1.202349545456406332e+02
1.004624404599892387e+02
1.500352008849043273e+01
2.291004283259678687e+01
5.021925720435055496e+01
9.838359120068507480e+01
1.787063892386588009e+02
1.137233126994607346e+02
1.122318500292427785e+02
1.887155494461901242e+02
1.383994228926698327e+02
1.096650027108128285e+02
1.225514295739417179e+02
9.651773625100969412e+01
6.124697477354404640e+01
4.966809671927142489e+01
9.810247032112502552e+01
1.804305990760525162e+02
1.166144587147164486e+02
1.187725916685501204e+02
2.072124740554496043e+02
1.577721589545408847e+02
1.299968082446390270e+02
1.519357781747059448e+02
1.275846486884439770e+02
9.785170993761225589e+01
1.049988708041221770e+02
1.476613485354996236e+01
2.230961649191785412e+01
4.909634955247553734e+01
9.753714623611041645e+01
1.809801457833073073e+02
1.182368751552361346e+02
1.233340371050241373e+02
2.212571460147623839e+02
1.732790315009737299e+02
1.469002137585221419e+02
1.768041112508154242e+02
1.540783095070309230e+02
1.297785323351229181e+02
1.568341323372208649e+02
7.244979606152234908e+01
1.459891248277867604e+01
2.185468959092825614e+01
4.801686518944759996e+01
9.558914855170716862e+01
1.779076937845125315e+02
1.164724673439243503e+02
1.233215711851686933e+02
2.247641144966278546e+02
1.782096614643503756e+02
1.523593503319710010e+02
1.838044719811246637e+02
1.604449608189416381e+02
1.404034212525720591e+02
1.746702157921945116e+02
8.175495510003138122e+01
5.346819637675653070e+01
1.439365189219885011e+01
2.128408265768807084e+01
4.657565168464309835e+01
9.264435098351627573e+01
1.722057472181775779e+02
1.122489811407158271e+02
1.198404372966140272e+02
2.199442504636170099e+02
1.745503756113141662e+02
1.484132419597058288e+02
1.762329958096865710e+02
1.506914583130432277e+02
1.331016978610410604e+02
1.643841214419850303e+02
7.592675569954644743e+01
5.501278754489252520e+01
5.968177880558834403e+01
1.433542059879294506e+01
2.113710220549357288e+01
4.628514333061089303e+01
9.234159297137111366e+01
1.724285901492615380e+02
1.130547953705074349e+02
1.222218003041463845e+02
2.277823594286461457e+02
1.839039480685715091e+02
1.931719318218214880e+02
1.691657284604376059e+02
1.554670476797855940e+02
2.008806558612329809e+02
9.879901126330462091e+01
8.097609489029363772e+01
1.066271414241630993e+02
1.340708492418859805e+02
3.233911812520895523e+01
4.279976100789772886e+01
8.239824255241619255e+01
1.524576956294268655e+02
1.000868766838593160e+02
1.119148548080040797e+02
2.133607112398132131e+02
1.751706933194863041e+02
1.539935169578153875e+02
1.883668454839168191e+02
1.661710236938149308e+02
1.540324896529110674e+02
1.999437008887510103e+02
9.865123237456350580e+01
8.104802711038540508e+01
1.067464488358685344e+02
1.341322278818233826e+02
4.398167706077466477e+01
7.566034764244309940e+01
1.352767813500629757e+02
8.811873191858434495e+01
1.026083122490181552e+02
2.003822964789512469e+02
1.673155012711233383e+02
1.492193260375937882e+02
1.840944674467415325e+02
1.634769954559216103e+02
1.529432484077764229e+02
1.993893324753732657e+02
9.866852681328863639e+01
8.125029554312679636e+01
1.069739309793653206e+02
1.342405809774717511e+02
6.291636847849422765e+01
1.070840045531354150e+02
7.068969024831524450e+01
8.798708957006667220e+01
1.788024039769755404e+02
1.536906514537334090e+02
1.404779591627664388e+02
1.762347172677205833e+02
1.585662139119342555e+02
1.504768406337138344e+02
1.977343963430535041e+02
9.838187378873713840e+01
8.132856498987865734e+01
1.071334007539821442e+02
1.343248173756381618e+02
5.217673054009628686e+01
7.265809854304393411e+01
1.563746917685374456e+02
1.395862334803969986e+02
1.315098164767459252e+02
1.681725883376820434e+02
1.535205720615495864e+02
7.263395756468095499e+01
1.481439618025767686e+02
1.963572153664738664e+02
9.826522779416701781e+01
8.157154122270269170e+01
1.074388816969969156e+02
1.344740371744273375e+02
3.556457743391344906e+01
1.356562001013346048e+02
1.263691808250602406e+02
1.233507484324634333e+02
1.609009668702281601e+02
1.489897739336009863e+02
1.465049350935686618e+02
1.958295167799448677e+02
9.854230725260956092e+01
8.213438216636419043e+01
1.080108904306305533e+02
1.347386191439238701e+02
5.899527624513383017e+01
1.324506175257931773e+02
1.223462571370933176e+02
1.218015692699775769e+02
1.595619878626914669e+02
1.481622177892869558e+02
1.480167425534928896e+02
1.984027613338474225e+02
9.999822083650165894e+01
8.350442455750972215e+01
1.092006758140100970e+02
1.352580979509039878e+02
1.079652614912782838e+02
9.767151865787444365e+01
1.032670004927432643e+02
1.406752179990951106e+02
1.353094353885107921e+02
1.407236273705820793e+02
1.931392953405217270e+02
9.901367941063573141e+01
8.364777638184037301e+01
1.095940179745399661e+02
1.354681561717559930e+02
6.019104743662056478e+01
7.586243370428292110e+01
1.127832565559192233e+02
1.158863598114873810e+02
1.283680916835303378e+02
1.833280364751112472e+02
9.672392885572226362e+01
8.329252446629257634e+01
1.097528398385626645e+02
1.356072948763476518e+02
6.578238851197552606e+01
9.853702276990316022e+01
1.038081108750281487e+02
1.213986641049582431e+02
1.780341158749175747e+02
9.617194263560845968e+01
8.429145526521746490e+01
1.109831323628866784e+02
1.361814815796364542e+02
7.548710661720089377e+01
8.372465723710247687e+01
1.067870846003959997e+02
1.642769151522280993e+02
9.286527525205777067e+01
8.417277116323779751e+01
1.116539594321152293e+02
1.365702311165823915e+02
6.422421420955532767e+01
8.972408372862551573e+01
1.444216486779785100e+02
8.703277547868736974e+01
8.313743985161055150e+01
1.119812886032125476e+02
1.368688112023785379e+02
8.788462307573601606e+01
1.332765519751922341e+02
8.324068272769417831e+01
8.409932573957468094e+01
1.139645861941954479e+02
1.377765880250588282e+02
1.140571498020625398e+02
7.549263421939572538e+01
8.384391263577188624e+01
1.158806207726114934e+02
1.387409743513280205e+02
5.539234874454198376e+01
7.718372006803636509e+01
1.153800690964395841e+02
1.393111516617901771e+02
7.782025909943489239e+01
1.210527959565470724e+02
1.423207907370619409e+02
9.435559386135776094e+01
1.354567186356733259e+02
1.078128395018184307e+02
