7.041647525465180024e+01
9.058452569216579775e+01
7.467779473260760881e+01
1.016033153883229119e+02
1.042543686315368348e+02
5.163123289431081986e+01
7.083001810894693051e+01
6.676835298947590047e+01
7.097618962476276749e+01
5.730861176364134479e+01
7.750765445905716433e+01
7.648251080469388796e+01
3.834783644540960523e+01
5.051002739546006381e+01
5.696896600784748443e+01
4.944015039017882884e+01
3.555097883222300226e+01
5.066219514639163179e+01
4.814442980921345594e+01
4.867824211197177675e+01
4.911596677316272519e+01
6.798895127555005047e+01
6.549800661612188435e+01
3.395392415386662321e+01
4.617187901135497441e+01
5.335098104006241471e+01
4.327403611090975488e+01
5.513794971011751755e+01
5.593506522725494534e+01
4.531284291144869059e+01
5.814366233646380522e+01
4.218097657784629462e+01
4.779144327034898510e+01
5.459421036312674147e+01
4.888015869348645737e+01
4.385644950867552438e+01
7.150634844012112978e+01
6.447233322853013249e+01
3.453426084815807684e+01
4.871557552931275836e+01
5.684656835661169083e+01
5.423965183322300732e+01
4.616039468184753503e+01
5.496328387688007666e+01
4.692865090656959381e+01
4.026077297667012544e+01
4.822819467268619320e+01
4.922526549540862817e+01
3.930147411199212826e+01
5.248855468190733831e+01
3.949582516528145248e+01
5.298310291316067833e+01
2.776812458855942367e+01
3.951153215330084123e+01
4.487317911887525668e+01
4.041174203348337812e+01
2.611477849938848905e+01
4.895943165273720155e+01
3.680939808812599523e+01
5.657426457856242763e+01
5.254551486283030215e+01
3.994205991307902792e+01
2.999041602014333208e+01
5.640984767724165749e+01
4.282951977439152813e+01
4.361567981296525431e+01
3.855268450765375832e+01
4.765935105080323098e+01
3.176150180849931814e+01
4.792790757294507387e+01
5.365958225854060970e+01
4.544497944111883214e+01
3.073485976408789000e+01
5.690760460913764263e+01
5.399822321156536731e+01
4.206176992090735212e+01
6.214455224082569629e+01
4.669481682080756002e+01
4.431818222789922856e+01
6.051066142958688232e+01
5.682411551943681616e+01
4.373704789487651112e+01
3.517239365414815921e+01
6.436712336241691901e+01
4.996794112226279339e+01
7.273698977918802200e+01
7.457901811911111167e+01
5.372779430559069880e+01
3.770646692805499356e+01
6.780993360020812588e+01
6.988469318793394791e+01
5.409753166942252278e+01
5.156509047586690286e+01
3.677484332176521065e+01
3.650006547976691706e+01
3.971109312705711147e+01
3.702433905647939838e+01
4.706881475381745616e+01
3.739817068267993960e+01
3.659504823530646433e+01
4.154973776528232321e+01
4.102241091117701899e+01
3.327350110719724086e+01
2.890708462671211265e+01
1.921724670679589764e+01
1.481279130345537887e+01
2.655645762466933846e+01
2.781269091444839958e+01
2.311320144522841602e+01
2.148062695310436965e+01
2.380201445551099937e+01
3.324733293978840010e+01
3.294879133164510421e+01
3.019604762179936230e+01
3.025092633043652768e+01
2.950212141639869756e+01
2.817449546595114285e+01
2.633951927003973026e+01
2.207180767868046445e+01
2.176147115242324759e+01
1.328697013182159381e+01
1.253984173165285121e+01
2.331975485699091166e+01
2.549784775562166317e+01
2.233065334822936521e+01
2.114361927725024515e+01
2.092973634413045403e+01
2.651451746209473725e+01
2.761398762926063810e+01
2.810768384144314780e+01
2.112406225705120733e+01
2.091141161624349110e+01
2.184863705663021705e+01
2.130574782148432433e+01
1.037024123604494186e+01
2.011477448752733110e+01
2.304186150298387403e+01
2.157341412634252720e+01
2.104858393037860864e+01
2.158619233795056402e+01
2.237447698200379875e+01
3.169415390144116884e+01
2.341355459074564394e+01
2.300716964508680462e+01
2.379426277578440718e+01
2.341820922634229518e+01
2.272276232868748025e+01
2.297209198743570724e+01
2.541488036401287687e+01
2.524516516694711044e+01
2.477124295179345737e+01
2.442254610523129088e+01
2.293649438418530195e+01
3.248088613908950606e+01
2.144834413825421748e+01
1.549989149428200896e+01
1.466085550778272584e+01
1.619896922889187962e+01
7.007018378197836128e+00
8.493439443747952566e+00
9.008660872647009654e+00
9.086835395796663661e+00
8.961976855192599345e+00
1.202902459843480720e+01
2.200034422846695037e+01
1.497023064320890384e+01
2.007204824236138663e+01
2.025081197342986883e+01
1.830905789218514101e+01
1.840081587496261761e+01
2.502822325314866347e+01
2.966277962557041548e+01
2.388679587338439347e+01
1.968341808770752266e+01
1.555354864905907242e+01
1.642359353577211678e+01
2.323501953775584283e+01
2.683232708014925194e+01
6.926874580756558153e+00
8.371628079218698559e+00
1.294125097195582974e+01
1.495031598139274820e+01
5.693537800446466512e+00
1.017077407059785088e+01
1.150502197052355768e+01
1.632750253435025201e+01
1.594113684811558151e+01
8.988164001053204899e+00
7.443996955159326490e+01
6.790777325258081021e+01
7.732006473435900773e+01
5.398698941434933118e+01
7.925409622086083061e+01
5.903641671738967034e+01
7.319063126032325783e+01
6.789650147286302229e+01
8.248255514932691312e+01
3.033964074926493026e+01
9.702019799179628023e+01
1.059767129347110313e+02
5.513777429220167647e+01
4.085904685659465230e+01
8.199615037281695606e+01
1.042699301449487450e+02
3.346371574071603305e+01
2.869565698149886757e+01
6.475766105626853175e+01
4.559017944161018221e+01
4.111208054522666089e+01
2.357426917969531743e+01
9.519077778801266732e+01
9.678129506089842948e+01
4.657608018006818895e+01
5.082665872183447675e+01
4.762036147867266322e+01
1.119400676127324523e+01
7.590436870472863973e+01
5.854301116583877729e+01
4.904348955974361246e+01
5.157513783447070921e+01
2.744441295456843477e+01
2.400322367046085148e+01
5.808902605635021388e+01
6.247918197128058182e+01
4.275147426887806290e+01
5.133653711630331884e+01
2.534174739667161091e+01
1.828504971543228663e+01
9.105342975920783033e+01
7.400312370122568950e+01
7.742072825663301217e+01
5.411507781297905950e+01
6.498172256378859402e+01
4.332631060976940063e+01
2.860230669811608450e+01
3.047685950343440808e+01
1.493748588069331085e+01
6.534685711849409984e+01
7.790858139431928464e+01
8.008631843586573495e+01
5.384724979590455973e+01
4.827777047366505769e+01
3.868085725402741559e+01
4.903448122825007971e+01
2.665031971795536592e+01
1.472731344271807252e+01
6.779789991545243311e+01
6.654783775917523769e+01
8.076507165501524810e+01
5.366089305911575025e+01
4.814579819477867062e+01
4.010936761141938689e+01
4.668328542017727045e+01
1.961712276870535021e+01
1.558229913712928472e+01
8.132865484643511422e+01
8.319685678123491357e+01
9.771838680827511325e+01
6.836120789175896562e+01
6.571371597128040776e+01
4.128093777059978464e+01
5.041936031602551793e+01
6.566830535060145735e+01
3.396152877874389731e+01
3.258367537126238034e+01
2.387679968027481792e+01
1.164081026861221346e+01
8.228185758967332220e+01
8.241503609678569831e+01
7.306078636159257655e+01
6.163644049454438090e+01
6.306959988571013298e+01
7.708089058465500898e+01
5.008951083089104372e+01
5.281635610893703614e+01
3.399476730069879693e+01
3.044589746976818034e+01
2.507844211170494830e+01
2.157869277509196593e+01
7.443996955159326490e+01
7.618141300014218587e+01
6.665238559530922657e+01
7.890331226680225996e+01
8.417917685893641533e+01
7.903631383413981837e+01
8.959370548175814974e+01
8.909674994601678577e+01
5.517575127165194004e+01
7.898849364594529732e+01
7.906722986363337213e+01
9.330878136160482939e+01
1.014411390783945706e+02
5.854064668222215317e+01
4.735659310163252655e+01
9.825457485324341178e+01
1.182059267887101157e+02
7.782790003558072556e+01
7.339718192913663586e+01
7.715215256800510701e+01
7.981218809948546777e+01
1.008560567685604923e+02
1.281290018683369567e+02
9.062643873920022486e+01
9.163199374584641532e+01
8.484704585838990454e+01
2.905868251258868185e+01
8.015132448314240321e+01
1.023877925029052989e+02
1.344572589213969138e+02
9.977453510467842079e+01
1.068515067671246186e+02
9.284769386204918362e+01
2.933189123117285746e+01
1.851697615209870307e+01
8.032665906588728433e+01
1.035047609278542495e+02
1.391724476759086429e+02
1.074254147268025719e+02
1.221951350123152338e+02
1.105427560879459605e+02
3.767890697705261260e+01
2.815077637811809907e+01
8.045978783724601158e+01
1.762496901392039916e+01
1.046325903788849558e+02
1.434652245873064373e+02
1.145536074165810732e+02
1.374162415457909105e+02
1.317685081485283547e+02
4.893155354652547828e+01
4.156160720467129011e+01
8.064866295660459627e+01
2.705208009807496694e+01
1.051656022358144753e+02
1.458191260029433067e+02
1.186624625830066151e+02
1.467680022410200422e+02
1.445354070172994341e+02
5.620953632249720755e+01
5.109454912626512169e+01
8.070615489253130193e+01
3.477669083035649322e+01
9.394882448120918994e+00
8.075038357557814095e+01
1.055678197026323630e+02
1.475895796847224517e+02
1.217989356921151938e+02
1.541402996660409315e+02
1.551839345161167785e+02
6.268710141969391003e+01
6.012055470956117631e+01
4.323843259081801449e+01
1.396985943838007671e+01
2.328390152453327033e+01
8.081392781326638897e+01
1.059792561792601191e+02
1.492215879179174465e+02
1.246443646826418359e+02
1.608511593742127559e+02
1.655885390425463015e+02
6.927063010906549323e+01
6.964595017280134925e+01
5.340400315224412253e+01
1.899968775412084554e+01
2.944657860689959605e+01
2.220210183709716034e+01
8.087330661984825042e+01
1.063342820128415696e+02
1.505853848420990744e+02
1.270161184857894057e+02
1.664991756663825129e+02
1.747035136629521901e+02
7.526403870906301563e+01
7.872279234509298362e+01
6.464272013534004202e+01
2.479513493501780275e+01
3.800513005757749596e+01
2.708594269941051991e+01
1.058585769390401055e+01
8.091898291868929505e+01
1.066117226996746012e+02
1.516571391282569152e+02
1.288936495641166857e+02
1.710339849500313676e+02
1.822148992210226766e+02
8.039109381191224202e+01
8.685238304238652063e+01
7.625936353816415192e+01
3.118878031331865586e+01
4.966298644621866032e+01
3.792787884671314913e+01
1.767528521024394195e+01
9.762000057653290597e+00
8.096282765467952913e+01
1.068595213177489711e+02
1.525837518139413760e+02
1.305034019879635423e+02
1.749192479118958374e+02
1.887864181516945052e+02
8.496238964308582808e+01
9.430194578986383647e+01
8.801278761249260185e+01
3.791825994460879201e+01
6.275892440342151701e+01
5.086547351738622069e+01
2.648966542992010886e+01
1.768414560331752483e+01
2.055935903421460154e+01
8.099324683894305110e+01
1.070429427974067522e+02
1.532874331834337909e+02
1.317351266958307860e+02
1.779239469712321693e+02
1.938708755302720306e+02
8.858235116363927375e+01
1.003913858246136215e+02
9.807143046823425436e+01
4.396541441613445045e+01
7.462401214216951928e+01
6.271621154794913622e+01
3.475112723011206128e+01
2.485680194468584148e+01
2.884034538256843305e+01
1.502652408718530630e+01
8.100920859462037527e+01
1.071635919392687697e+02
1.537868123035206054e+02
1.326309867303286865e+02
1.801577250318154597e+02
1.976459016955993206e+02
9.135532059104600933e+01
1.052291578942428600e+02
1.065355809683641439e+02
4.933626782625070462e+01
8.563005056835073958e+01
7.435357295787221688e+01
4.340645671493000179e+01
3.308925947972880266e+01
4.122215268446340275e+01
2.716302610060128941e+01
8.281029965146851168e+01
1.228090038371447577e+02
1.105145241965202132e+02
1.562508163980859024e+02
1.747668938403539016e+02
8.354076408853657654e+01
9.926894507290022318e+01
1.050654297622712505e+02
4.898319676073775497e+01
8.544412416071723726e+01
7.456515875603683696e+01
4.372189135066700771e+01
3.329972383464941288e+01
4.130305522870054347e+01
2.690659924352886989e+01
2.718346661152394717e+01
8.852649856393914263e+01
8.453126424799887673e+01
1.264188697571262168e+02
1.452664027134850073e+02
7.272832000153248089e+01
9.003661971340208936e+01
9.808705784682724982e+01
9.840570449737506920e+01
8.410137346506776623e+01
7.408579268214350577e+01
4.377430390277417871e+01
3.339216365111386864e+01
4.131151333206207710e+01
2.693350308116345104e+01
2.719698984706231570e+01
6.112932724779523852e+01
9.798105756854364756e+01
1.153003118326407730e+02
6.127904366914606271e+01
7.984231260968540766e+01
9.000700566445205197e+01
9.199977209159088432e+01
4.608518615680489461e+01
7.339049227669624997e+01
4.379743649000477035e+01
3.348934712938459768e+01
4.131343820691518687e+01
2.696370987832693444e+01
2.721261304735255493e+01
8.230445325632229014e+01
8.048973359610458544e+01
9.066976540271176077e+01
5.133310235706999691e+01
7.083783922213534368e+01
8.257558535731868687e+01
8.557417135669381025e+01
4.457801221765129185e+01
8.065965969154471793e+01
7.290072413961783582e+01
4.401259461219470381e+01
3.371024503679877427e+01
4.136952827160721569e+01
2.702097910464216923e+01
2.723871597674118306e+01
3.997445440930423644e+01
5.933999214575926828e+01
7.194946169164613536e+01
7.591392828265991000e+01
4.166766478820591146e+01
7.708089058465500898e+01
7.119370394381039091e+01
6.584374630195134159e+01
3.373507123974846422e+01
4.130469558079809644e+01
2.704484392777401425e+01
2.725522507706502040e+01
3.456574495090524834e+01
5.387604961330288944e+01
6.534570794058825527e+01
6.761019383394611282e+01
3.946658604289073224e+01
7.420353832991655452e+01
7.003561781064777847e+01
4.394990508762016646e+01
3.402064336740716755e+01
4.135244394027435533e+01
2.712298449846965553e+01
2.729225214908149511e+01
6.624360754322222533e+01
6.972722120206455543e+01
6.270604184610500198e+01
3.900779634525297013e+01
7.301618488253721750e+01
7.001679668559329173e+01
4.490413678693185773e+01
3.475930999452180004e+01
4.158942032846157844e+01
2.728717698204502184e+01
2.736066865652776059e+01
4.301294699219535289e+01
4.229704818335163452e+01
3.070265549085200263e+01
6.161318324315714534e+01
6.299382064839412010e+01
4.263670005703350796e+01
3.397087614661253241e+01
4.102330215596990826e+01
2.719773930816076657e+01
2.735130368936787093e+01
2.339152824222540872e+01
2.230987116395748515e+01
4.898486516222312304e+01
5.453223180560834038e+01
3.973988614614359705e+01
3.293731908486039828e+01
4.026780111483858349e+01
2.708346430579577913e+01
2.734209081362692828e+01
1.456565198554164198e+01
3.593093105061986847e+01
4.472230890247438140e+01
3.610838030689242117e+01
3.158029050759037304e+01
3.923144874939765714e+01
2.693185893219538229e+01
2.733337074883567652e+01
2.759401857935757363e+01
3.626376664427772312e+01
3.300051507429456876e+01
3.044589746976818034e+01
3.802483798389312142e+01
2.680730823389895789e+01
2.735139482881647410e+01
1.763561513248141566e+01
2.277506323418157308e+01
2.507813815417242864e+01
3.441109846956383933e+01
2.595994771561894865e+01
2.717754569480399240e+01
2.108792544548623127e+01
2.321864869186385150e+01
3.118743852750008472e+01
2.537966379684326768e+01
2.713925360038118484e+01
2.107453399591107868e+01
2.596854670380681540e+01
2.418501947716204370e+01
2.702108711910393524e+01
1.510388723099948471e+01
2.022914491106711665e+01
2.621581069578469325e+01
1.296682256444155712e+01
2.420590504053751602e+01
2.157869277509196593e+01
