8.330984460289482740e+01
1.007264668917246553e+02
8.171307081639081105e+01
1.614321195296804206e+02
1.348942972100826978e+02
9.515222220028908851e+01
1.612980353551901374e+02
1.659837759277205294e+02
7.672536322941330411e+01
6.440329842432308283e+01
1.249358729012520115e+02
1.020852259682968963e+02
7.365069363273381953e+01
1.323521600100277453e+02
1.233096644566901574e+02
1.581379666563976514e+02
6.464632507460757438e+01
1.120951953753973527e+02
1.171177032610391109e+02
1.812774336376260180e+02
5.556595251196304730e+01
1.025196193976192234e+02
8.031905655070370642e+01
5.950390940088179548e+01
1.079774023597338015e+02
9.527144478639843328e+01
1.103311838714601691e+02
1.527368020803226045e+02
9.952039430280406407e+01
1.162514077348603081e+02
1.625880575585905206e+02
1.354962861834473244e+02
1.072361270947190519e+02
1.002590831501937600e+02
1.318458886275576276e+02
1.541748193072276649e+02
9.852577166653442475e+01
7.396191613684737831e+01
5.756929449472969651e+01
1.068129191070458432e+02
9.496298851838784572e+01
1.084629752164509142e+02
1.092158066006392687e+02
1.771422544967047656e+02
8.773465449948677986e+01
8.970202435737101609e+01
1.475311349710751188e+02
7.131948209310462516e+01
8.510954789113294794e+01
1.232469751218340832e+02
1.070623689892882311e+02
4.102831039639277577e+01
3.418092379041690521e+01
6.482342939550701999e+01
5.781912112795554037e+01
6.626198413376408780e+01
7.163556497274542778e+01
9.252468213716217349e+01
9.821694142627842439e+01
9.661456016500382304e+01
1.957312997354122501e+02
1.372611250589456802e+02
1.066473804808810968e+02
1.375637580922912093e+02
1.459542416312089870e+02
9.592975431746612003e+01
9.964287138398813681e+01
1.654898183835624650e+02
5.401129747912742118e+01
1.077862357554594439e+02
9.750012442320360151e+01
1.128704816601576226e+02
1.248601083991164131e+02
1.117365874289480843e+02
2.292956513482553191e+02
1.640560673695274261e+02
2.073520888340425188e+02
1.465876394618137510e+02
1.499593976336892922e+02
9.696227392372126985e+01
1.960838805833450351e+02
1.382229103196265783e+02
1.178194237329756078e+02
1.531440447269713729e+02
1.660363018035671985e+02
1.139011464079609510e+02
9.334509085166041586e+01
1.031710884267898223e+02
1.138002875012573725e+02
1.018773962682284804e+02
2.180180328849113209e+02
1.539986671049402958e+02
1.619253973766337538e+02
8.749478364983870904e+01
1.504587400835696940e+02
1.531357310367488651e+02
1.085183677672922187e+02
1.747116954044445833e+02
1.265228015945699696e+02
1.364897351647032337e+02
7.223216780569201489e+01
1.499961766500015869e+02
1.090631512095248752e+02
4.612407785329668997e+01
5.186215779811416127e+01
5.977954626359152002e+01
5.529532735929265641e+01
1.200498552333530853e+02
1.038187375128987355e+02
7.439928156841189377e+01
8.775678712134025261e+01
1.452522414823694703e+02
1.317415197846230797e+02
8.571593521793941761e+01
1.500305656935663592e+02
1.477403861948859287e+02
1.064096598773874973e+02
1.613542572735683791e+02
1.138150770957238080e+02
1.251321207482478286e+02
7.244007820762080030e+01
8.826299254606622924e+01
8.446914854631802427e+01
1.849228616304467039e+02
1.579950942700625944e+02
9.022625226621926231e+01
1.615891011861721154e+02
1.573168610872937450e+02
1.414997563601291688e+02
1.322715981576751290e+02
7.684676980377180655e+01
1.376494405089903523e+02
1.410775077347694832e+02
1.044333962783514664e+02
7.667889330794746172e+01
7.457636531693221116e+01
1.602138993565235694e+02
1.314167990699898496e+02
7.624900874723633137e+01
1.310424416452175365e+02
1.256499165468341914e+02
9.392881167335495718e+01
1.541332724234941622e+02
1.366253026182660335e+02
1.324701652967003156e+02
7.610535626331083847e+01
1.402683561582913114e+02
8.001191851123432741e+01
1.652207784541985518e+02
1.279511526399083579e+02
7.602332871760593491e+01
1.331227199393146066e+02
1.546437952636652255e+02
1.095984764242426479e+02
8.778338765236723873e+01
1.387501514733081081e+02
1.147077010332584166e+02
1.168903214610558479e+02
1.335376816113129621e+02
9.378452138217706135e+01
5.781406378393467094e+01
1.041932091442447046e+02
1.242511770505331299e+02
8.071083098763745056e+01
7.097859015459144416e+01
9.577694646077520702e+01
5.375238312183686418e+01
3.493447554728972193e+01
6.473356361971409001e+01
7.950338892252395340e+01
5.407156792582593852e+01
7.397831919050474880e+01
7.781410802149356698e+01
5.520675388478624512e+01
1.011473225829553968e+02
1.267988197748528165e+02
9.135857441567658555e+01
1.273029012673834188e+02
1.160293828656624555e+02
1.246889422230675422e+02
9.078401435610231829e+01
1.216304777969253195e+02
5.258721385764431488e+01
4.089788573849740061e+01
5.406665544315628580e+01
4.909928723547614027e+01
6.588448887821034816e+01
7.599550103174780702e+01
7.524543177137380212e+01
7.518744043663068055e+01
8.988033853276998286e+01
5.364049831400634361e+01
8.281539473939544393e+01
9.237413053961188325e+01
1.030173390393996300e+02
8.614812430635147678e+01
1.216130557885497439e+02
5.334123091320486765e+01
1.284618976210022367e+02
1.651471490762203018e+02
8.767411973769590361e+01
9.902334797664346411e+01
1.293948143198774972e+02
1.445590021208749931e+02
8.712042816031342340e+01
7.563231750608417769e+01
1.222518660529736536e+02
8.881054068289408576e+01
1.128823343573329794e+02
8.955225245969356251e+01
1.637289913817360798e+02
1.413252694329508472e+02
1.258312850650114427e+02
1.560088206041233150e+02
1.257408701579663131e+02
1.021679962838324229e+02
1.419054411259792232e+02
1.359186709332744840e+02
1.262657741799879858e+02
1.208874687225449804e+02
9.935657000761450774e+01
6.813152180768396704e+01
1.329731197508771174e+02
1.510494393561498612e+02
1.173177687130047673e+02
1.294028203898006097e+02
8.317932770172483004e+01
1.130359972603937422e+02
1.634323746546089353e+02
1.567955516693281197e+02
1.925798599507414508e+02
1.492894063520918166e+02
1.519540241155357023e+02
1.163607091279142622e+02
1.299187047182109609e+02
1.138943631774945970e+02
9.868059458503685732e+01
1.575036603520525205e+02
1.784387111057028790e+02
1.667075401586761529e+02
1.279117613540592515e+02
1.460560651539550179e+02
1.264896458573560949e+02
9.450051519611265860e+01
1.518367257053637616e+02
5.423048828268876775e+01
1.549847741154439120e+02
1.651612419681186168e+02
1.770657086771855973e+02
1.467617245731792082e+02
1.260651585915259574e+02
1.400401414655298140e+02
1.832191536847746249e+02
9.413678492657192010e+01
8.502757149267814896e+01
1.693233830406603033e+02
1.962109824760770209e+02
1.956624741471372033e+02
1.699357115368192126e+02
1.571712004226822614e+02
1.701504575869358860e+02
1.644923182448443981e+02
1.685208968822056192e+02
1.425373995135911684e+02
1.658674316004156424e+02
7.298350170186036223e+01
7.525813595832623548e+01
1.975907004640473303e+02
1.807406871596551809e+02
2.005577083599161767e+02
1.777852218498466641e+02
1.781075290095437254e+02
1.290848498658398000e+02
1.450582561320061927e+02
2.044630371505009236e+02
1.179202019233742789e+02
8.256132455530155312e+01
9.306909962050487195e+01
3.827583294427510907e+01
7.524543177137380212e+01
7.449835981931144602e+01
7.111809272358553358e+01
7.595164407832223219e+01
8.661990420333103202e+01
9.587322180616743594e+01
8.131037852488320539e+01
9.234120364521565705e+01
4.914699765266463061e+01
7.296122341899911135e+01
7.204628992751668193e+01
8.146308281971850818e+01
1.015580266056700083e+02
6.166807566968216747e+01
8.271788934968247986e+01
8.329109459616611844e+01
1.125717124214520908e+02
7.888224580108557404e+01
1.302459191720793115e+02
7.201699772700089852e+01
1.157775329536670341e+02
8.205837231839598189e+01
1.133931423068445667e+02
8.357835388526947895e+01
1.463244395560870998e+02
1.190653467855263443e+02
5.467350868298343158e+01
7.131983253584540705e+01
7.096648040829543902e+01
8.163257874128736091e+01
1.150287019109194944e+02
8.872847189678739710e+01
1.658896361656032354e+02
1.391210013871952640e+02
7.007654982409610511e+01
7.062936708803853492e+01
8.105028996413497566e+01
1.154144918443065251e+02
9.162387332150150598e+01
1.791367560733413882e+02
1.553893649293416672e+02
8.510710595511433496e+01
1.190303494043007788e+02
8.054338753092837067e+01
1.154121556043008354e+02
9.337603879515832261e+01
1.881693501545609308e+02
1.675121106392490731e+02
9.756973939843226162e+01
1.454662524580454317e+02
1.143188507671224414e+02
1.048232441234935806e+02
8.034999398172328711e+01
1.158572405653191453e+02
9.526032029368452925e+01
1.970458771408879386e+02
1.806129538476398579e+02
1.113184802092670935e+02
1.773408543703237115e+02
1.494495368087728480e+02
1.517814963492114373e+02
1.229697825818177250e+02
6.981114585171765441e+01
7.926754627015500887e+01
1.137436590256686060e+02
9.347002423360322609e+01
1.933717266907990791e+02
1.752753714451722828e+02
1.093244597892459495e+02
1.746636147411298055e+02
1.396345549084711877e+02
1.027251060874055213e+02
7.858023361218634761e+01
1.124985811360756713e+02
9.258758252259674748e+01
1.921494218326897112e+02
1.738366418379542324e+02
1.102402945779155772e+02
1.788655899700623308e+02
1.481167215571477414e+02
1.462368498885138024e+02
1.109404848521944871e+02
6.285718442947256790e+01
7.848399224177896372e+01
1.126432628263378888e+02
9.332044122657080720e+01
1.957395375694700306e+02
1.793839816832783072e+02
1.167364146457727401e+02
1.954533339482714211e+02
1.676736590237630367e+02
1.737945214567905623e+02
1.417546248665901771e+02
8.884216667789834787e+01
1.324839620224237251e+02
1.226055102345002439e+02
6.933815143697046324e+01
7.815934157992825249e+01
1.121214203410775383e+02
9.307378415294309093e+01
1.958910258453200015e+02
1.798526590243422163e+02
1.185799060588248182e+02
2.014556221921236556e+02
1.855417291910628990e+02
1.570438534393869929e+02
1.031125604394465256e+02
1.619409445325156867e+02
6.921468210105301466e+01
7.785544048456962685e+01
1.115896528446492226e+02
9.272205836281455049e+01
1.954762894078650959e+02
1.794034486694992268e+02
1.193175887181181878e+02
2.045814460486191706e+02
1.792286210687391019e+02
1.923521683402865676e+02
1.669719926547456623e+02
1.130017547919081409e+02
1.830801963600994782e+02
1.454879185630137215e+02
5.677670250226480420e+01
5.936100932339132896e+01
6.918296869872152399e+01
7.781450061064900581e+01
1.116760674538979004e+02
9.309523368862112136e+01
1.972489516496690385e+02
1.821014126824410084e+02
1.226177282666973554e+02
2.134474621819862818e+02
1.902059705599458823e+02
2.088151120507093879e+02
1.871203895316430987e+02
1.315340725312544521e+02
2.224172621544008166e+02
1.788481755806085687e+02
7.193751374865431103e+01
6.913721945205449515e+01
7.772289244830750476e+01
1.116010037506208334e+02
9.321341906512449782e+01
1.980903932956373978e+02
1.834206177366028214e+02
1.245518602270849584e+02
2.190156354341626468e+02
2.199578033598688478e+02
2.016936293825360167e+02
1.456290832192657376e+02
2.532798612277184702e+02
2.038794774094332638e+02
8.296804028570846867e+01
9.255660266928599356e+01
8.142557822413910174e+01
1.062719240799678175e+02
8.882568105584509510e+01
1.869370942419510015e+02
1.715341123334003441e+02
1.187695596409273406e+02
2.113083826370932741e+02
1.915254378775994724e+02
1.999395653806391522e+02
1.457374974263467777e+02
2.549537857288066220e+02
2.051943498211824135e+02
8.363320797685753405e+01
9.331310212005000437e+01
8.670077456577092789e+01
7.689772354353266337e+01
1.634501335623722582e+02
1.506874236762156727e+02
1.079760867091508203e+02
1.963583325780882944e+02
1.805359843352627536e+02
2.061813740259284771e+02
1.441478442771482378e+02
2.546167409827480412e+02
2.054883622798537317e+02
8.405474725559717797e+01
9.392239352116939699e+01
7.121967117295123728e+01
6.281500934562259175e+01
1.338099115255458571e+02
1.242530416184361286e+02
9.366618441504630255e+01
1.758187555914505822e+02
1.651363839581844104e+02
1.927655479410926205e+02
1.867923638349745659e+02
2.523142713997721671e+02
2.047951772120360090e+02
8.425958773335504759e+01
9.442153269532590798e+01
7.154694627065472901e+01
1.105196224019852593e+02
9.987737689530389673e+01
8.024466104280264744e+01
1.558551769168866201e+02
1.494100571447903008e+02
1.784193303337311534e+02
1.778865175452096139e+02
1.373319674851769037e+02
2.042074394209502941e+02
8.460665044977113780e+01
9.512447306920920198e+01
7.199239968182638449e+01
6.105067892925195139e+01
5.804550441443605280e+01
1.224365095467240678e+02
1.235941850857596620e+02
1.544271712112731052e+02
1.611370113860743629e+02
1.290848498658398000e+02
2.415030710806179002e+02
8.409750678678355484e+01
9.525432429153421765e+01
7.221702748377518333e+01
5.539615652894447351e+01
1.141738869964937209e+02
1.431021817384272765e+02
1.538336965698519236e+02
1.266103815176821712e+02
2.414325611678234509e+02
2.010818892460554821e+02
9.683699341077021927e+01
7.314085440642116964e+01
2.331217178255074884e+01
1.144225566583972977e+02
1.042841782490515783e+02
1.289900232446759105e+02
1.433959558141058324e+02
1.220162489890518742e+02
2.385092632087119000e+02
2.001416654676379494e+02
8.600432352267142733e+01
9.844154356652906301e+01
7.414313392390283752e+01
2.351198732860765972e+01
6.624801613505407261e+01
9.280483692737028889e+01
1.147008207421865791e+02
1.056444070133496211e+02
2.188007782137745778e+02
1.901186241638688443e+02
8.437923226015206524e+01
9.841499756625110251e+01
7.453708261002475410e+01
2.363343433561013640e+01
7.952020467485750999e+01
1.024840096600533315e+02
9.866101931397741964e+01
2.111559435164369063e+02
1.855355582715397702e+02
8.485074565198802077e+01
1.005710879378773797e+02
7.605889157819078150e+01
2.395287574983529311e+01
8.777245244762181642e+01
1.952881482027605102e+02
1.747156949018595355e+02
8.386863873758194643e+01
1.022627395630141223e+02
7.764327560318679389e+01
2.432034506184080058e+01
8.575280599056938513e+01
1.821182422439363222e+02
1.613350680363124638e+02
8.256132455530155312e+01
1.047789506126980825e+02
8.004922601310411778e+01
2.488085962958657049e+01
8.278045517941873754e+01
1.331437633259839686e+02
7.636374489479318584e+01
1.047058322189391788e+02
8.215275508201426646e+01
2.551979744841893805e+01
1.511925505909507592e+02
6.040786678299734547e+01
9.670224220804094273e+01
8.195022825422643109e+01
2.603300763111062821e+01
8.355567377017240460e+01
5.725990880965783703e+01
9.818792753868025613e+01
8.794289442588593886e+01
2.802652999842116088e+01
3.164457213908615074e+01
1.083775185328238138e+02
9.714801263839834178e+01
7.488942029585147964e+01
3.281155848136413056e+01
3.827583294427510907e+01
