1.009063204331128389e+02
1.131208119671851051e+02
8.930535522638537316e+01
1.725869396927056130e+02
1.464679584797895586e+02
1.020736747691423432e+02
1.765604406109374054e+02
1.814709391416407982e+02
9.532076275312604707e+01
7.741821973787915567e+01
1.420861866563056424e+02
1.157109448574861545e+02
8.147434793932339403e+01
1.436424519548273224e+02
1.408025672572052258e+02
1.745586787275057929e+02
7.029493014106827786e+01
1.223590034274134126e+02
1.280370717688064985e+02
1.921850073483166739e+02
6.668738654141577626e+01
1.146464068298328414e+02
8.897785408184265066e+01
6.391033586211247552e+01
1.132360197337808785e+02
1.067838441192367753e+02
1.195624205034760479e+02
1.624072259771654103e+02
1.106321366842291525e+02
1.246278795307656253e+02
1.704424517637368410e+02
1.377017151186838362e+02
1.111785391418198117e+02
1.083872266027941151e+02
1.379687079483540515e+02
1.538544734740445676e+02
1.195279210105127987e+02
8.524136481977144797e+01
6.230223264164594354e+01
1.100039068382445464e+02
1.025950120358932338e+02
1.132310140191252117e+02
1.119953004182648897e+02
1.763230088576319758e+02
9.254328996366962201e+01
9.314888753469786309e+01
1.492008483967913435e+02
7.682356017688164229e+01
8.846759087783685516e+01
1.247676876654597748e+02
1.043257600660800790e+02
3.782685448427067598e+01
6.712012972800216914e+01
6.210813939778016390e+01
6.922969231148060487e+01
7.392826801209851340e+01
9.454344660203037165e+01
9.597183114092594280e+01
1.023299313753830404e+02
2.068610890922141721e+02
1.385462937534732930e+02
1.143504500978689293e+02
1.458038084697395220e+02
1.478494785804862772e+02
1.056418465966752791e+02
1.073446268894514191e+02
1.736475526198498471e+02
6.807823181654148925e+01
1.117922035927936690e+02
1.264336073997664158e+02
1.375847396058595393e+02
1.213167475450086101e+02
2.485851417779697954e+02
1.693787314796612975e+02
2.240293227692174582e+02
1.502821932586325033e+02
1.577115329863680131e+02
1.046648257021563921e+02
2.117326940508966686e+02
1.423476189683845234e+02
1.296170139915192010e+02
1.677649050779711786e+02
1.757799249090551825e+02
1.301796377966709599e+02
1.051282048378309497e+02
1.154703929733756951e+02
1.250686863242843714e+02
1.112241733818976002e+02
2.404753763665421502e+02
1.632005541410297553e+02
1.750086380015930843e+02
8.496985654596926452e+01
1.587363521610301973e+02
1.630839209783472654e+02
1.112146030522147839e+02
1.931176136900790539e+02
1.339891728926325243e+02
1.470912373689303649e+02
7.957666517163980302e+01
1.655358589636984448e+02
1.150050921474263532e+02
5.433816202644034377e+01
6.025241897609170394e+01
6.695286054851740687e+01
6.149764907450731499e+01
1.339824984797194816e+02
1.146016051830505376e+02
7.876478197605453602e+01
9.772819139244754183e+01
1.563401061325415071e+02
1.389348927636876283e+02
8.486430479759471268e+01
1.601854654595587988e+02
1.623739025255977424e+02
1.119655667768021914e+02
1.787745091117017751e+02
1.226253498271862412e+02
1.351455645627369790e+02
8.368835026381439945e+01
9.739055979186427692e+01
9.346140003617556147e+01
2.043382382088686029e+02
1.743996411687063528e+02
9.053917455528687697e+01
1.737844557405377941e+02
1.662816914368291350e+02
1.574836062339265368e+02
1.424811976825035345e+02
7.936323826784965263e+01
1.517336336726301056e+02
1.615890328675293972e+02
1.133640700775782335e+02
8.660208429996902169e+01
8.665378026240685472e+01
1.851800080547841958e+02
1.542737150405704369e+02
8.103298911927326742e+01
1.513651691614013828e+02
1.385579599515526183e+02
1.000958251994091199e+02
1.604605097943595524e+02
1.494037928328219493e+02
1.379548989615156245e+02
7.663043542462533253e+01
1.496516098149118932e+02
8.389793993888969226e+01
1.725347490905861321e+02
1.388494606162895479e+02
7.411657216350914723e+01
1.403829370208059402e+02
1.531071068845451464e+02
1.151265359435821409e+02
9.165692408954595294e+01
1.428109436339671845e+02
1.249571735365316130e+02
1.179835861160129298e+02
1.469943229276855163e+02
1.109799199314438880e+02
6.026752579919502750e+01
1.161493578488931178e+02
1.274808830861661306e+02
8.193471788871001138e+01
7.116380246987220914e+01
9.830468313844033901e+01
3.740476701590574038e+01
7.380379444275506273e+01
8.162619063457005097e+01
5.380110962785308715e+01
8.061919961252257849e+01
8.143806150876868344e+01
1.314583143425007279e+02
1.438427193312850250e+02
9.720628049034344542e+01
1.468148832588437642e+02
1.299209374775151957e+02
1.258891424081701444e+02
8.390528092333022414e+01
1.233656998357460850e+02
5.680109094355638177e+01
3.788753391385177594e+01
5.455870440870018001e+01
5.587022465034111463e+01
9.843144210370844860e+01
9.228265534137076997e+01
1.070926939371419166e+02
6.239082934948812920e+01
9.134827509160430736e+01
1.086032029579923517e+02
1.140169574527037781e+02
9.823416585572425674e+01
1.341682387940826118e+02
6.289720567962211817e+01
1.388459073791465528e+02
1.778512064821647982e+02
9.715882416055255533e+01
1.115858087126189844e+02
1.407637098419702113e+02
1.572408635613606975e+02
9.435148238003877452e+01
8.641108390112519544e+01
1.324341711694365529e+02
9.620990067495048947e+01
1.256324554552994215e+02
9.717682244081564136e+01
1.756765800854392126e+02
1.522853930831637683e+02
1.379233423162307020e+02
1.663987177413909535e+02
1.369478961628245770e+02
1.132184120134210161e+02
1.544003005248342220e+02
1.450392242899635846e+02
1.348426981616830744e+02
1.352543749568769726e+02
1.082822011585978288e+02
7.598681767635294193e+01
1.412445635515546201e+02
1.634526541452312358e+02
1.253009990533886509e+02
1.343357072762810560e+02
8.910288423362830201e+01
1.270529839965356871e+02
1.740823627500727184e+02
1.693874103394853705e+02
2.034102818169488387e+02
1.580315153949939031e+02
1.625345119938387484e+02
1.229802140952637899e+02
1.373335504701717582e+02
1.284158763786808493e+02
1.101958408160141261e+02
1.661254559257289429e+02
1.893124841447549613e+02
1.856377917890392268e+02
1.336447733164089016e+02
1.501098886733002473e+02
1.347361073650439494e+02
9.779745788524439831e+01
1.607010163467836321e+02
5.942567764050387780e+01
1.625011904310811133e+02
1.745535327182745391e+02
1.821702663432436395e+02
1.535355839143549872e+02
1.297919321158483399e+02
1.465596775859667105e+02
1.971453564413029369e+02
9.883936369066087479e+01
9.943880426119609695e+01
1.769185249982930941e+02
2.059849872019728707e+02
2.080137713725642357e+02
1.787928776393832777e+02
1.611085415328169006e+02
1.752361047573103576e+02
1.714239597099548291e+02
1.775547930119878401e+02
1.518745501586098499e+02
1.738404087037709473e+02
8.387790360027413783e+01
9.220636751338180659e+01
2.060523297548610060e+02
1.876332462792377100e+02
2.045201104444147688e+02
1.820176698126240638e+02
1.833291339262800932e+02
1.293129638878628782e+02
1.506503842096562664e+02
2.133629244211706180e+02
1.313008419837849203e+02
8.394668072491917599e+01
1.250854846360920476e+02
6.243148184483953855e+01
9.843144210370844860e+01
9.999966302336204649e+01
8.796296282358298413e+01
1.032511420982872039e+02
1.091696831293182441e+02
1.129827483790631817e+02
1.073407195368107665e+02
1.042675969116813803e+02
5.589113638352561964e+01
1.008804676952202186e+02
1.004145688337594748e+02
1.101706854844669294e+02
1.138088702329477115e+02
6.599858909238021454e+01
9.670072384163611900e+01
1.267050058199512819e+02
8.364166858520793824e+01
1.440897462683139736e+02
1.007603275812600288e+02
1.305729378530801057e+02
1.290888568975040869e+02
8.916085153883892644e+01
1.597040264947359560e+02
1.312593401619829763e+02
1.002648867124786136e+02
1.314400292472310525e+02
9.456958083799084136e+01
1.789035611923753208e+02
1.516353787151481924e+02
7.814613255109804868e+01
9.998996249354800625e+01
9.972655401172048073e+01
1.142267208432716217e+02
1.325099761350436154e+02
9.783529655034840289e+01
1.920134606339324534e+02
1.680010686114031841e+02
9.291232613506086579e+01
1.294745804290533897e+02
1.330511517273385209e+02
9.993096788684889020e+01
2.010713547247106590e+02
1.805153674504122705e+02
1.056859646217267397e+02
1.570417574771137765e+02
1.307831886919628062e+02
1.094706371163483567e+02
1.339753736444069432e+02
1.021635057263278128e+02
2.103331332042566828e+02
1.943452487728684446e+02
1.200563848251452441e+02
1.902647481286367110e+02
1.578662941439928318e+02
9.902692844387486559e+01
1.132875480805147674e+02
1.321394273648036517e+02
1.005259890056080962e+02
2.058381353532785738e+02
1.877634677582239817e+02
1.168781948861204683e+02
1.852994621995143518e+02
1.446105327667119980e+02
1.312409873195786929e+02
9.991586919846926662e+01
2.045255601931452816e+02
1.859376238017349863e+02
1.172566697897065637e+02
1.880470071280027753e+02
1.478660547024377081e+02
1.153818294205823918e+02
6.597797163908107621e+01
1.317545255748120212e+02
1.009976081350721984e+02
2.088506198094328852e+02
1.925066474904274685e+02
1.245801209858904883e+02
2.062936731752974993e+02
1.866295226532370179e+02
1.768106476746563658e+02
1.473476111659460344e+02
9.256819018332886628e+01
1.540034399106119736e+02
1.314313124868169780e+02
1.009060760730725121e+02
2.089814890590613174e+02
1.928190076035855611e+02
1.262131560222515532e+02
2.117454252060285569e+02
1.600464768637347959e+02
1.036739452797252312e+02
1.751938378928803957e+02
9.854132796013614382e+01
1.124668680578501210e+02
1.310902119469623415e+02
1.007235907725190032e+02
2.086877255675336187e+02
1.924671484982727350e+02
1.270047340634338582e+02
2.150561055740244853e+02
1.948752038698817159e+02
1.699056299931822025e+02
1.129083357640716798e+02
1.940514644543588929e+02
1.436701948576085783e+02
5.633208081152334756e+01
9.852165184432821832e+01
1.124969414099020071e+02
1.312844693113743233e+02
1.011758553125928444e+02
2.105048033971143298e+02
1.952301556106440898e+02
1.303692052769317797e+02
2.241074872951975010e+02
1.904535165562788848e+02
1.314963677030975475e+02
2.355860878567419547e+02
1.801177566863729567e+02
9.846942097096747659e+01
1.124177255994656264e+02
1.311991505872163657e+02
1.012338970811177177e+02
2.109151175250945585e+02
1.959006585144036308e+02
1.317321146552015421e+02
2.284323547570630808e+02
2.032538152186363618e+02
1.439559985507606825e+02
2.643905628515420290e+02
2.049453846443180112e+02
8.590859346706228905e+01
1.047927130659720376e+02
1.223388499664770279e+02
9.668267045103876001e+01
1.992535771390801926e+02
1.837920441319262466e+02
1.258989131018186924e+02
2.209331012451614811e+02
2.113151636736219814e+02
1.446510216387655703e+02
2.666031357283662828e+02
2.064759599688283913e+02
8.648260223912205902e+01
1.044425174864955892e+02
8.727388227991598058e+01
1.775977415985392440e+02
1.633559279389628500e+02
1.152715201119894601e+02
2.062984190653226619e+02
2.001876131503308329e+02
2.105096080534021326e+02
2.668019115985990197e+02
2.070392919799432434e+02
8.682633765563362260e+01
1.263193196600714003e+02
7.368318260137785103e+01
1.469744544174889995e+02
1.354152701988894023e+02
1.001087360353491533e+02
1.846708913198122559e+02
1.833179895023092172e+02
1.977715200590787958e+02
1.909448010409594758e+02
2.065052793390284478e+02
8.691605920693079668e+01
1.266250202368002959e+02
1.288575974018008878e+02
1.110964216499780548e+02
8.605153330812372303e+01
1.630695371195492669e+02
1.652274334182060045e+02
1.833848131995503934e+02
1.819920327133520175e+02
1.374701999274415698e+02
8.701401116277291692e+01
1.269974517494446360e+02
7.035002140382421487e+01
6.281100888868169108e+01
1.278456204257327613e+02
1.361621923787755009e+02
1.589653604188440283e+02
1.649568000981514899e+02
1.293129638878628782e+02
2.528579702326229039e+02
1.267203597121231837e+02
1.273643479368888620e+02
1.500998799060236024e+02
1.594462816792610624e+02
1.281724240699673203e+02
2.539016305768178370e+02
2.032669098001617272e+02
1.251285239996759486e+02
1.284669107267905588e+02
1.168064265413391496e+02
1.378613912874948824e+02
1.504831847611465605e+02
1.250243054524258923e+02
2.522253753113461414e+02
2.034105509831472887e+02
8.790395749121267954e+01
7.594803820326798416e+01
1.014489812517191183e+02
1.218165802209916677e+02
1.094357926413172635e+02
2.325523629434237876e+02
1.941693131680218869e+02
8.619048428837183451e+01
1.286618334012081277e+02
8.986310779762148115e+01
1.105292719322795705e+02
1.041675423888194558e+02
2.261853654246601479e+02
1.913486986406780375e+02
8.654104239888698658e+01
1.302079330941629109e+02
1.265279917128032423e+02
2.134127155142107313e+02
1.839363544142990463e+02
8.591220577328024888e+01
1.313825059489366254e+02
1.273369899843815176e+02
9.501566017007729670e+01
1.955076752530576698e+02
1.710356834889822437e+02
8.394668072491917599e+01
1.321163754641036689e+02
1.281421922859519782e+02
8.830431311363415148e+01
1.459721876827955214e+02
7.801652142578015514e+01
1.301211751767432645e+02
1.281107771935007520e+02
1.646245417497739822e+02
6.237806679562363144e+01
1.188460142812609632e+02
1.245370916161727877e+02
9.664577682207065834e+01
6.457628814789997307e+01
1.230571524663555323e+02
1.271166936994419387e+02
1.269772122762281299e+02
1.268093001102546680e+02
9.184629641191450844e+01
6.243148184483953855e+01
