21
# x y z
32	0	0
32.25	0	0
32.5	0	0
32.75	0	0
33	0	0
33.25	0	0
33.5	0	0
33.75	0	0
34	0	0
34.25	0	0
34.5	0	0
34.75	0	0
35	0	0
35.25	0	0
35.5	0	0
35.75	0	0
36	0	0
36.25	0	0
36.5	0	0
36.75	0	0
37	0	0
560
# a b m n rhoa k err ip iperr
1	2	3	4	9.16339929047540e+01	-4.71394949841575e+00	3.00000000000000e-02	0.00000000000000e+00	0.00000000000000e+00
1	2	4	5	9.07393725134061e+01	-1.88142371542090e+01	3.00000000000000e-02	0.00000000000000e+00	0.00000000000000e+00
1	2	5	6	8.51434414802295e+01	-4.70889651687533e+01	3.00000000000000e-02	0.00000000000000e+00	0.00000000000000e+00
1	2	6	7	9.21969165023712e+01	-9.44046639740688e+01	3.00000000000000e-02	0.00000000000000e+00	0.00000000000000e+00
1	2	7	8	9.19120529960628e+01	-1.65368040467689e+02	3.00000000000000e-02	0.00000000000000e+00	0.00000000000000e+00
1	2	8	9	6.15325502653020e+01	-2.64438892201684e+02	3.00000000000000e-02	0.00000000000000e+00	0.00000000000000e+00
1	2	9	11	8.42015191442770e+01	-2.33090887595960e+02	3.00000000000000e-02	0.00000000000000e+00	0.00000000000000e+00
1	2	11	14	6.27511613680425e+01	-3.34196964152607e+02	3.00000000000000e-02	0.00000000000000e+00	0.00000000000000e+00
2	3	4	5	8.00986261727979e+01	-4.72040275407505e+00	3.00000000000000e-02	0.00000000000000e+00	0.00000000000000e+00
2	3	5	6	5.86484164324172e+01	-1.88271376303866e+01	3.00000000000000e-02	0.00000000000000e+00	0.00000000000000e+00
2	3	6	7	6.89295467535974e+01	-4.71049030653565e+01	3.00000000000000e-02	0.00000000000000e+00	0.00000000000000e+00
2	3	7	8	6.83657169682132e+01	-9.44567491250262e+01	3.00000000000000e-02	0.00000000000000e+00	0.00000000000000e+00
2	3	8	9	4.89244139284051e+01	-1.65409798356211e+02	3.00000000000000e-02	0.00000000000000e+00	0.00000000000000e+00
2	3	9	10	6.02318866534275e+01	-2.64531130308914e+02	3.00000000000000e-02	0.00000000000000e+00	0.00000000000000e+00
2	3	10	12	5.81423165883111e+01	-2.33141862768203e+02	3.00000000000000e-02	0.00000000000000e+00	0.00000000000000e+00
2	3	12	15	5.77861193065271e+01	-3.34245997666235e+02	3.00000000000000e-02	0.00000000000000e+00	0.00000000000000e+00
2	4	8	9	4.20996372227801e+01	-6.01196651873866e+01	3.00000000000000e-02	0.00000000000000e+00	0.00000000000000e+00
2	4	9	11	5.78307035621281e+01	-6.20050044732782e+01	3.00000000000000e-02	0.00000000000000e+00	0.00000000000000e+00
2	4	11	14	4.55387211990787e+01	-1.04259610512976e+02	3.00000000000000e-02	0.00000000000000e+00	0.00000000000000e+00
2	4	14	18	5.92972395440403e+01	-2.03014336779968e+02	3.00000000000000e-02	0.00000000000000e+00	0.00000000000000e+00
3	4	5	6	4.89011990833422e+01	-4.71887204193249e+00	3.00000000000000e-02	0.00000000000000e+00	0.00000000000000e+00
3	4	6	7	5.87606697880213e+01	-1.88200361881282e+01	3.00000000000000e-02	0.00000000000000e+00	0.00000000000000e+00
3	4	7	8	5.74028035160896e+01	-4.71179068162406e+01	3.00000000000000e-02	0.00000000000000e+00	0.00000000000000e+00
3	4	8	9	4.05712126127075e+01	-9.44474225323991e+01	3.00000000000000e-02	0.00000000000000e+00	0.00000000000000e+00
3	4	9	10	5.37172519496457e+01	-1.65429939514727e+02	3.00000000000000e-02	0.00000000000000e+00	0.00000000000000e+00
3	4	10	11	6.50376860143279e+01	-2.64534611641433e+02	3.00000000000000e-02	0.00000000000000e+00	0.00000000000000e+00
3	4	11	13	4.01174547721302e+01	-2.33144776122242e+02	3.00000000000000e-02	0.00000000000000e+00	0.00000000000000e+00
3	4	13	16	6.43450960030717e+01	-3.34249820800763e+02	3.00000000000000e-02	0.00000000000000e+00	0.00000000000000e+00
2	5	10	11	6.68028062243320e+01	-8.09872344073777e+01	3.00000000000000e-02	0.00000000000000e+00	0.00000000000000e+00
2	5	11	13	4.10532880284829e+01	-7.32912509724960e+01	3.00000000000000e-02	0.00000000000000e+00	0.00000000000000e+00
2	5	13	16	6.56224078510542e+01	-1.07553033485846e+02	3.00000000000000e-02	0.00000000000000e+00	0.00000000000000e+00
2	5	16	20	5.50607471324573e+01	-1.87691309364181e+02	3.00000000000000e-02	0.00000000000000e+00	0.00000000000000e+00
3	5	9	10	5.46105351458285e+01	-6.01267429216934e+01	3.00000000000000e-02	0.00000000000000e+00	0.00000000000000e+00
3	5	10	12	5.85702083939396e+01	-6.20047113609330e+01	3.00000000000000e-02	0.00000000000000e+00	0.00000000000000e+00
3	5	12	15	5.24797627369665e+01	-1.04258905628112e+02	3.00000000000000e-02	0.00000000000000e+00	0.00000000000000e+00
3	5	15	19	5.18958270057773e+01	-2.03015460169300e+02	3.00000000000000e-02	0.00000000000000e+00	0.00000000000000e+00
4	5	6	7	6.54640165104474e+01	-4.70446318156615e+00	3.00000000000000e-02	0.00000000000000e+00	0.00000000000000e+00
4	5	7	8	5.77469299495112e+01	-1.88268780440886e+01	3.00000000000000e-02	0.00000000000000e+00	0.00000000000000e+00
4	5	8	9	4.02418233722430e+01	-4.71044742215858e+01	3.00000000000000e-02	0.00000000000000e+00	0.00000000000000e+00
4	5	9	10	5.52973196484660e+01	-9.44583238360241e+01	3.00000000000000e-02	0.00000000000000e+00	0.00000000000000e+00
4	5	10	11	6.82892360607875e+01	-1.65425343525563e+02	3.00000000000000e-02	0.00000000000000e+00	0.00000000000000e+00
4	5	11	12	4.64640353336880e+01	-2.64533777412895e+02	3.00000000000000e-02	0.00000000000000e+00	0.00000000000000e+00
4	5	12	14	4.61109130567266e+01	-2.33142446439107e+02	3.00000000000000e-02	0.00000000000000e+00	0.00000000000000e+00
4	5	14	17	6.00321654441281e+01	-3.34245513455238e+02	3.00000000000000e-02	0.00000000000000e+00	0.00000000000000e+00
3	6	11	12	4.11744796897430e+01	-8.09901073582297e+01	3.00000000000000e-02	0.00000000000000e+00	0.00000000000000e+00
3	6	12	14	4.24647446988701e+01	-7.32921602010219e+01	3.00000000000000e-02	0.00000000000000e+00	0.00000000000000e+00
3	6	14	17	5.51657241008032e+01	-1.07552925913556e+02	3.00000000000000e-02	0.00000000000000e+00	0.00000000000000e+00
4	6	10	11	6.18315082844459e+01	-6.01286645056460e+01	3.00000000000000e-02	0.00000000000000e+00	0.00000000000000e+00
4	6	11	13	3.81138477494157e+01	-6.20062012133438e+01	3.00000000000000e-02	0.00000000000000e+00	0.00000000000000e+00
4	6	13	16	5.97017729489432e+01	-1.04260536985097e+02	3.00000000000000e-02	0.00000000000000e+00	0.00000000000000e+00
4	6	16	20	5.03949788398389e+01	-2.03015641979434e+02	3.00000000000000e-02	0.00000000000000e+00	0.00000000000000e+00
5	6	7	8	4.83321461072775e+01	-4.72612071531863e+00	3.00000000000000e-02	0.00000000000000e+00	0.00000000000000e+00
5	6	8	9	3.85260448819318e+01	-1.88245975637071e+01	3.00000000000000e-02	0.00000000000000e+00	0.00000000000000e+00
5	6	9	10	5.23749883443046e+01	-4.71235409417554e+01	3.00000000000000e-02	0.00000000000000e+00	0.00000000000000e+00
5	6	10	11	5.83248785215273e+01	-9.44645650191719e+01	3.00000000000000e-02	0.00000000000000e+00	0.00000000000000e+00
5	6	11	12	3.95240274643318e+01	-1.65436182397960e+02	3.00000000000000e-02	0.00000000000000e+00	0.00000000000000e+00
5	6	12	13	3.12787315257480e+01	-2.64538194045518e+02	3.00000000000000e-02	0.00000000000000e+00	0.00000000000000e+00
5	6	13	15	5.87087851115377e+01	-2.33148080932523e+02	3.00000000000000e-02	0.00000000000000e+00	0.00000000000000e+00
5	6	15	18	4.60820948252331e+01	-3.34252787672327e+02	3.00000000000000e-02	0.00000000000000e+00	0.00000000000000e+00
2	7	13	14	5.90571117818678e+01	-9.69066014605090e+01	3.00000000000000e-02	0.00000000000000e+00	0.00000000000000e+00
2	7	14	16	5.95572415575905e+01	-7.92224790995015e+01	3.00000000000000e-02	0.00000000000000e+00	0.00000000000000e+00
2	7	16	19	4.99204272917773e+01	-1.03542498919943e+02	3.00000000000000e-02	0.00000000000000e+00	0.00000000000000e+00
4	7	12	13	3.08351897996004e+01	-8.09864602282377e+01	3.00000000000000e-02	0.00000000000000e+00	0.00000000000000e+00
4	7	13	15	5.98293157840567e+01	-7.32912288200341e+01	3.00000000000000e-02	0.00000000000000e+00	0.00000000000000e+00
4	7	15	18	4.69136948905481e+01	-1.07553101486615e+02	3.00000000000000e-02	0.00000000000000e+00	0.00000000000000e+00
5	7	11	12	3.96535245664722e+01	-6.01271953444190e+01	3.00000000000000e-02	0.00000000000000e+00	0.00000000000000e+00
5	7	12	14	3.98311225167778e+01	-6.20044840553148e+01	3.00000000000000e-02	0.00000000000000e+00	0.00000000000000e+00
5	7	14	17	5.02964682352037e+01	-1.04258239125089e+02	3.00000000000000e-02	0.00000000000000e+00	0.00000000000000e+00
6	7	8	9	3.14063757197545e+01	-4.70443366069262e+00	3.00000000000000e-02	0.00000000000000e+00	0.00000000000000e+00
6	7	9	10	5.12465842842784e+01	-1.88286803923528e+01	3.00000000000000e-02	0.00000000000000e+00	0.00000000000000e+00
6	7	10	11	5.95750847295050e+01	-4.71142957812737e+01	3.00000000000000e-02	0.00000000000000e+00	0.00000000000000e+00
6	7	11	12	3.98848282394966e+01	-9.44574051502340e+01	3.00000000000000e-02	0.00000000000000e+00	0.00000000000000e+00
6	7	12	13	2.95980951115106e+01	-1.65420872939151e+02	3.00000000000000e-02	0.00000000000000e+00	0.00000000000000e+00
6	7	13	14	5.39721877176141e+01	-2.64533239151558e+02	3.00000000000000e-02	0.00000000000000e+00	0.00000000000000e+00
6	7	14	16	5.27888197337159e+01	-2.33138361298414e+02	3.00000000000000e-02	0.00000000000000e+00	0.00000000000000e+00
6	7	16	19	4.22672399811709e+01	-3.34244638302420e+02	3.00000000000000e-02	0.00000000000000e+00	0.00000000000000e+00
3	8	14	15	6.14210927018550e+01	-9.69043732437855e+01	3.00000000000000e-02	0.00000000000000e+00	0.00000000000000e+00
3	8	15	17	4.24819236549635e+01	-7.92237683946603e+01	3.00000000000000e-02	0.00000000000000e+00	0.00000000000000e+00
3	8	17	20	5.10413735339376e+01	-1.03543539320610e+02	3.00000000000000e-02	0.00000000000000e+00	0.00000000000000e+00
5	8	13	14	5.52866943332015e+01	-8.09913119695316e+01	3.00000000000000e-02	0.00000000000000e+00	0.00000000000000e+00
5	8	14	16	5.24718979395968e+01	-7.32916319538236e+01	3.00000000000000e-02	0.00000000000000e+00	0.00000000000000e+00
5	8	16	19	4.16845820984074e+01	-1.07553408532649e+02	3.00000000000000e-02	0.00000000000000e+00	0.00000000000000e+00
6	8	12	13	3.13703874658616e+01	-6.01279739516291e+01	3.00000000000000e-02	0.00000000000000e+00	0.00000000000000e+00
6	8	13	15	5.62848982103781e+01	-6.20062113297766e+01	3.00000000000000e-02	0.00000000000000e+00	0.00000000000000e+00
6	8	15	18	4.12203304390929e+01	-1.04260508649336e+02	3.00000000000000e-02	0.00000000000000e+00	0.00000000000000e+00
7	8	9	10	8.31805367178652e+01	-4.73313209312939e+00	3.00000000000000e-02	0.00000000000000e+00	0.00000000000000e+00
7	8	10	11	7.81738412903788e+01	-1.88370701904527e+01	3.00000000000000e-02	0.00000000000000e+00	0.00000000000000e+00
7	8	11	12	4.76609279657937e+01	-4.71260473286139e+01	3.00000000000000e-02	0.00000000000000e+00	0.00000000000000e+00
7	8	12	13	3.36884320270113e+01	-9.44643184372741e+01	3.00000000000000e-02	0.00000000000000e+00	0.00000000000000e+00
7	8	13	14	5.83203266805108e+01	-1.65439756608932e+02	3.00000000000000e-02	0.00000000000000e+00	0.00000000000000e+00
7	8	14	15	5.97664922508728e+01	-2.64534270422708e+02	3.00000000000000e-02	0.00000000000000e+00	0.00000000000000e+00
7	8	15	17	4.01478584871204e+01	-2.33149389000572e+02	3.00000000000000e-02	0.00000000000000e+00	0.00000000000000e+00
7	8	17	20	4.59419035029703e+01	-3.34254205309506e+02	3.00000000000000e-02	0.00000000000000e+00	0.00000000000000e+00
2	9	16	17	3.44560223954835e+01	-1.20040769783175e+02	3.00000000000000e-02	0.00000000000000e+00	0.00000000000000e+00
2	9	17	19	4.28606685892185e+01	-9.15837993419115e+01	3.00000000000000e-02	0.00000000000000e+00	0.00000000000000e+00
4	9	15	16	3.75129630615790e+01	-9.69061783118293e+01	3.00000000000000e-02	0.00000000000000e+00	0.00000000000000e+00
4	9	16	18	3.58391941545030e+01	-7.92220724962434e+01	3.00000000000000e-02	0.00000000000000e+00	0.00000000000000e+00
6	9	14	15	4.63028042896702e+01	-8.09830790414671e+01	3.00000000000000e-02	0.00000000000000e+00	0.00000000000000e+00
6	9	15	17	3.13177526784816e+01	-7.32906460628764e+01	3.00000000000000e-02	0.00000000000000e+00	0.00000000000000e+00
6	9	17	20	3.60614880718020e+01	-1.07552806582348e+02	3.00000000000000e-02	0.00000000000000e+00	0.00000000000000e+00
7	9	13	14	4.30679334106186e+01	-6.01260563548188e+01	3.00000000000000e-02	0.00000000000000e+00	0.00000000000000e+00
7	9	14	16	3.82041736445695e+01	-6.20025506629969e+01	3.00000000000000e-02	0.00000000000000e+00	0.00000000000000e+00
7	9	16	19	2.87724833805308e+01	-1.04257949591378e+02	3.00000000000000e-02	0.00000000000000e+00	0.00000000000000e+00
8	9	10	11	5.23980332537175e+01	-4.71956560836201e+00	3.00000000000000e-02	0.00000000000000e+00	0.00000000000000e+00
8	9	11	12	3.01577915135995e+01	-1.88268511493582e+01	3.00000000000000e-02	0.00000000000000e+00	0.00000000000000e+00
8	9	12	13	2.04931778526584e+01	-4.71081546136727e+01	3.00000000000000e-02	0.00000000000000e+00	0.00000000000000e+00
8	9	13	14	3.56811052227642e+01	-9.44534291853225e+01	3.00000000000000e-02	0.00000000000000e+00	0.00000000000000e+00
8	9	14	15	3.43131585297275e+01	-1.65410057363842e+02	3.00000000000000e-02	0.00000000000000e+00	0.00000000000000e+00
8	9	15	16	2.38409863965501e+01	-2.64528333502171e+02	3.00000000000000e-02	0.00000000000000e+00	0.00000000000000e+00
8	9	16	18	2.18009957273545e+01	-2.33134561982136e+02	3.00000000000000e-02	0.00000000000000e+00	0.00000000000000e+00
8	9	18	21	2.78018467298604e+01	-3.34242380920360e+02	3.00000000000000e-02	0.00000000000000e+00	0.00000000000000e+00
3	10	17	18	4.04308718461031e+01	-1.20044156312658e+02	3.00000000000000e-02	0.00000000000000e+00	0.00000000000000e+00
3	10	18	20	3.67653693051609e+01	-9.15834937267516e+01	3.00000000000000e-02	0.00000000000000e+00	0.00000000000000e+00
5	10	16	17	2.63071964725429e+01	-9.69025326727945e+01	3.00000000000000e-02	0.00000000000000e+00	0.00000000000000e+00
5	10	17	19	3.28657328350608e+01	-7.92235537716483e+01	3.00000000000000e-02	0.00000000000000e+00	0.00000000000000e+00
7	10	15	16	2.75960839261349e+01	-8.09886832368813e+01	3.00000000000000e-02	0.00000000000000e+00	0.00000000000000e+00
7	10	16	18	2.58928489654317e+01	-7.32900141396283e+01	3.00000000000000e-02	0.00000000000000e+00	0.00000000000000e+00
8	10	14	15	3.47588124118391e+01	-6.01202314463061e+01	3.00000000000000e-02	0.00000000000000e+00	0.00000000000000e+00
8	10	15	17	2.24436490558389e+01	-6.20038264170679e+01	3.00000000000000e-02	0.00000000000000e+00	0.00000000000000e+00
8	10	17	20	2.42091606744479e+01	-1.04259053214218e+02	3.00000000000000e-02	0.00000000000000e+00	0.00000000000000e+00
9	10	11	12	2.63471330673762e+01	-4.72230930232632e+00	3.00000000000000e-02	0.00000000000000e+00	0.00000000000000e+00
9	10	12	13	2.12746198037754e+01	-1.88242652023814e+01	3.00000000000000e-02	0.00000000000000e+00	0.00000000000000e+00
9	10	13	14	3.77426877326887e+01	-4.71156957904595e+01	3.00000000000000e-02	0.00000000000000e+00	0.00000000000000e+00
9	10	14	15	3.51066894811600e+01	-9.44487356266461e+01	3.00000000000000e-02	0.00000000000000e+00	0.00000000000000e+00
9	10	15	16	2.43728313079900e+01	-1.65430199606258e+02	3.00000000000000e-02	0.00000000000000e+00	0.00000000000000e+00
9	10	16	17	2.02004201986039e+01	-2.64523202898222e+02	3.00000000000000e-02	0.00000000000000e+00	0.00000000000000e+00
9	10	17	19	2.37648106261710e+01	-2.33146055921859e+02	3.00000000000000e-02	0.00000000000000e+00	0.00000000000000e+00
4	11	18	19	3.06374298125109e+01	-1.20044157592767e+02	3.00000000000000e-02	0.00000000000000e+00	0.00000000000000e+00
6	11	17	18	3.13327625281719e+01	-9.69058507298131e+01	3.00000000000000e-02	0.00000000000000e+00	0.00000000000000e+00
6	11	18	20	2.95957777588780e+01	-7.92229098198975e+01	3.00000000000000e-02	0.00000000000000e+00	0.00000000000000e+00
8	11	16	17	2.10322226580517e+01	-8.09828681695560e+01	3.00000000000000e-02	0.00000000000000e+00	0.00000000000000e+00
8	11	17	19	2.48206095580889e+01	-7.32915098450608e+01	3.00000000000000e-02	0.00000000000000e+00	0.00000000000000e+00
9	11	15	16	2.66793384380984e+01	-6.01265177095879e+01	3.00000000000000e-02	0.00000000000000e+00	0.00000000000000e+00
9	11	16	18	2.36008514500597e+01	-6.20025889089245e+01	3.00000000000000e-02	0.00000000000000e+00	0.00000000000000e+00
10	11	12	13	2.42589052743492e+01	-4.71234283051489e+00	3.00000000000000e-02	0.00000000000000e+00	0.00000000000000e+00
10	11	13	14	4.55862600623627e+01	-1.88254732822205e+01	3.00000000000000e-02	0.00000000000000e+00	0.00000000000000e+00
10	11	14	15	3.97383371304538e+01	-4.71047693861351e+01	3.00000000000000e-02	0.00000000000000e+00	0.00000000000000e+00
10	11	15	16	2.80449584359577e+01	-9.44576832183953e+01	3.00000000000000e-02	0.00000000000000e+00	0.00000000000000e+00
10	11	16	17	2.22977331686394e+01	-1.65414677917785e+02	3.00000000000000e-02	0.00000000000000e+00	0.00000000000000e+00
10	11	17	18	2.76300262081012e+01	-2.64533798714204e+02	3.00000000000000e-02	0.00000000000000e+00	0.00000000000000e+00
10	11	18	20	2.64432722200651e+01	-2.33142647482081e+02	3.00000000000000e-02	0.00000000000000e+00	0.00000000000000e+00
5	12	19	20	3.07028179840292e+01	-1.20042139853966e+02	3.00000000000000e-02	0.00000000000000e+00	0.00000000000000e+00
7	12	18	19	2.17259839638734e+01	-9.69066391483904e+01	3.00000000000000e-02	0.00000000000000e+00	0.00000000000000e+00
9	12	17	18	2.24082390144476e+01	-8.09888537223018e+01	3.00000000000000e-02	0.00000000000000e+00	0.00000000000000e+00
9	12	18	20	2.14314938414868e+01	-7.32916134025278e+01	3.00000000000000e-02	0.00000000000000e+00	0.00000000000000e+00
10	12	16	17	1.75946808588799e+01	-6.01215124409875e+01	3.00000000000000e-02	0.00000000000000e+00	0.00000000000000e+00
10	12	17	19	2.05470145190554e+01	-6.20056990734169e+01	3.00000000000000e-02	0.00000000000000e+00	0.00000000000000e+00
11	12	13	14	3.57882146807338e+01	-4.71905950092484e+00	3.00000000000000e-02	0.00000000000000e+00	0.00000000000000e+00
11	12	14	15	2.75138694759317e+01	-1.88204947472359e+01	3.00000000000000e-02	0.00000000000000e+00	0.00000000000000e+00
11	12	15	16	1.97120055656578e+01	-4.71184548001860e+01	3.00000000000000e-02	0.00000000000000e+00	0.00000000000000e+00
11	12	16	17	1.55093208537758e+01	-9.44503906908142e+01	3.00000000000000e-02	0.00000000000000e+00	0.00000000000000e+00
11	12	17	18	1.81884692218101e+01	-1.65430931746586e+02	3.00000000000000e-02	0.00000000000000e+00	0.00000000000000e+00
11	12	18	19	1.60650424617172e+01	-2.64539201785610e+02	3.00000000000000e-02	0.00000000000000e+00	0.00000000000000e+00
11	12	19	21	2.05218367394860e+01	-2.33140960853387e+02	3.00000000000000e-02	0.00000000000000e+00	0.00000000000000e+00
8	13	19	20	2.02662510013159e+01	-9.69037238632670e+01	3.00000000000000e-02	0.00000000000000e+00	0.00000000000000e+00
10	13	18	19	1.51034570590315e+01	-8.09888950443538e+01	3.00000000000000e-02	0.00000000000000e+00	0.00000000000000e+00
11	13	17	18	1.52632205504733e+01	-6.01269275181141e+01	3.00000000000000e-02	0.00000000000000e+00	0.00000000000000e+00
11	13	18	20	1.36709690326588e+01	-6.20049211847627e+01	3.00000000000000e-02	0.00000000000000e+00	0.00000000000000e+00
12	13	14	15	1.85809781030933e+01	-4.70452149663088e+00	3.00000000000000e-02	0.00000000000000e+00	0.00000000000000e+00
12	13	15	16	1.52019591025857e+01	-1.88271446278164e+01	3.00000000000000e-02	0.00000000000000e+00	0.00000000000000e+00
12	13	16	17	1.23164063369171e+01	-4.71060935929915e+01	3.00000000000000e-02	0.00000000000000e+00	0.00000000000000e+00
12	13	17	18	1.39478300606779e+01	-9.44584559272785e+01	3.00000000000000e-02	0.00000000000000e+00	0.00000000000000e+00
12	13	18	19	1.09571808216712e+01	-1.65429363743398e+02	3.00000000000000e-02	0.00000000000000e+00	0.00000000000000e+00
12	13	19	20	1.30980078380540e+01	-2.64526593773875e+02	3.00000000000000e-02	0.00000000000000e+00	0.00000000000000e+00
11	14	19	20	2.12959960483183e+01	-8.09875341250498e+01	3.00000000000000e-02	0.00000000000000e+00	0.00000000000000e+00
12	14	18	19	1.87636893872591e+01	-6.01303938063101e+01	3.00000000000000e-02	0.00000000000000e+00	0.00000000000000e+00
13	14	15	16	2.52059387431288e+01	-4.72610760670215e+00	3.00000000000000e-02	0.00000000000000e+00	0.00000000000000e+00
13	14	16	17	2.38147805168076e+01	-1.88251693741810e+01	3.00000000000000e-02	0.00000000000000e+00	0.00000000000000e+00
13	14	17	18	2.78556563919402e+01	-4.71226452206706e+01	3.00000000000000e-02	0.00000000000000e+00	0.00000000000000e+00
13	14	18	19	2.32696179590928e+01	-9.44675222840357e+01	3.00000000000000e-02	0.00000000000000e+00	0.00000000000000e+00
13	14	19	20	2.76280946310589e+01	-1.65429767622263e+02	3.00000000000000e-02	0.00000000000000e+00	0.00000000000000e+00
13	14	20	21	3.43465122494903e+01	-2.64537664819390e+02	3.00000000000000e-02	0.00000000000000e+00	0.00000000000000e+00
13	15	19	20	3.18978253096376e+01	-6.01237716378109e+01	3.00000000000000e-02	0.00000000000000e+00	0.00000000000000e+00
14	15	16	17	3.57516485053578e+01	-4.70490096546141e+00	3.00000000000000e-02	0.00000000000000e+00	0.00000000000000e+00
14	15	17	18	3.52141969698933e+01	-1.88271948470069e+01	3.00000000000000e-02	0.00000000000000e+00	0.00000000000000e+00
14	15	18	19	2.94228502592283e+01	-4.71162888695401e+01	3.00000000000000e-02	0.00000000000000e+00	0.00000000000000e+00
14	15	19	20	3.43444785932693e+01	-9.44510469478450e+01	3.00000000000000e-02	0.00000000000000e+00	0.00000000000000e+00
14	15	20	21	3.92788130608103e+01	-1.65420694471254e+02	3.00000000000000e-02	0.00000000000000e+00	0.00000000000000e+00
15	16	19	20	3.05297711702926e+01	-4.71187162411741e+01	3.00000000000000e-02	0.00000000000000e+00	0.00000000000000e+00
15	16	20	21	3.24232767484732e+01	-9.44632331260127e+01	3.00000000000000e-02	0.00000000000000e+00	0.00000000000000e+00
16	17	19	20	2.53270056562072e+01	-1.88204126090176e+01	3.00000000000000e-02	0.00000000000000e+00	0.00000000000000e+00
16	17	20	21	2.68626490942103e+01	-4.71086937205890e+01	3.00000000000000e-02	0.00000000000000e+00	0.00000000000000e+00
1	4	2	3	7.97455089657475e+01	1.57925033301279e+00	3.00000000000000e-02	0.00000000000000e+00	0.00000000000000e+00
2	5	3	4	7.40316687865262e+01	1.57217482722025e+00	3.00000000000000e-02	0.00000000000000e+00	0.00000000000000e+00
3	6	4	5	7.96921074373557e+01	1.57077066915851e+00	3.00000000000000e-02	0.00000000000000e+00	0.00000000000000e+00
4	7	5	6	5.60445774631180e+01	1.57299567386071e+00	3.00000000000000e-02	0.00000000000000e+00	0.00000000000000e+00
2	8	4	6	8.86384771602065e+01	3.14253978445035e+00	3.00000000000000e-02	0.00000000000000e+00	0.00000000000000e+00
5	8	6	7	5.58811526504440e+01	1.56892846334780e+00	3.00000000000000e-02	0.00000000000000e+00	0.00000000000000e+00
3	9	5	7	7.59028731878406e+01	3.14252067765916e+00	3.00000000000000e-02	0.00000000000000e+00	0.00000000000000e+00
6	9	7	8	6.66101817518473e+01	1.57466039464147e+00	3.00000000000000e-02	0.00000000000000e+00	0.00000000000000e+00
4	10	6	8	7.44824806532240e+01	3.14254832659913e+00	3.00000000000000e-02	0.00000000000000e+00	0.00000000000000e+00
7	10	8	9	4.16331203584598e+01	1.57061070630535e+00	3.00000000000000e-02	0.00000000000000e+00	0.00000000000000e+00
2	11	5	8	9.59076610666723e+01	4.71902916150054e+00	3.00000000000000e-02	0.00000000000000e+00	0.00000000000000e+00
2	11	6	7	9.90093748869023e+01	1.57359807891248e+01	3.00000000000000e-02	0.00000000000000e+00	0.00000000000000e+00
5	11	7	9	5.45590257879114e+01	3.14240279388046e+00	3.00000000000000e-02	0.00000000000000e+00	0.00000000000000e+00
8	11	9	10	5.16542668927037e+01	1.57414851824989e+00	3.00000000000000e-02	0.00000000000000e+00	0.00000000000000e+00
3	12	6	9	7.82187837967696e+01	4.71859801991769e+00	3.00000000000000e-02	0.00000000000000e+00	0.00000000000000e+00
3	12	7	8	8.99594063315253e+01	1.57367430414877e+01	3.00000000000000e-02	0.00000000000000e+00	0.00000000000000e+00
6	12	8	10	4.33126853847082e+01	3.14222077500223e+00	3.00000000000000e-02	0.00000000000000e+00	0.00000000000000e+00
9	12	10	11	4.59663471800887e+01	1.57158501593553e+00	3.00000000000000e-02	0.00000000000000e+00	0.00000000000000e+00
4	13	7	10	6.85047551152189e+01	4.71877080180602e+00	3.00000000000000e-02	0.00000000000000e+00	0.00000000000000e+00
4	13	8	9	5.68490765583999e+01	1.57354182916898e+01	3.00000000000000e-02	0.00000000000000e+00	0.00000000000000e+00
7	13	9	11	5.39031132106755e+01	3.14243400457495e+00	3.00000000000000e-02	0.00000000000000e+00	0.00000000000000e+00
10	13	11	12	3.16525808289871e+01	1.57255681504896e+00	3.00000000000000e-02	0.00000000000000e+00	0.00000000000000e+00
2	14	6	10	9.20574972630368e+01	6.29203442484600e+00	3.00000000000000e-02	0.00000000000000e+00	0.00000000000000e+00
2	14	7	9	9.13407494943573e+01	1.37630392191200e+01	3.00000000000000e-02	0.00000000000000e+00	0.00000000000000e+00
5	14	8	11	5.62332286828443e+01	4.71850277596532e+00	3.00000000000000e-02	0.00000000000000e+00	0.00000000000000e+00
5	14	9	10	5.95130035051834e+01	1.57361046196353e+01	3.00000000000000e-02	0.00000000000000e+00	0.00000000000000e+00
8	14	10	12	4.87429438770857e+01	3.14255695312146e+00	3.00000000000000e-02	0.00000000000000e+00	0.00000000000000e+00
11	14	12	13	2.16539385270914e+01	1.56983126673516e+00	3.00000000000000e-02	0.00000000000000e+00	0.00000000000000e+00
3	15	7	11	7.94527120600261e+01	6.29208800386668e+00	3.00000000000000e-02	0.00000000000000e+00	0.00000000000000e+00
3	15	8	10	6.98023365317633e+01	1.37629144325873e+01	3.00000000000000e-02	0.00000000000000e+00	0.00000000000000e+00
6	15	9	12	5.19087372759258e+01	4.71893321660038e+00	3.00000000000000e-02	0.00000000000000e+00	0.00000000000000e+00
6	15	10	11	6.25222533344076e+01	1.57363509528827e+01	3.00000000000000e-02	0.00000000000000e+00	0.00000000000000e+00
9	15	11	13	2.79039790252652e+01	3.14243906623916e+00	3.00000000000000e-02	0.00000000000000e+00	0.00000000000000e+00
12	15	13	14	3.34540581138060e+01	1.57299840198075e+00	3.00000000000000e-02	0.00000000000000e+00	0.00000000000000e+00
4	16	8	12	6.11358261919323e+01	6.29199852949561e+00	3.00000000000000e-02	0.00000000000000e+00	0.00000000000000e+00
4	16	9	11	7.29505808312731e+01	1.37630660039455e+01	3.00000000000000e-02	0.00000000000000e+00	0.00000000000000e+00
7	16	10	13	4.38353565691771e+01	4.71870529394675e+00	3.00000000000000e-02	0.00000000000000e+00	0.00000000000000e+00
7	16	11	12	3.94315113072962e+01	1.57362223767834e+01	3.00000000000000e-02	0.00000000000000e+00	0.00000000000000e+00
10	16	12	14	3.04998462945806e+01	3.14230232959936e+00	3.00000000000000e-02	0.00000000000000e+00	0.00000000000000e+00
13	16	14	15	3.16390653824949e+01	1.56897782253240e+00	3.00000000000000e-02	0.00000000000000e+00	0.00000000000000e+00
2	17	7	12	8.91374869680123e+01	7.86134979918442e+00	3.00000000000000e-02	0.00000000000000e+00	0.00000000000000e+00
2	17	8	11	8.78211633312470e+01	1.41469744096909e+01	3.00000000000000e-02	0.00000000000000e+00	0.00000000000000e+00
2	17	9	10	9.09289974844286e+01	4.40076262744003e+01	3.00000000000000e-02	0.00000000000000e+00	0.00000000000000e+00
5	17	9	13	5.47012731030004e+01	6.29214582519519e+00	3.00000000000000e-02	0.00000000000000e+00	0.00000000000000e+00
5	17	10	12	6.08655675245461e+01	1.37631728661336e+01	3.00000000000000e-02	0.00000000000000e+00	0.00000000000000e+00
8	17	11	14	4.11231893574203e+01	4.71906302621106e+00	3.00000000000000e-02	0.00000000000000e+00	0.00000000000000e+00
8	17	12	13	2.97452965949815e+01	1.57364204140161e+01	3.00000000000000e-02	0.00000000000000e+00	0.00000000000000e+00
11	17	13	15	4.58593968302149e+01	3.14238901658341e+00	3.00000000000000e-02	0.00000000000000e+00	0.00000000000000e+00
14	17	15	16	2.86219942496751e+01	1.57428052635582e+00	3.00000000000000e-02	0.00000000000000e+00	0.00000000000000e+00
3	18	8	13	6.76765090621389e+01	7.86125345860013e+00	3.00000000000000e-02	0.00000000000000e+00	0.00000000000000e+00
3	18	9	12	7.76547435214581e+01	1.41470554464126e+01	3.00000000000000e-02	0.00000000000000e+00	0.00000000000000e+00
3	18	10	11	9.23545789724102e+01	4.40072900155389e+01	3.00000000000000e-02	0.00000000000000e+00	0.00000000000000e+00
6	18	10	14	5.58905678213615e+01	6.29223265841163e+00	3.00000000000000e-02	0.00000000000000e+00	0.00000000000000e+00
6	18	11	13	4.18669914416413e+01	1.37632082846994e+01	3.00000000000000e-02	0.00000000000000e+00	0.00000000000000e+00
9	18	12	15	4.38935591070021e+01	4.71875319632271e+00	3.00000000000000e-02	0.00000000000000e+00	0.00000000000000e+00
9	18	13	14	5.21023747492463e+01	1.57366674064213e+01	3.00000000000000e-02	0.00000000000000e+00	0.00000000000000e+00
12	18	14	16	3.78426034927749e+01	3.14252526492679e+00	3.00000000000000e-02	0.00000000000000e+00	0.00000000000000e+00
15	18	16	17	2.67737452769501e+01	1.57063005760421e+00	3.00000000000000e-02	0.00000000000000e+00	0.00000000000000e+00
4	19	9	14	6.90512920451452e+01	7.86133480179619e+00	3.00000000000000e-02	0.00000000000000e+00	0.00000000000000e+00
4	19	10	13	6.39192098077669e+01	1.41469892585503e+01	3.00000000000000e-02	0.00000000000000e+00	0.00000000000000e+00
4	19	11	12	5.73710981111591e+01	4.40073777191767e+01	3.00000000000000e-02	0.00000000000000e+00	0.00000000000000e+00
7	19	11	15	5.43127281357516e+01	6.29209422441775e+00	3.00000000000000e-02	0.00000000000000e+00	0.00000000000000e+00
7	19	12	14	5.07487237501345e+01	1.37631495624522e+01	3.00000000000000e-02	0.00000000000000e+00	0.00000000000000e+00
10	19	13	16	4.91980311774880e+01	4.71882822370136e+00	3.00000000000000e-02	0.00000000000000e+00	0.00000000000000e+00
10	19	14	15	5.61204573033051e+01	1.57355753176965e+01	3.00000000000000e-02	0.00000000000000e+00	0.00000000000000e+00
13	19	15	17	2.73881687758836e+01	3.14221075167804e+00	3.00000000000000e-02	0.00000000000000e+00	0.00000000000000e+00
16	19	17	18	3.72206705339298e+01	1.57254270478936e+00	3.00000000000000e-02	0.00000000000000e+00	0.00000000000000e+00
2	20	8	14	8.37554235999407e+01	9.42945352114545e+00	3.00000000000000e-02	0.00000000000000e+00	0.00000000000000e+00
2	20	9	13	8.32715220997458e+01	1.51237231429864e+01	3.00000000000000e-02	0.00000000000000e+00	0.00000000000000e+00
2	20	10	12	9.07006345475781e+01	3.14230105415592e+01	3.00000000000000e-02	0.00000000000000e+00	0.00000000000000e+00
5	20	10	15	7.18601127425669e+01	7.86129665710173e+00	3.00000000000000e-02	0.00000000000000e+00	0.00000000000000e+00
5	20	11	14	6.07814492383512e+01	1.41470648073623e+01	3.00000000000000e-02	0.00000000000000e+00	0.00000000000000e+00
5	20	12	13	4.35478382816123e+01	4.40070963390061e+01	3.00000000000000e-02	0.00000000000000e+00	0.00000000000000e+00
8	20	12	16	5.57537347130056e+01	6.29221394498272e+00	3.00000000000000e-02	0.00000000000000e+00	0.00000000000000e+00
8	20	13	15	7.06796441768126e+01	1.37631940150470e+01	3.00000000000000e-02	0.00000000000000e+00	0.00000000000000e+00
11	20	14	17	4.44565756841686e+01	4.71857524182901e+00	3.00000000000000e-02	0.00000000000000e+00	0.00000000000000e+00
11	20	15	16	4.26724243902561e+01	1.57366426433462e+01	3.00000000000000e-02	0.00000000000000e+00	0.00000000000000e+00
14	20	16	18	3.26830900044048e+01	3.14221203161190e+00	3.00000000000000e-02	0.00000000000000e+00	0.00000000000000e+00
17	20	18	19	2.80197969566853e+01	1.57214979614003e+00	3.00000000000000e-02	0.00000000000000e+00	0.00000000000000e+00
3	21	9	15	8.60008044067000e+01	9.42946817273966e+00	3.00000000000000e-02	0.00000000000000e+00	0.00000000000000e+00
3	21	10	14	8.09522683537640e+01	1.51237456430567e+01	3.00000000000000e-02	0.00000000000000e+00	0.00000000000000e+00
3	21	11	13	5.98777216971505e+01	3.14229676087358e+01	3.00000000000000e-02	0.00000000000000e+00	0.00000000000000e+00
6	21	11	16	6.42465440666984e+01	7.86138549740449e+00	3.00000000000000e-02	0.00000000000000e+00	0.00000000000000e+00
6	21	12	15	6.97275259541391e+01	1.41470439793577e+01	3.00000000000000e-02	0.00000000000000e+00	0.00000000000000e+00
6	21	13	14	8.14533227245290e+01	4.40078896117139e+01	3.00000000000000e-02	0.00000000000000e+00	0.00000000000000e+00
9	21	13	17	5.59234475463563e+01	6.29206660565017e+00	3.00000000000000e-02	0.00000000000000e+00	0.00000000000000e+00
9	21	14	16	6.10701741673548e+01	1.37630991714117e+01	3.00000000000000e-02	0.00000000000000e+00	0.00000000000000e+00
12	21	15	18	3.79013959424681e+01	4.71872292187354e+00	3.00000000000000e-02	0.00000000000000e+00	0.00000000000000e+00
12	21	16	17	3.21582336823532e+01	1.57355315106418e+01	3.00000000000000e-02	0.00000000000000e+00	0.00000000000000e+00
15	21	17	19	3.56934868743326e+01	3.14244723108972e+00	3.00000000000000e-02	0.00000000000000e+00	0.00000000000000e+00
18	21	19	20	3.97110829988569e+01	1.57129732355959e+00	3.00000000000000e-02	0.00000000000000e+00	0.00000000000000e+00
1	4	2	3	7.97680922455095e+01	1.57925033301279e+00	3.00000000000000e-02	0.00000000000000e+00	0.00000000000000e+00
1	5	2	3	8.00362148123463e+01	2.37323651388001e+00	3.00000000000000e-02	0.00000000000000e+00	0.00000000000000e+00
1	5	3	4	6.82971844165030e+01	2.35890651425256e+00	3.00000000000000e-02	0.00000000000000e+00	0.00000000000000e+00
1	6	2	3	8.29472997700781e+01	2.71554144879681e+00	3.00000000000000e-02	0.00000000000000e+00	0.00000000000000e+00
1	6	3	4	8.65665951604862e+01	4.71675449030056e+00	3.00000000000000e-02	0.00000000000000e+00	0.00000000000000e+00
1	6	4	5	7.75384069462752e+01	2.69082957774121e+00	3.00000000000000e-02	0.00000000000000e+00	0.00000000000000e+00
1	7	3	4	9.56555078661904e+01	6.29424357393685e+00	3.00000000000000e-02	0.00000000000000e+00	0.00000000000000e+00
1	7	4	5	9.55393436331730e+01	6.28659983241583e+00	3.00000000000000e-02	0.00000000000000e+00	0.00000000000000e+00
1	7	5	6	4.96486911863868e+01	2.86153006192288e+00	3.00000000000000e-02	0.00000000000000e+00	0.00000000000000e+00
1	7	2	3	8.33735150622172e+01	2.88166605819833e+00	3.00000000000000e-02	0.00000000000000e+00	0.00000000000000e+00
1	8	3	4	9.69713674915298e+01	7.26469793842885e+00	3.00000000000000e-02	0.00000000000000e+00	0.00000000000000e+00
1	8	4	5	1.14532914921988e+02	9.43815171873229e+00	3.00000000000000e-02	0.00000000000000e+00	0.00000000000000e+00
1	8	5	6	7.03280136650753e+01	7.25303244362579e+00	3.00000000000000e-02	0.00000000000000e+00	0.00000000000000e+00
1	8	6	7	3.87004155093716e+01	2.94241560675240e+00	3.00000000000000e-02	0.00000000000000e+00	0.00000000000000e+00
1	8	2	3	8.39702532900825e+01	2.97234573866241e+00	3.00000000000000e-02	0.00000000000000e+00	0.00000000000000e+00
1	9	3	4	1.04143523031559e+02	7.87004534392003e+00	3.00000000000000e-02	0.00000000000000e+00	0.00000000000000e+00
1	9	4	5	1.33222711037164e+02	1.18030947752003e+01	3.00000000000000e-02	0.00000000000000e+00	0.00000000000000e+00
1	9	5	6	8.97704547112754e+01	1.17992177765843e+01	3.00000000000000e-02	0.00000000000000e+00	0.00000000000000e+00
1	9	6	7	7.13983940231423e+01	7.85599159622621e+00	3.00000000000000e-02	0.00000000000000e+00	0.00000000000000e+00
1	9	7	8	5.53335195138450e+01	3.00756705930748e+00	3.00000000000000e-02	0.00000000000000e+00	0.00000000000000e+00
1	9	2	3	8.47522096908484e+01	3.02673491460539e+00	3.00000000000000e-02	0.00000000000000e+00	0.00000000000000e+00
1	10	3	4	8.75001537400384e+01	8.26315054395407e+00	3.00000000000000e-02	0.00000000000000e+00	0.00000000000000e+00
1	10	4	5	1.44225147769786e+02	1.34885664368885e+01	3.00000000000000e-02	0.00000000000000e+00	0.00000000000000e+00
1	10	5	6	1.01917242972466e+02	1.57404550789463e+01	3.00000000000000e-02	0.00000000000000e+00	0.00000000000000e+00
1	10	6	7	8.54404432373283e+01	1.34805568333049e+01	3.00000000000000e-02	0.00000000000000e+00	0.00000000000000e+00
1	10	7	8	7.59392516984011e+01	8.24959470760592e+00	3.00000000000000e-02	0.00000000000000e+00	0.00000000000000e+00
1	10	2	3	8.49955789354554e+01	3.06176730566512e+00	3.00000000000000e-02	0.00000000000000e+00	0.00000000000000e+00
1	11	3	4	9.72005966569798e+01	8.52958542757179e+00	3.00000000000000e-02	0.00000000000000e+00	0.00000000000000e+00
1	11	4	5	1.51241323726251e+02	1.46860475735074e+01	3.00000000000000e-02	0.00000000000000e+00	0.00000000000000e+00
1	11	5	6	1.10651165487008e+02	1.88876729551529e+01	3.00000000000000e-02	0.00000000000000e+00	0.00000000000000e+00
1	11	6	7	9.60389108129422e+01	1.88836258413951e+01	3.00000000000000e-02	0.00000000000000e+00	0.00000000000000e+00
1	11	7	8	7.73345400979505e+01	1.46775494122019e+01	3.00000000000000e-02	0.00000000000000e+00	0.00000000000000e+00
1	11	8	9	3.87470325773034e+01	8.51214585713512e+00	3.00000000000000e-02	0.00000000000000e+00	0.00000000000000e+00
1	11	2	3	8.50415265926712e+01	3.08559717398157e+00	3.00000000000000e-02	0.00000000000000e+00	0.00000000000000e+00
1	12	3	4	1.00210372413770e+02	8.71712907442455e+00	3.00000000000000e-02	0.00000000000000e+00	0.00000000000000e+00
1	12	4	5	1.57363513319119e+02	1.55492933331145e+01	3.00000000000000e-02	0.00000000000000e+00	0.00000000000000e+00
1	12	5	6	1.19697975607525e+02	2.13219808237023e+01	3.00000000000000e-02	0.00000000000000e+00	0.00000000000000e+00
1	12	6	7	1.10049885007020e+02	2.36020788310300e+01	3.00000000000000e-02	0.00000000000000e+00	0.00000000000000e+00
1	12	7	8	9.17025239335285e+01	2.13166997760363e+01	3.00000000000000e-02	0.00000000000000e+00	0.00000000000000e+00
1	12	8	9	4.59124675025306e+01	1.55367408446208e+01	3.00000000000000e-02	0.00000000000000e+00	0.00000000000000e+00
1	12	9	10	3.21924976461387e+01	8.69862968603022e+00	3.00000000000000e-02	0.00000000000000e+00	0.00000000000000e+00
1	12	2	3	8.52830760308189e+01	3.10251146050039e+00	3.00000000000000e-02	0.00000000000000e+00	0.00000000000000e+00
1	12	10	11	3.32257981165173e+01	3.07310513665785e+00	3.00000000000000e-02	0.00000000000000e+00	0.00000000000000e+00
1	13	2	3	8.58345273017479e+01	3.11493505184926e+00	3.00000000000000e-02	0.00000000000000e+00	0.00000000000000e+00
1	13	3	4	1.13328209991723e+02	8.85348973404918e+00	3.00000000000000e-02	0.00000000000000e+00	0.00000000000000e+00
1	13	4	5	1.63195133189830e+02	1.61840527970715e+01	3.00000000000000e-02	0.00000000000000e+00	0.00000000000000e+00
1	13	5	6	1.27778929409475e+02	2.31912101000898e+01	3.00000000000000e-02	0.00000000000000e+00	0.00000000000000e+00
1	13	6	7	1.23756320675039e+02	2.75300358317182e+01	3.00000000000000e-02	0.00000000000000e+00	0.00000000000000e+00
1	13	7	8	1.09225542469071e+02	2.75288184705095e+01	3.00000000000000e-02	0.00000000000000e+00	0.00000000000000e+00
1	13	8	9	5.86902078844857e+01	2.31825915448366e+01	3.00000000000000e-02	0.00000000000000e+00	0.00000000000000e+00
1	13	9	10	5.32390328234080e+01	1.61713614758027e+01	3.00000000000000e-02	0.00000000000000e+00	0.00000000000000e+00
1	14	3	4	1.07459587909960e+02	8.95541342983484e+00	3.00000000000000e-02	0.00000000000000e+00	0.00000000000000e+00
1	14	4	5	1.65161391886061e+02	1.66604520240383e+01	3.00000000000000e-02	0.00000000000000e+00	0.00000000000000e+00
1	14	5	6	1.31849920812422e+02	2.46320455562198e+01	3.00000000000000e-02	0.00000000000000e+00	0.00000000000000e+00
1	14	6	7	1.31610032629498e+02	3.07278950263591e+01	3.00000000000000e-02	0.00000000000000e+00	0.00000000000000e+00
1	14	7	8	1.19636778255889e+02	3.30239289861208e+01	3.00000000000000e-02	0.00000000000000e+00	0.00000000000000e+00
1	14	8	9	6.56437082961937e+01	3.07232991964812e+01	3.00000000000000e-02	0.00000000000000e+00	0.00000000000000e+00
1	14	2	3	8.55085836970203e+01	3.12432025258855e+00	3.00000000000000e-02	0.00000000000000e+00	0.00000000000000e+00
1	14	11	12	3.58715191689709e+01	8.93513253151474e+00	3.00000000000000e-02	0.00000000000000e+00	0.00000000000000e+00
1	15	2	3	8.60648767315592e+01	3.13157915400337e+00	3.00000000000000e-02	0.00000000000000e+00	0.00000000000000e+00
1	15	3	4	1.14604407041780e+02	9.03342926385741e+00	3.00000000000000e-02	0.00000000000000e+00	0.00000000000000e+00
1	15	4	5	1.67889539640636e+02	1.70250919899644e+01	3.00000000000000e-02	0.00000000000000e+00	0.00000000000000e+00
1	15	5	6	1.35541843157522e+02	2.57528420379927e+01	3.00000000000000e-02	0.00000000000000e+00	0.00000000000000e+00
1	15	6	7	1.38208338147707e+02	3.33097154258319e+01	3.00000000000000e-02	0.00000000000000e+00	0.00000000000000e+00
1	15	7	8	1.28969853123080e+02	3.77346467834900e+01	3.00000000000000e-02	0.00000000000000e+00	0.00000000000000e+00
1	15	8	9	7.33082877095206e+01	3.77315688018985e+01	3.00000000000000e-02	0.00000000000000e+00	0.00000000000000e+00
1	15	9	10	7.02953279549183e+01	3.33049036580588e+01	3.00000000000000e-02	0.00000000000000e+00	0.00000000000000e+00
1	15	11	12	9.23843608274782e+01	1.70113761342797e+01	3.00000000000000e-02	0.00000000000000e+00	0.00000000000000e+00
1	15	12	13	9.04698899249586e+00	9.01390795031820e+00	3.00000000000000e-02	0.00000000000000e+00	0.00000000000000e+00
1	16	2	3	8.61836915365961e+01	3.13730648535511e+00	3.00000000000000e-02	0.00000000000000e+00	0.00000000000000e+00
1	16	3	4	1.15092996106805e+02	9.09437837656692e+00	3.00000000000000e-02	0.00000000000000e+00	0.00000000000000e+00
1	16	4	5	1.69985786322603e+02	1.73092802120669e+01	3.00000000000000e-02	0.00000000000000e+00	0.00000000000000e+00
1	16	5	6	1.38678818776915e+02	2.66345835337630e+01	3.00000000000000e-02	0.00000000000000e+00	0.00000000000000e+00
1	16	6	7	1.44237249433810e+02	3.53926910230337e+01	3.00000000000000e-02	0.00000000000000e+00	0.00000000000000e+00
1	16	7	8	1.38309581136518e+02	4.17038541390450e+01	3.00000000000000e-02	0.00000000000000e+00	0.00000000000000e+00
1	16	8	9	8.15946428195677e+01	4.40088685955437e+01	3.00000000000000e-02	0.00000000000000e+00	0.00000000000000e+00
1	16	9	10	8.18576955682118e+01	4.17000909665319e+01	3.00000000000000e-02	0.00000000000000e+00	0.00000000000000e+00
1	16	11	12	1.28279574058977e+02	2.66232990044201e+01	3.00000000000000e-02	0.00000000000000e+00	0.00000000000000e+00
1	16	12	13	2.05107234329679e+01	1.72935958053067e+01	3.00000000000000e-02	0.00000000000000e+00	0.00000000000000e+00
1	16	13	14	2.54230439182136e+01	9.07486182953782e+00	3.00000000000000e-02	0.00000000000000e+00	0.00000000000000e+00
1	17	2	3	8.59913884964624e+01	3.14190361780623e+00	3.00000000000000e-02	0.00000000000000e+00	0.00000000000000e+00
1	17	3	4	1.14955799706851e+02	9.14285030237497e+00	3.00000000000000e-02	0.00000000000000e+00	0.00000000000000e+00
1	17	4	5	1.70890634526892e+02	1.75344561739640e+01	3.00000000000000e-02	0.00000000000000e+00	0.00000000000000e+00
1	17	5	6	1.40843527823385e+02	2.73367392425686e+01	3.00000000000000e-02	0.00000000000000e+00	0.00000000000000e+00
1	17	6	7	1.48902445081549e+02	3.70797949766417e+01	3.00000000000000e-02	0.00000000000000e+00	0.00000000000000e+00
1	17	7	8	1.46075846113720e+02	4.50212186752511e+01	3.00000000000000e-02	0.00000000000000e+00	0.00000000000000e+00
1	17	8	9	8.90481217223562e+01	4.95044567305557e+01	3.00000000000000e-02	0.00000000000000e+00	0.00000000000000e+00
1	17	9	10	9.30987606123067e+01	4.95040282311282e+01	3.00000000000000e-02	0.00000000000000e+00	0.00000000000000e+00
1	17	11	12	1.70378230581005e+02	3.70734013493058e+01	3.00000000000000e-02	0.00000000000000e+00	0.00000000000000e+00
1	18	2	3	8.60482768180434e+01	3.14564871185001e+00	3.00000000000000e-02	0.00000000000000e+00	0.00000000000000e+00
1	18	3	4	1.15364507724086e+02	9.18200185639244e+00	3.00000000000000e-02	0.00000000000000e+00	0.00000000000000e+00
1	18	4	5	1.71374103823725e+02	1.77155392916151e+01	3.00000000000000e-02	0.00000000000000e+00	0.00000000000000e+00
1	18	5	6	1.42685390119267e+02	2.79026280668690e+01	3.00000000000000e-02	0.00000000000000e+00	0.00000000000000e+00
1	18	6	7	1.52609346498839e+02	3.84548803962269e+01	3.00000000000000e-02	0.00000000000000e+00	0.00000000000000e+00
1	18	7	8	1.52265183858512e+02	4.77868601149003e+01	3.00000000000000e-02	0.00000000000000e+00	0.00000000000000e+00
1	18	8	9	9.51570078137911e+01	5.42495740247147e+01	3.00000000000000e-02	0.00000000000000e+00	0.00000000000000e+00
1	18	9	10	1.02705319191297e+02	5.65673177857258e+01	3.00000000000000e-02	0.00000000000000e+00	0.00000000000000e+00
1	18	11	12	2.05710841187222e+02	4.77812817779233e+01	3.00000000000000e-02	0.00000000000000e+00	0.00000000000000e+00
1	18	13	14	4.58500962099133e+01	2.78917281337299e+01	3.00000000000000e-02	0.00000000000000e+00	0.00000000000000e+00
1	19	2	3	8.61652598286010e+01	3.14873962465196e+00	3.00000000000000e-02	0.00000000000000e+00	0.00000000000000e+00
1	19	3	4	1.16029900136950e+02	9.21406053800612e+00	3.00000000000000e-02	0.00000000000000e+00	0.00000000000000e+00
1	19	4	5	1.72834124565786e+02	1.78631244338296e+01	3.00000000000000e-02	0.00000000000000e+00	0.00000000000000e+00
1	19	5	6	1.44399926238369e+02	2.83639875855181e+01	3.00000000000000e-02	0.00000000000000e+00	0.00000000000000e+00
1	19	6	7	1.55995420390035e+02	3.95842065518949e+01	3.00000000000000e-02	0.00000000000000e+00	0.00000000000000e+00
1	19	7	8	1.57891195608349e+02	5.00954041037846e+01	3.00000000000000e-02	0.00000000000000e+00	0.00000000000000e+00
1	19	8	9	1.00861999824611e+02	5.83165659616380e+01	3.00000000000000e-02	0.00000000000000e+00	0.00000000000000e+00
1	19	9	10	1.11846863853554e+02	6.28487339171025e+01	3.00000000000000e-02	0.00000000000000e+00	0.00000000000000e+00
1	19	11	12	2.31401046204865e+02	5.83140036653650e+01	3.00000000000000e-02	0.00000000000000e+00	0.00000000000000e+00
1	19	12	13	3.79193586037852e+01	5.00885131356246e+01	3.00000000000000e-02	0.00000000000000e+00	0.00000000000000e+00
1	19	13	14	6.17078809845235e+01	3.95768835001017e+01	3.00000000000000e-02	0.00000000000000e+00	0.00000000000000e+00
1	19	14	15	5.84403577536171e+01	2.83506640115736e+01	3.00000000000000e-02	0.00000000000000e+00	0.00000000000000e+00
1	19	15	16	3.86464869448105e+01	1.78485927402092e+01	3.00000000000000e-02	0.00000000000000e+00	0.00000000000000e+00
1	19	16	17	1.92966367464200e+01	9.19211376695598e+00	3.00000000000000e-02	0.00000000000000e+00	0.00000000000000e+00
1	20	2	3	8.60379700387909e+01	3.15132004156408e+00	3.00000000000000e-02	0.00000000000000e+00	0.00000000000000e+00
1	20	3	4	1.14508046401214e+02	9.24063061066301e+00	3.00000000000000e-02	0.00000000000000e+00	0.00000000000000e+00
1	20	4	5	1.72910242257724e+02	1.79848622255728e+01	3.00000000000000e-02	0.00000000000000e+00	0.00000000000000e+00
1	20	5	6	1.45318414184248e+02	2.87442195804326e+01	3.00000000000000e-02	0.00000000000000e+00	0.00000000000000e+00
1	20	6	7	1.58243781983808e+02	4.05192251712520e+01	3.00000000000000e-02	0.00000000000000e+00	0.00000000000000e+00
1	20	7	8	1.61787084523473e+02	5.20290989125350e+01	3.00000000000000e-02	0.00000000000000e+00	0.00000000000000e+00
1	20	8	9	1.05128088618041e+02	6.17917092028240e+01	3.00000000000000e-02	0.00000000000000e+00	0.00000000000000e+00
1	20	9	10	1.19107593921032e+02	6.83728718340283e+01	3.00000000000000e-02	0.00000000000000e+00	0.00000000000000e+00
1	20	11	12	2.64906854964191e+02	6.83706462818302e+01	3.00000000000000e-02	0.00000000000000e+00	0.00000000000000e+00
1	20	12	13	4.33291012884317e+01	6.17882035109086e+01	3.00000000000000e-02	0.00000000000000e+00	0.00000000000000e+00
1	20	13	14	7.26495652397767e+01	5.20226031076095e+01	3.00000000000000e-02	0.00000000000000e+00	0.00000000000000e+00
1	20	14	15	6.95003731473168e+01	4.05103537772449e+01	3.00000000000000e-02	0.00000000000000e+00	0.00000000000000e+00
1	20	15	16	4.46818551310350e+01	2.87324642344769e+01	3.00000000000000e-02	0.00000000000000e+00	0.00000000000000e+00
1	21	2	3	8.61778009492596e+01	3.15349630408924e+00	3.00000000000000e-02	0.00000000000000e+00	0.00000000000000e+00
1	21	3	4	1.16156636581197e+02	9.26288967952128e+00	3.00000000000000e-02	0.00000000000000e+00	0.00000000000000e+00
1	21	4	5	1.74085290967587e+02	1.80863700744074e+01	3.00000000000000e-02	0.00000000000000e+00	0.00000000000000e+00
1	21	5	6	1.46259559363718e+02	2.90607502575494e+01	3.00000000000000e-02	0.00000000000000e+00	0.00000000000000e+00
1	21	6	7	1.59997415628946e+02	4.12996741477793e+01	3.00000000000000e-02	0.00000000000000e+00	0.00000000000000e+00
1	21	7	8	1.64821035591881e+02	5.36565234463018e+01	3.00000000000000e-02	0.00000000000000e+00	0.00000000000000e+00
1	21	8	9	1.07814121930443e+02	6.47606164850301e+01	3.00000000000000e-02	0.00000000000000e+00	0.00000000000000e+00
1	21	9	10	1.24444859066456e+02	7.31994135960991e+01	3.00000000000000e-02	0.00000000000000e+00	0.00000000000000e+00
1	21	11	12	3.04235327284721e+02	7.77647970566096e+01	3.00000000000000e-02	0.00000000000000e+00	0.00000000000000e+00
1	21	12	13	4.89647869793162e+01	7.31961542579466e+01	3.00000000000000e-02	0.00000000000000e+00	0.00000000000000e+00
1	21	13	14	8.33901381190085e+01	6.47574709908199e+01	3.00000000000000e-02	0.00000000000000e+00	0.00000000000000e+00
1	21	14	15	8.09743446536165e+01	5.36484875301398e+01	3.00000000000000e-02	0.00000000000000e+00	0.00000000000000e+00
1	21	15	16	5.20565372636080e+01	4.12920997736224e+01	3.00000000000000e-02	0.00000000000000e+00	0.00000000000000e+00
1	21	16	17	3.57582250111280e+01	2.90464595929785e+01	3.00000000000000e-02	0.00000000000000e+00	0.00000000000000e+00
1	21	17	18	3.98865021308496e+01	1.80694491849459e+01	3.00000000000000e-02	0.00000000000000e+00	0.00000000000000e+00
2	21	3	4	9.70805412244295e+01	3.12408217643273e+00	3.00000000000000e-02	0.00000000000000e+00	0.00000000000000e+00
2	21	4	5	1.31152750496936e+02	9.22156249978459e+00	3.00000000000000e-02	0.00000000000000e+00	0.00000000000000e+00
2	21	5	6	1.21912434650948e+02	1.79703975122527e+01	3.00000000000000e-02	0.00000000000000e+00	0.00000000000000e+00
2	21	6	7	1.37984114601552e+02	2.87307090850615e+01	3.00000000000000e-02	0.00000000000000e+00	0.00000000000000e+00
2	21	7	8	1.45686424392717e+02	4.05117763143130e+01	3.00000000000000e-02	0.00000000000000e+00	0.00000000000000e+00
2	21	8	9	9.86840001671063e+01	5.20208117864989e+01	3.00000000000000e-02	0.00000000000000e+00	0.00000000000000e+00
2	21	9	10	1.16941329849572e+02	6.17883926691565e+01	3.00000000000000e-02	0.00000000000000e+00	0.00000000000000e+00
2	21	10	11	1.26702021820511e+02	6.83696878466377e+01	3.00000000000000e-02	0.00000000000000e+00	0.00000000000000e+00
2	21	13	14	8.48826447916640e+01	6.17885546177382e+01	3.00000000000000e-02	0.00000000000000e+00	0.00000000000000e+00
2	21	14	15	8.22701930981830e+01	5.20213428634011e+01	3.00000000000000e-02	0.00000000000000e+00	0.00000000000000e+00
2	21	15	16	5.29040411036368e+01	4.05118663161804e+01	3.00000000000000e-02	0.00000000000000e+00	0.00000000000000e+00
2	21	16	17	3.70444410158642e+01	2.87302065440745e+01	3.00000000000000e-02	0.00000000000000e+00	0.00000000000000e+00
2	21	17	18	3.53767181750051e+01	1.79681227588580e+01	3.00000000000000e-02	0.00000000000000e+00	0.00000000000000e+00
2	21	18	19	1.70914780739212e+01	9.22029588382093e+00	3.00000000000000e-02	0.00000000000000e+00	0.00000000000000e+00
3	21	4	5	9.86940426001220e+01	3.12219175907126e+00	3.00000000000000e-02	0.00000000000000e+00	0.00000000000000e+00
3	21	5	6	9.20478668256857e+01	9.19439701394282e+00	3.00000000000000e-02	0.00000000000000e+00	0.00000000000000e+00
3	21	6	7	1.13023648554612e+02	1.78459331714291e+01	3.00000000000000e-02	0.00000000000000e+00	0.00000000000000e+00
3	21	7	8	1.23797042320718e+02	2.83518744794325e+01	3.00000000000000e-02	0.00000000000000e+00	0.00000000000000e+00
3	21	8	9	8.78621743322456e+01	3.95747037746134e+01	3.00000000000000e-02	0.00000000000000e+00	0.00000000000000e+00
3	21	9	10	1.07599257694801e+02	5.00888000925443e+01	3.00000000000000e-02	0.00000000000000e+00	0.00000000000000e+00
3	21	10	11	1.19142258565772e+02	5.83133111611401e+01	3.00000000000000e-02	0.00000000000000e+00	0.00000000000000e+00
3	21	11	12	7.35971769738047e+01	6.28460954287999e+01	3.00000000000000e-02	0.00000000000000e+00	0.00000000000000e+00
3	21	14	15	8.73056988219921e+01	5.00881785971591e+01	3.00000000000000e-02	0.00000000000000e+00	0.00000000000000e+00
3	21	15	16	5.62752083987846e+01	3.95771943363396e+01	3.00000000000000e-02	0.00000000000000e+00	0.00000000000000e+00
3	21	16	17	3.99405221256165e+01	2.83503372507606e+01	3.00000000000000e-02	0.00000000000000e+00	0.00000000000000e+00
3	21	17	18	4.89057821367449e+01	1.78466110543746e+01	3.00000000000000e-02	0.00000000000000e+00	0.00000000000000e+00
3	21	18	19	2.48261328262169e+01	9.19384247165757e+00	3.00000000000000e-02	0.00000000000000e+00	0.00000000000000e+00
4	21	5	6	6.46522947392105e+01	3.11840321906236e+00	3.00000000000000e-02	0.00000000000000e+00	0.00000000000000e+00
4	21	6	7	8.67006215405945e+01	9.16002260307535e+00	3.00000000000000e-02	0.00000000000000e+00	0.00000000000000e+00
4	21	7	8	9.91002820446458e+01	1.77008725459794e+01	3.00000000000000e-02	0.00000000000000e+00	0.00000000000000e+00
4	21	8	9	7.42667281863264e+01	2.78888932147905e+01	3.00000000000000e-02	0.00000000000000e+00	0.00000000000000e+00
4	21	9	10	9.55158594793509e+01	3.84476411878352e+01	3.00000000000000e-02	0.00000000000000e+00	0.00000000000000e+00
4	21	10	11	1.09735946888953e+02	4.77806670943689e+01	3.00000000000000e-02	0.00000000000000e+00	0.00000000000000e+00
4	21	11	12	6.97458617093530e+01	5.42469621527039e+01	3.00000000000000e-02	0.00000000000000e+00	0.00000000000000e+00
4	21	12	13	4.99087481368319e+01	5.65648467880787e+01	3.00000000000000e-02	0.00000000000000e+00	0.00000000000000e+00
4	21	14	15	2.03475414978150e+02	4.77802208201696e+01	3.00000000000000e-02	0.00000000000000e+00	0.00000000000000e+00
4	21	15	16	5.64828203803335e+01	3.84482733042445e+01	3.00000000000000e-02	0.00000000000000e+00	0.00000000000000e+00
4	21	16	17	4.01069226108807e+01	2.78894091462034e+01	3.00000000000000e-02	0.00000000000000e+00	0.00000000000000e+00
4	21	17	18	4.91789148893916e+01	1.76992978029755e+01	3.00000000000000e-02	0.00000000000000e+00	0.00000000000000e+00
4	21	18	19	3.70840787733347e+01	9.16192408232342e+00	3.00000000000000e-02	0.00000000000000e+00	0.00000000000000e+00
4	21	19	20	1.83173223100728e+01	3.11830386969182e+00	3.00000000000000e-02	0.00000000000000e+00	0.00000000000000e+00
5	21	6	7	7.35619788254866e+01	3.10815631736002e+00	3.00000000000000e-02	0.00000000000000e+00	0.00000000000000e+00
5	21	7	8	7.87708661415634e+01	9.12326007798910e+00	3.00000000000000e-02	0.00000000000000e+00	0.00000000000000e+00
5	21	8	9	6.18616054654295e+01	1.75174378270076e+01	3.00000000000000e-02	0.00000000000000e+00	0.00000000000000e+00
5	21	9	10	8.40426137054237e+01	2.73253329254246e+01	3.00000000000000e-02	0.00000000000000e+00	0.00000000000000e+00
5	21	10	11	1.00378921104445e+02	3.70727506461190e+01	3.00000000000000e-02	0.00000000000000e+00	0.00000000000000e+00
5	21	11	12	6.57108395309651e+01	4.50157491666028e+01	3.00000000000000e-02	0.00000000000000e+00	0.00000000000000e+00
5	21	12	13	4.76153190855880e+01	4.95019883682678e+01	3.00000000000000e-02	0.00000000000000e+00	0.00000000000000e+00
5	21	13	14	8.61549251632917e+01	4.95026603865134e+01	3.00000000000000e-02	0.00000000000000e+00	0.00000000000000e+00
5	21	14	15	6.66112692668594e+01	4.50152182915083e+01	3.00000000000000e-02	0.00000000000000e+00	0.00000000000000e+00
5	21	15	16	7.04347674002421e+01	3.70736619541661e+01	3.00000000000000e-02	0.00000000000000e+00	0.00000000000000e+00
5	21	16	17	4.02253533957735e+01	2.73240363790440e+01	3.00000000000000e-02	0.00000000000000e+00	0.00000000000000e+00
5	21	17	18	4.94290999094427e+01	1.75185448708476e+01	3.00000000000000e-02	0.00000000000000e+00	0.00000000000000e+00
5	21	18	19	3.73324517116858e+01	9.12294312566397e+00	3.00000000000000e-02	0.00000000000000e+00	0.00000000000000e+00
5	21	19	20	4.12535004569761e+01	3.11462355565274e+00	3.00000000000000e-02	0.00000000000000e+00	0.00000000000000e+00
6	21	7	8	5.86472664713420e+01	3.11332536012433e+00	3.00000000000000e-02	0.00000000000000e+00	0.00000000000000e+00
6	21	8	9	5.05609578754296e+01	9.07375478273105e+00	3.00000000000000e-02	0.00000000000000e+00	0.00000000000000e+00
6	21	9	10	7.25045871051292e+01	1.72959828399231e+01	3.00000000000000e-02	0.00000000000000e+00	0.00000000000000e+00
6	21	10	11	8.82708375072519e+01	2.66240894923018e+01	3.00000000000000e-02	0.00000000000000e+00	0.00000000000000e+00
6	21	11	12	5.97861051954174e+01	3.53868630928780e+01	3.00000000000000e-02	0.00000000000000e+00	0.00000000000000e+00
6	21	12	13	4.47989208955843e+01	4.16990160429513e+01	3.00000000000000e-02	0.00000000000000e+00	0.00000000000000e+00
6	21	13	14	8.21847338498757e+01	4.40078896117139e+01	3.00000000000000e-02	0.00000000000000e+00	0.00000000000000e+00
6	21	14	15	8.48931237982458e+01	4.16986957901270e+01	3.00000000000000e-02	0.00000000000000e+00	0.00000000000000e+00
6	21	15	16	5.69960079083060e+01	3.53871801943985e+01	3.00000000000000e-02	0.00000000000000e+00	0.00000000000000e+00
6	21	16	17	4.17699425825671e+01	2.66225247025546e+01	3.00000000000000e-02	0.00000000000000e+00	0.00000000000000e+00
6	21	17	18	5.11096933157600e+01	1.72937806020749e+01	3.00000000000000e-02	0.00000000000000e+00	0.00000000000000e+00
6	21	18	19	3.86414497766757e+01	9.07468243952216e+00	3.00000000000000e-02	0.00000000000000e+00	0.00000000000000e+00
6	21	19	20	4.27683104924043e+01	3.11010591593614e+00	3.00000000000000e-02	0.00000000000000e+00	0.00000000000000e+00
7	21	8	9	3.81558706725476e+01	3.09814875910810e+00	3.00000000000000e-02	0.00000000000000e+00	0.00000000000000e+00
7	21	9	10	6.25594983019848e+01	9.01490848151537e+00	3.00000000000000e-02	0.00000000000000e+00	0.00000000000000e+00
7	21	10	11	7.77780704749349e+01	1.70111567075082e+01	3.00000000000000e-02	0.00000000000000e+00	0.00000000000000e+00
7	21	11	12	5.43306330690408e+01	2.57427710085859e+01	3.00000000000000e-02	0.00000000000000e+00	0.00000000000000e+00
7	21	12	13	4.17496937698357e+01	3.33038399567930e+01	3.00000000000000e-02	0.00000000000000e+00	0.00000000000000e+00
7	21	13	14	7.81434365014059e+01	3.77309489787433e+01	3.00000000000000e-02	0.00000000000000e+00	0.00000000000000e+00
7	21	14	15	8.23829935682138e+01	3.77301342664983e+01	3.00000000000000e-02	0.00000000000000e+00	0.00000000000000e+00
7	21	15	16	5.56543761131528e+01	3.33048341251378e+01	3.00000000000000e-02	0.00000000000000e+00	0.00000000000000e+00
7	21	16	17	4.12855490133466e+01	2.57415275825960e+01	3.00000000000000e-02	0.00000000000000e+00	0.00000000000000e+00
7	21	17	18	5.14026354405701e+01	1.70100948216415e+01	3.00000000000000e-02	0.00000000000000e+00	0.00000000000000e+00
7	21	18	19	3.88558194327555e+01	9.01399556739198e+00	3.00000000000000e-02	0.00000000000000e+00	0.00000000000000e+00
7	21	19	20	4.29830405941480e+01	3.10447730989477e+00	3.00000000000000e-02	0.00000000000000e+00	0.00000000000000e+00
8	21	9	10	7.43501130993832e+01	3.10362428877158e+00	3.00000000000000e-02	0.00000000000000e+00	0.00000000000000e+00
8	21	10	11	7.64119546073563e+01	8.93880620183057e+00	3.00000000000000e-02	0.00000000000000e+00	0.00000000000000e+00
8	21	11	12	5.12977951935784e+01	1.66484797284131e+01	3.00000000000000e-02	0.00000000000000e+00	0.00000000000000e+00
8	21	12	13	3.93092531392866e+01	2.46229153053879e+01	3.00000000000000e-02	0.00000000000000e+00	0.00000000000000e+00
8	21	13	14	7.40301892968042e+01	3.07239126704395e+01	3.00000000000000e-02	0.00000000000000e+00	0.00000000000000e+00
8	21	14	15	7.93221098670623e+01	3.30204727592768e+01	3.00000000000000e-02	0.00000000000000e+00	0.00000000000000e+00
8	21	15	16	5.45426618360119e+01	3.07239328748131e+01	3.00000000000000e-02	0.00000000000000e+00	0.00000000000000e+00
8	21	16	17	4.03281248149958e+01	2.46216976604305e+01	3.00000000000000e-02	0.00000000000000e+00	0.00000000000000e+00
8	21	17	18	5.05470624214166e+01	1.66461047897518e+01	3.00000000000000e-02	0.00000000000000e+00	0.00000000000000e+00
8	21	18	19	3.86841496027939e+01	8.93631585212629e+00	3.00000000000000e-02	0.00000000000000e+00	0.00000000000000e+00
8	21	19	20	4.27479862988154e+01	3.09734349880922e+00	3.00000000000000e-02	0.00000000000000e+00	0.00000000000000e+00
9	21	10	11	6.11726740314390e+01	3.08874900436451e+00	3.00000000000000e-02	0.00000000000000e+00	0.00000000000000e+00
9	21	11	12	4.15441008851622e+01	8.83539186117474e+00	3.00000000000000e-02	0.00000000000000e+00	0.00000000000000e+00
9	21	12	13	3.29137999020408e+01	1.61706789338905e+01	3.00000000000000e-02	0.00000000000000e+00	0.00000000000000e+00
9	21	13	14	6.47082244494807e+01	2.31829408317142e+01	3.00000000000000e-02	0.00000000000000e+00	0.00000000000000e+00
9	21	14	15	7.19012567277639e+01	2.75255944229159e+01	3.00000000000000e-02	0.00000000000000e+00	0.00000000000000e+00
9	21	15	16	5.14107075635068e+01	2.75268022892319e+01	3.00000000000000e-02	0.00000000000000e+00	0.00000000000000e+00
9	21	16	17	3.91255086550045e+01	2.31819148783029e+01	3.00000000000000e-02	0.00000000000000e+00	0.00000000000000e+00
9	21	17	18	4.93020881538966e+01	1.61705040699719e+01	3.00000000000000e-02	0.00000000000000e+00	0.00000000000000e+00
9	21	18	19	3.80130569245138e+01	8.83482162684161e+00	3.00000000000000e-02	0.00000000000000e+00	0.00000000000000e+00
9	21	19	20	4.25552088295546e+01	3.08811918677783e+00	3.00000000000000e-02	0.00000000000000e+00	0.00000000000000e+00
10	21	11	12	3.15376309481278e+01	3.07747255029106e+00	3.00000000000000e-02	0.00000000000000e+00	0.00000000000000e+00
10	21	12	13	2.72453163070175e+01	8.69843219548416e+00	3.00000000000000e-02	0.00000000000000e+00	0.00000000000000e+00
10	21	13	14	5.54785095629745e+01	1.55377179450268e+01	3.00000000000000e-02	0.00000000000000e+00	0.00000000000000e+00
10	21	14	15	6.31852732804544e+01	2.13139731086033e+01	3.00000000000000e-02	0.00000000000000e+00	0.00000000000000e+00
10	21	15	16	4.71950639371572e+01	2.35998919577744e+01	3.00000000000000e-02	0.00000000000000e+00	0.00000000000000e+00
10	21	16	17	3.73342874372703e+01	2.13140260427546e+01	3.00000000000000e-02	0.00000000000000e+00	0.00000000000000e+00
10	21	17	18	4.79978383153788e+01	1.55368006717958e+01	3.00000000000000e-02	0.00000000000000e+00	0.00000000000000e+00
10	21	18	19	3.71380845956319e+01	8.69903274969008e+00	3.00000000000000e-02	0.00000000000000e+00	0.00000000000000e+00
10	21	19	20	3.26766029278306e+01	3.07590817702719e+00	3.00000000000000e-02	0.00000000000000e+00	0.00000000000000e+00
11	21	12	13	2.63853943592894e+01	3.05649707147004e+00	3.00000000000000e-02	0.00000000000000e+00	0.00000000000000e+00
11	21	13	14	5.26292224159948e+01	8.51215744505264e+00	3.00000000000000e-02	0.00000000000000e+00	0.00000000000000e+00
11	21	14	15	5.78390628727046e+01	1.46741923539482e+01	3.00000000000000e-02	0.00000000000000e+00	0.00000000000000e+00
11	21	15	16	4.49299053857264e+01	1.88822370373890e+01	3.00000000000000e-02	0.00000000000000e+00	0.00000000000000e+00
11	21	16	17	3.68660126900319e+01	1.88811504509697e+01	3.00000000000000e-02	0.00000000000000e+00	0.00000000000000e+00
11	21	17	18	4.85419379064221e+01	1.46749030801017e+01	3.00000000000000e-02	0.00000000000000e+00	0.00000000000000e+00
11	21	18	19	3.82025016403288e+01	8.51225765948939e+00	3.00000000000000e-02	0.00000000000000e+00	0.00000000000000e+00
11	21	19	20	4.29253933296466e+01	3.05928169576705e+00	3.00000000000000e-02	0.00000000000000e+00	0.00000000000000e+00
12	21	13	14	4.21217485912638e+01	3.03595486556178e+00	3.00000000000000e-02	0.00000000000000e+00	0.00000000000000e+00
12	21	14	15	4.46093452927585e+01	8.24535423433313e+00	3.00000000000000e-02	0.00000000000000e+00	0.00000000000000e+00
12	21	15	16	3.78345782348592e+01	1.34801894889546e+01	3.00000000000000e-02	0.00000000000000e+00	0.00000000000000e+00
12	21	16	17	3.33347793734039e+01	1.57355315106418e+01	3.00000000000000e-02	0.00000000000000e+00	0.00000000000000e+00
12	21	17	18	4.61033182326914e+01	1.34792017824863e+01	3.00000000000000e-02	0.00000000000000e+00	0.00000000000000e+00
12	21	18	19	3.75622830986791e+01	8.24689181742875e+00	3.00000000000000e-02	0.00000000000000e+00	0.00000000000000e+00
12	21	19	20	4.27864296683399e+01	3.03585500389110e+00	3.00000000000000e-02	0.00000000000000e+00	0.00000000000000e+00
13	21	14	15	2.86660254522649e+01	2.99542999860656e+00	3.00000000000000e-02	0.00000000000000e+00	0.00000000000000e+00
13	21	15	16	2.85189683556785e+01	7.85559948096035e+00	3.00000000000000e-02	0.00000000000000e+00	0.00000000000000e+00
13	21	16	17	2.80937101522787e+01	1.17953572787681e+01	3.00000000000000e-02	0.00000000000000e+00	0.00000000000000e+00
13	21	17	18	4.20091839718706e+01	1.17959256715526e+01	3.00000000000000e-02	0.00000000000000e+00	0.00000000000000e+00
13	21	18	19	3.62020655110851e+01	7.85529410345941e+00	3.00000000000000e-02	0.00000000000000e+00	0.00000000000000e+00
13	21	19	20	4.23177681030373e+01	3.00140915527986e+00	3.00000000000000e-02	0.00000000000000e+00	0.00000000000000e+00
14	21	15	16	2.68232595105348e+01	2.95082441543866e+00	3.00000000000000e-02	0.00000000000000e+00	0.00000000000000e+00
14	21	16	17	2.64746444679872e+01	7.25165837669883e+00	3.00000000000000e-02	0.00000000000000e+00	0.00000000000000e+00
14	21	17	18	3.89961895928281e+01	9.43429570766021e+00	3.00000000000000e-02	0.00000000000000e+00	0.00000000000000e+00
14	21	18	19	3.49286267338271e+01	7.25224536388831e+00	3.00000000000000e-02	0.00000000000000e+00	0.00000000000000e+00
14	21	19	20	4.15766449905609e+01	2.94792465739919e+00	3.00000000000000e-02	0.00000000000000e+00	0.00000000000000e+00
15	21	16	17	3.24217448740677e+01	2.85352445643969e+00	3.00000000000000e-02	0.00000000000000e+00	0.00000000000000e+00
15	21	17	18	3.77003687049369e+01	6.28492411569096e+00	3.00000000000000e-02	0.00000000000000e+00	0.00000000000000e+00
15	21	18	19	3.41647764960323e+01	6.28486480894774e+00	3.00000000000000e-02	0.00000000000000e+00	0.00000000000000e+00
15	21	19	20	4.12379102466742e+01	2.85870133560762e+00	3.00000000000000e-02	0.00000000000000e+00	0.00000000000000e+00
16	21	17	18	3.44731108327852e+01	2.69877801346411e+00	3.00000000000000e-02	0.00000000000000e+00	0.00000000000000e+00
16	21	18	19	3.21290064992751e+01	4.71256657263856e+00	3.00000000000000e-02	0.00000000000000e+00	0.00000000000000e+00
16	21	19	20	4.06821856222435e+01	2.69518401673756e+00	3.00000000000000e-02	0.00000000000000e+00	0.00000000000000e+00
17	21	18	19	2.51607806649209e+01	2.35804208589538e+00	3.00000000000000e-02	0.00000000000000e+00	0.00000000000000e+00
17	21	19	20	3.82767616058953e+01	2.35756768146094e+00	3.00000000000000e-02	0.00000000000000e+00	0.00000000000000e+00
18	21	19	20	3.97685924808991e+01	1.57129732355959e+00	3.00000000000000e-02	0.00000000000000e+00	0.00000000000000e+00
0
