7.722498688534801659e+01
1.003249805086642823e+02
8.061363038264056513e+01
8.957953734664494050e+01
8.786380151704334196e+01
6.037844244851596898e+01
7.976744318549128820e+01
6.918884840381215895e+01
7.772703129398136923e+01
6.146290706770903967e+01
6.866313405189936248e+01
6.533927140880619788e+01
4.525894861325456020e+01
5.731737970237669799e+01
6.198171500678915180e+01
5.278321201088670023e+01
4.224057572395866345e+01
5.729392754133120036e+01
5.039878428289829060e+01
5.253641412209755401e+01
5.148603132842185914e+01
6.021197553149052339e+01
5.676350434712487214e+01
4.051706381747234786e+01
5.267890925947120451e+01
5.983528230605746501e+01
4.538034935361098832e+01
5.959498262980737593e+01
6.377145751097550175e+01
4.834488314164613598e+01
6.378050302267773475e+01
4.452001966010607248e+01
5.589531534458048156e+01
6.116133531411706770e+01
5.356546363646523901e+01
4.668964950085771193e+01
6.467697448046595810e+01
5.864618796984449034e+01
4.313978930038285142e+01
5.773094650263283256e+01
6.592347000251005795e+01
5.948197089616654409e+01
5.026152983149206932e+01
6.075182643561360152e+01
5.236085922449822050e+01
4.438297572001709312e+01
5.374197673260574959e+01
5.882539187652208312e+01
4.428148281498272354e+01
6.015800617471960976e+01
4.317258917317297318e+01
5.129582825072545660e+01
3.710334725890080421e+01
4.955081148805115276e+01
5.477207826643549993e+01
4.711904932794998757e+01
2.959561214577534116e+01
5.786044163154565467e+01
4.101086292763413610e+01
5.885175931675514249e+01
5.642934568776921367e+01
4.035940928405899086e+01
3.032864129706913303e+01
5.981129657187155857e+01
4.293168035025573204e+01
4.475363596452604753e+01
3.875176369330898751e+01
4.808098125249843235e+01
3.450317871827515148e+01
4.862453864983016416e+01
5.320838044270630718e+01
4.340308008456229061e+01
2.812497780577922768e+01
5.340352833459193249e+01
5.136899814127266239e+01
3.741481148710231253e+01
6.244992341686661064e+01
4.164217556095186978e+01
4.342999819428320762e+01
5.599343703949118378e+01
5.319576304459488370e+01
3.852658196896895504e+01
3.002651433054600361e+01
5.743904823325689080e+01
4.115600526613452814e+01
6.814456416237297276e+01
6.973799866413469317e+01
4.777683484824517990e+01
3.111238824707369588e+01
5.761737281380633391e+01
6.093942361971266308e+01
4.098735555231923655e+01
4.310880291373230477e+01
3.204008007073646525e+01
3.770754989953562131e+01
3.804887647642075876e+01
3.485689258508323007e+01
4.775297509765834292e+01
3.264253389022381668e+01
3.495212475705012878e+01
4.267663319100737596e+01
4.050983048609574411e+01
3.011546877961895063e+01
4.991559459160463774e+01
2.838922688813326545e+01
1.886441492439889700e+01
3.414634864728638064e+01
3.531013927849212308e+01
2.580834073355266867e+01
2.361804398920979509e+01
2.723922029444272397e+01
3.658506644404505437e+01
3.348238512564749669e+01
2.687391190699185017e+01
3.203668381373652352e+01
2.968594981590263515e+01
2.758192716757684693e+01
3.529938151387456458e+01
2.420637588444225230e+01
2.616091425043073215e+01
2.772105843263894087e+01
1.964263307666693947e+01
3.496124532784588723e+01
3.529315747785573620e+01
2.597852962721477965e+01
2.174286948577258016e+01
2.594983534843707673e+01
2.844786385425898700e+01
3.206974390537691022e+01
2.950621442965117325e+01
2.244203973706134647e+01
2.663276138410006766e+01
2.713896105354460531e+01
2.518766059605497176e+01
2.445248983434582613e+01
4.098779351660490988e+01
3.849104933283690855e+01
2.780154085861814650e+01
2.337638507431259782e+01
2.976598507468973409e+01
2.744628483988573819e+01
3.176715825055652687e+01
2.428515573095658198e+01
2.721511532154415747e+01
2.524248375953670021e+01
2.122609564287763817e+01
2.544944978987509998e+01
3.763187469625300707e+01
3.320793174595338115e+01
2.355751645460546939e+01
1.999828013237391033e+01
2.536423646711492452e+01
2.154287261722554803e+01
2.995754694843358124e+01
2.269749295560180258e+01
1.686640859348892008e+01
1.712618414417989143e+01
1.621722342706620523e+01
1.921066420593956892e+01
1.235100584443681448e+01
1.015564640337188784e+01
1.242210757696779666e+01
1.053221219237986084e+01
1.300392126615169985e+01
2.242903572642212850e+01
1.785819908928757016e+01
2.831307716703866006e+01
2.325195266983936904e+01
2.656741499421658048e+01
2.204146299753192295e+01
2.655207849694186706e+01
3.321939604756919806e+01
3.185399999039436381e+01
3.554341228666166330e+01
3.736436037828551093e+01
3.006170139564517285e+01
3.488062864905093363e+01
4.164732759197136858e+01
2.733171699515166253e+01
3.111701826650802261e+01
2.174983294217567575e+01
2.406790310531803101e+01
7.995916287822447543e+01
7.147072203585616990e+01
7.942808162613856382e+01
5.697412504283111900e+01
8.933016682806932351e+01
5.582847973555262655e+01
7.474788611533058713e+01
6.285884116678841593e+01
7.376201055681491425e+01
4.112304710231759941e+01
9.284558399780543425e+01
9.650285986073035360e+01
5.426016876472982631e+01
4.645598768615228380e+01
7.649579499384097403e+01
8.863209597841454013e+01
4.218805736934595529e+01
4.318617306547287882e+01
6.578093281934430081e+01
5.471342493256246087e+01
5.094641319032927385e+01
3.440835247724038481e+01
9.221238337632173909e+01
9.187872754330768998e+01
5.653430635330228426e+01
6.018647935782259850e+01
5.048354318868378243e+01
2.107523950599676255e+01
7.803508029110575706e+01
6.873939713971347487e+01
5.511983605370527073e+01
6.118130643974050997e+01
2.947741122885755871e+01
3.445803654432722141e+01
6.533027079342497245e+01
7.291763109422127798e+01
4.575140548808608543e+01
5.113682292917862782e+01
2.909415669049997533e+01
3.205288720612502829e+01
9.342566174348922914e+01
8.769446751291904718e+01
9.089801824375963690e+01
6.042676791531315672e+01
7.110032623765756910e+01
4.394480526884617433e+01
2.890700824206913211e+01
4.313874330153701919e+01
2.864929184537358253e+01
7.345376276725809817e+01
8.666111472451882491e+01
9.396389444430798221e+01
5.839464617213140230e+01
4.997619528732047911e+01
4.329669282838655420e+01
5.069154091911771332e+01
3.712490707717335425e+01
2.645220333718948424e+01
7.367254808071761829e+01
7.172702174048706070e+01
8.070717296596698986e+01
5.763564400429805801e+01
4.941729904826390651e+01
4.830396075242728671e+01
5.639291674976357882e+01
2.621977363159875907e+01
3.254119247831679473e+01
8.996856814826415416e+01
9.203331223980012510e+01
1.062549339331533815e+02
7.494826031866249139e+01
6.716224999898275883e+01
4.318679900378752734e+01
5.520724928220958816e+01
7.009939483886186906e+01
4.273664721835437064e+01
4.149595254360117025e+01
3.065794940431007731e+01
2.524267006490709520e+01
9.051361736008017544e+01
8.726351497172522897e+01
7.407363819457890486e+01
6.782648190850754588e+01
6.847958841824365095e+01
7.878122955336458233e+01
5.537711984243961894e+01
6.118000988129944773e+01
3.854127393815992519e+01
3.287554385942915047e+01
3.466983688303783850e+01
3.430959624688330933e+01
7.995916287822447543e+01
8.108083994021642127e+01
6.859121705948695080e+01
8.390963208374957105e+01
8.568720142636468040e+01
7.740625932827826716e+01
9.420713332305382437e+01
9.441541646923312214e+01
5.818048405502653964e+01
8.484181175307610090e+01
9.998022895930127163e+01
1.123469273535866364e+02
6.874614980114969853e+01
4.775480210832149197e+01
8.545523381082779224e+01
1.049351105775050144e+02
1.296882904995604235e+02
8.857950361837107778e+01
6.988339772493183943e+01
7.074531167695447209e+01
8.619057467206206979e+01
1.075452779319661403e+02
1.399637119001573069e+02
1.016160592700342420e+02
8.510385371297513757e+01
7.527825419527775352e+01
8.652468582831920685e+01
1.090836245900995749e+02
1.465368117401131940e+02
1.109822532307877054e+02
9.788770565177348715e+01
7.959513417693118242e+01
3.791738984579250626e+01
8.669596858271609108e+01
1.102893138332952390e+02
1.516538920962086650e+02
1.192131610951690277e+02
1.115017806792625379e+02
9.398757000559874086e+01
4.578044511980937870e+01
3.716761417925861366e+01
8.685119202910566116e+01
3.243050793313559410e+01
8.706067518124302751e+01
1.115027058734179519e+02
1.563462140586379974e+02
1.270695844005769573e+02
1.253776105387598250e+02
1.123104572806348642e+02
5.902604548624368874e+01
5.222265458658495163e+01
1.120781639142327464e+02
1.588994196547364481e+02
1.314860658496811538e+02
1.337380402774154220e+02
1.232279007657901815e+02
6.711877821503372843e+01
8.712879109152547130e+01
3.757082329861330550e+01
8.717031589636047784e+01
1.124756672140052700e+02
1.607221776781799747e+02
1.347141999233449212e+02
1.401174083175833118e+02
1.321130013376275372e+02
7.437449483056532529e+01
7.039373129162650855e+01
4.151375667128385771e+01
1.675366309298742351e+01
8.724015072006588412e+01
1.129150271908645067e+02
1.624973819287719436e+02
1.378299955979462368e+02
1.462424686182704647e+02
1.413409520420792376e+02
8.245419110893466552e+01
8.158933955501680657e+01
5.165902294535002426e+01
2.079722542027743870e+01
3.303400951704703203e+01
8.731177564551899195e+01
1.133176992430138483e+02
1.640482222551445659e+02
1.405405947355725402e+02
1.515851991096613460e+02
1.497090328080832649e+02
9.009685561188582881e+01
9.278910650796215975e+01
6.408601833559247041e+01
8.735879527423897173e+01
1.136024713581970644e+02
1.651795458962583041e+02
1.425362665764479289e+02
1.556016804727264855e+02
1.560964130879902996e+02
9.614509604138481791e+01
1.020578583353669018e+02
7.526999402016596719e+01
5.135227021093190558e+01
8.740686355164002919e+01
1.138672899999333197e+02
1.661875329175672960e+02
1.442997194804728736e+02
1.591307100140455191e+02
1.618234791773235202e+02
1.016792112881937982e+02
1.108068287282936950e+02
8.711320406226981561e+01
3.966120116706161980e+01
6.363159213446228080e+01
6.371985766065229484e+01
4.068118531073223210e+01
2.789447316877211591e+01
8.744036005528444377e+01
1.140635372947667179e+02
1.669536572395929852e+02
1.456486340421495811e+02
1.618676081917670615e+02
1.663021035567435888e+02
1.061096503734493695e+02
1.180261122153225131e+02
9.753650613114439238e+01
4.588778000745482899e+01
7.529195024059575303e+01
7.608909406066440795e+01
4.882152797931418320e+01
8.745867203389546773e+01
1.141937469554389111e+02
1.674979911074343590e+02
1.466232261625456488e+02
1.638944232678226172e+02
1.696359410663301048e+02
1.094958246203596133e+02
1.237130512631088521e+02
1.061776270739062227e+02
5.126577664884191421e+01
8.559109352976012985e+01
8.725903467815327019e+01
5.656050240994082401e+01
3.973718419887422471e+01
4.811203115331439761e+01
8.969371233421212253e+01
1.345739860926356926e+02
1.214322398855767915e+02
1.412777612028260990e+02
1.496034524109512631e+02
9.983339615838566772e+01
1.162371720766415280e+02
1.232739200109111408e+02
8.556079652311477446e+01
8.738246468014655477e+01
5.670840473524303604e+01
3.985147364391206537e+01
4.819374901763843866e+01
3.505517386217820786e+01
9.697535826152203242e+01
9.214615534874566549e+01
1.137677495953355020e+02
1.243112921085388365e+02
8.677650165564404006e+01
1.050810045585738095e+02
1.146306457302894302e+02
9.858138197981503481e+01
8.670879807982679210e+01
5.652994829494814155e+01
3.983157927548370481e+01
4.819149740026814044e+01
3.506484942680566519e+01
6.527835732947355041e+01
8.770225852972640723e+01
9.893609911570332827e+01
7.311709958024118805e+01
9.290260082097796612e+01
1.047337468168422561e+02
9.251552902378853105e+01
4.788175281408734207e+01
8.577527429289931149e+01
5.626826745794839724e+01
3.979145008809285855e+01
4.818015188849493313e+01
3.507418569119055718e+01
3.982805437026092932e+01
7.248985974988781322e+01
7.941219333678304793e+01
6.196904349548791657e+01
8.272801383287144006e+01
9.603617984539228303e+01
8.689425131208302844e+01
4.648663881516532115e+01
8.162774256112977866e+01
8.518739573902024631e+01
5.620052442767876499e+01
3.986222625856589730e+01
4.824471060888168239e+01
3.511294033454466756e+01
3.984451000097034523e+01
6.089060656386253356e+01
4.998340884329398648e+01
7.055082529481516929e+01
8.440622138855599133e+01
7.838633146819191211e+01
4.382411906554395387e+01
7.878122955336458233e+01
8.337145148898723335e+01
5.563237786105825933e+01
3.973760745785165938e+01
4.819197751145750885e+01
3.511701077838788621e+01
3.985006649337557150e+01
3.978875909774741615e+01
6.005282671943855632e+01
7.314188500864673870e+01
6.885224682103589089e+01
4.066344391925210289e+01
7.516155310483449625e+01
8.093894416182021700e+01
5.484007374696317072e+01
3.955299682988808030e+01
4.811138652584292430e+01
3.511911884536719697e+01
3.985624420012018732e+01
6.535877168966709405e+01
7.152664052752345469e+01
6.140689227141817241e+01
3.817388362195644902e+01
7.190341544974734234e+01
7.844251659948511701e+01
5.402972674520327701e+01
3.940455087351873686e+01
4.806043974810719988e+01
3.514001639231715757e+01
3.986989709895200207e+01
5.738363373334945550e+01
4.591184886597121562e+01
3.154563189045724059e+01
6.263629718149115178e+01
7.126497574122161893e+01
5.109301148000027837e+01
3.834297118148624861e+01
4.745864110463755026e+01
3.499446811188950335e+01
3.983255836637972891e+01
3.405712924840123890e+01
2.604542407947393556e+01
5.350968550165527660e+01
6.314731951796487408e+01
4.751026204731272173e+01
3.700541780944746506e+01
4.668932904432281106e+01
3.481423792588385879e+01
3.978842829244283053e+01
2.501225459306212429e+01
4.784776714113682061e+01
5.546634159906943040e+01
4.357050963049412218e+01
3.544974712659818294e+01
4.575051470836785938e+01
3.460431745831769490e+01
3.974029913478829457e+01
4.127548544909947026e+01
4.571484550695823401e+01
3.784511226697634356e+01
3.287554385942915047e+01
4.408946195048042682e+01
3.419713330803482876e+01
3.964023585391378646e+01
2.883946187985323917e+01
2.720773262443071872e+01
2.718651671989588792e+01
4.013488960523033455e+01
3.307344162722216652e+01
3.933802059541940821e+01
2.789903804533253506e+01
2.567106334920974575e+01
3.741859240027199718e+01
3.222651978562053898e+01
3.911017895775874820e+01
3.166289447426910897e+01
3.740119484035228936e+01
3.193794147745704493e+01
3.898219155682058812e+01
3.370951704034464314e+01
3.004181969032227073e+01
3.831578646694596557e+01
2.464382433719124066e+01
3.624068276505197872e+01
3.430959624688330933e+01
