7.100266011637594943e+01
8.581441072036044204e+01
7.478487388578810169e+01
9.877364045143245619e+01
1.020293811343066039e+02
4.952849056847690434e+01
7.058471149725160387e+01
6.575067981096762537e+01
6.795525068383983580e+01
5.811064733276840855e+01
7.573284668379662321e+01
7.532071335504009824e+01
3.681356516558315661e+01
5.104364141735718619e+01
5.565064953447893714e+01
4.852147749772393581e+01
3.525796383099656595e+01
5.203369675298286268e+01
4.872713240895357956e+01
4.792884709501175422e+01
5.301912840655542425e+01
7.013686229546431150e+01
6.833093470104003586e+01
3.436970753880635954e+01
4.905708619770221190e+01
5.496780701787566414e+01
4.463494649344693954e+01
5.653646080997817336e+01
5.527900955323463705e+01
4.479659089755801205e+01
5.718465496198074760e+01
4.071121674877106500e+01
4.866679994499063611e+01
5.408098178813450829e+01
4.867375485336466312e+01
4.235538872266699428e+01
6.995712859748567780e+01
6.381245095140857160e+01
3.290430090522872320e+01
4.844365646564442329e+01
5.506652807378910808e+01
5.226533791553722352e+01
4.501693541878277927e+01
5.184206039999646265e+01
4.670227451046517331e+01
4.062262628000851805e+01
4.711684135452807709e+01
4.892050176379178339e+01
3.883188117292825581e+01
5.172894081999027804e+01
3.816828201180841518e+01
5.386883703273093005e+01
2.733912681023187119e+01
4.048930786696774220e+01
4.541086267426955203e+01
4.054911365067420093e+01
2.651929274726362351e+01
4.973978858207070886e+01
3.614615513339081332e+01
5.722471865762787502e+01
5.147943792659359019e+01
3.911770359755568904e+01
3.002618806343056335e+01
5.640339975245844784e+01
4.134153882966972304e+01
4.344623771677157009e+01
3.913314847576053523e+01
4.692227768545762245e+01
3.163776403667118942e+01
4.898477543177216376e+01
5.460424955986604800e+01
4.510037174940954685e+01
3.096355122265096327e+01
5.781246850685464977e+01
5.320404672469543783e+01
4.140826573772371688e+01
6.126477594314993524e+01
4.478434054756474580e+01
4.348451072477753598e+01
6.100886080874836637e+01
5.558689474980182865e+01
4.273660541145297032e+01
3.508918548694034456e+01
6.412416523132006319e+01
4.811416036715008460e+01
7.417287708561602244e+01
7.739648755268328273e+01
5.232992280614529790e+01
3.744514711824197661e+01
6.776055899927817450e+01
6.824482489839407151e+01
5.145928526405064218e+01
5.013907944907701619e+01
3.534743976838877444e+01
3.631063910931735705e+01
3.846003078241258066e+01
3.598175326066546376e+01
4.692370495463298141e+01
3.624402486391809930e+01
3.614321054148806667e+01
4.265795181019213089e+01
4.060853459687540123e+01
3.264832579479693209e+01
3.559500070999033028e+01
2.046965141244559305e+01
1.596215386833408090e+01
2.832592818845447979e+01
2.868113418092505285e+01
2.329293538996567747e+01
2.149503815522096417e+01
2.399217238753187331e+01
3.356367726579486543e+01
3.300185758623806720e+01
2.981851694671061992e+01
3.092267328533624493e+01
2.991852887622803081e+01
2.837515146745763417e+01
2.830522801093936991e+01
2.302381269050323098e+01
2.293544304676928292e+01
1.502077754374300866e+01
1.446931157193357009e+01
2.662448811405720761e+01
2.809038840441278850e+01
2.412835279477625150e+01
2.231073516900866238e+01
2.292791726641441485e+01
2.707586294599763121e+01
2.785906791298586427e+01
2.817208959762644938e+01
2.092170389472287795e+01
2.160420958439020822e+01
2.216427754931423166e+01
2.142525863762538663e+01
1.054862265641683017e+01
2.042782237534603951e+01
2.268979756922970381e+01
2.104282463460309316e+01
2.000546558329400426e+01
2.131739125659978384e+01
2.199657399494444121e+01
3.090183496485934356e+01
2.412925299817167257e+01
2.343103011260473423e+01
2.411939978585487054e+01
2.251789660459869680e+01
2.294068976400607696e+01
2.359269936042159799e+01
2.526190947405423870e+01
2.528200904563800933e+01
2.395246503484518286e+01
2.465619093307416776e+01
2.365994305030491063e+01
3.221795593697334681e+01
2.094937087848127533e+01
1.578437155671896086e+01
1.464048717090126317e+01
1.612407869824912154e+01
6.494566736646938843e+00
8.182888469490714911e+00
8.387184343221720795e+00
8.921382862229126687e+00
9.025262805196872407e+00
1.141923118165408546e+01
2.125574600544887360e+01
1.541134738955042138e+01
2.031903591092446604e+01
1.936910353450667088e+01
1.845255957903927779e+01
1.905765435523960605e+01
2.422163289339230730e+01
3.034041095574802682e+01
2.329499063989932495e+01
1.963902133927105709e+01
1.609393872569190265e+01
1.743004632273162002e+01
2.276587663366949599e+01
2.796437116512988297e+01
6.814802538552167555e+00
8.541158074277852563e+00
1.209773630680362544e+01
1.507756488862929878e+01
7.190506877032165178e+00
1.128308944735214858e+01
1.379407937878290191e+01
1.407438779777951154e+01
1.681358906239105977e+01
9.226700619621020394e+00
7.301006689181981812e+01
7.032737583418872873e+01
7.470035806824263602e+01
5.576916153613243665e+01
7.740622574531430189e+01
5.863956531275010775e+01
7.359832350415788937e+01
6.878679502269686452e+01
8.297351211016518846e+01
3.257968778378157282e+01
9.671136954627641558e+01
1.051902274017725034e+02
5.508525780766591851e+01
4.255171886285814509e+01
8.137130019684845195e+01
1.031639875139254201e+02
3.446130003806933217e+01
3.122802805499634005e+01
6.580869544871161736e+01
4.562016102479248048e+01
4.208400287162081099e+01
2.439868529707496947e+01
9.532065541280782384e+01
9.586072248894436143e+01
4.689884480503626207e+01
5.326978211423031695e+01
4.793159700164408576e+01
1.122799825882935565e+01
7.592003030758111493e+01
5.973673622417481255e+01
4.964226947114861588e+01
5.122599724993443715e+01
2.751971958132648766e+01
2.442966455588031849e+01
5.866718614036381041e+01
6.396992607563964839e+01
4.267920726420310729e+01
5.127498152860029279e+01
2.590713453607982686e+01
1.819770438755938358e+01
9.142126269645103775e+01
7.500449358159326607e+01
8.164322716190741858e+01
5.474134451139393320e+01
6.486635549271645118e+01
4.332294749800242784e+01
2.853210983605129059e+01
3.112089234997980824e+01
1.487550042739966116e+01
6.584210858065330285e+01
7.921903843526966682e+01
7.963356769975263205e+01
5.396623057019208858e+01
4.835585334812283520e+01
3.909690466364128980e+01
4.973217636486084103e+01
2.659554488213800383e+01
1.539302582318005896e+01
6.879900105586989412e+01
6.662658216270027367e+01
8.124462670797339570e+01
5.379310223930814772e+01
4.840239591767193161e+01
4.048781880788171605e+01
4.712782504111624604e+01
1.988740441364023681e+01
1.500318112136262094e+01
8.218534972474260769e+01
8.459000892115226122e+01
9.790882109949072287e+01
6.848569304264103152e+01
6.602367916976247386e+01
4.124014225523269062e+01
5.025620497269802200e+01
6.599943408421913205e+01
3.447175922712322205e+01
3.190245952826295550e+01
2.438560886251524806e+01
1.235815212379936234e+01
8.324103891404375588e+01
8.262122342860340041e+01
7.330943691970490761e+01
6.150402844889296006e+01
6.334341176897564196e+01
7.786669576672763071e+01
5.051547627682191433e+01
5.211507358615131835e+01
3.438093919903654694e+01
3.152196714608623651e+01
2.560185721664447911e+01
2.067818336228110354e+01
7.301006689181981812e+01
7.555129795704567641e+01
6.998943097179063955e+01
7.806660912481376613e+01
8.695022695894006404e+01
7.695220919457845810e+01
9.257324606874342976e+01
8.629719660088488808e+01
5.592249577061993193e+01
7.820911308183711697e+01
7.829985312557982979e+01
9.631094231973216324e+01
9.756884558256105322e+01
5.907396174738271810e+01
4.744433471680487457e+01
1.014722602548738166e+02
1.137718702736507055e+02
7.896464056258258779e+01
7.383841927433752517e+01
7.829110829415293438e+01
7.905885052799098389e+01
1.040903712483064822e+02
1.231006471894758931e+02
9.181635048420781686e+01
9.163259657111383660e+01
8.546892982972407538e+01
3.368187813367894279e+01
7.938307253098122374e+01
1.056742651536988262e+02
1.291405290570172610e+02
1.010948591638360341e+02
1.064737276702554567e+02
9.175882933355498494e+01
3.023132151468768924e+01
2.058679843801017384e+01
7.956306429138015801e+01
1.068300322200117307e+02
1.336592498604671277e+02
1.088982017906898960e+02
1.218090639787740059e+02
1.095936563907788894e+02
3.828695940824944444e+01
3.083956901314260435e+01
7.969884425838266395e+01
1.771869115797156624e+01
7.988697584067003277e+01
1.079921825100239232e+02
1.377669357694984740e+02
1.161200403780191692e+02
1.369278397458540724e+02
1.306189473066048379e+02
4.927313465896641276e+01
4.490265434634510200e+01
2.745604091424046800e+01
1.085344467622718128e+02
1.399936649323036022e+02
1.202516051357007143e+02
1.461177689306218781e+02
1.431662488156323150e+02
5.608669357601529981e+01
5.445460979937087131e+01
7.994400915251016215e+01
3.477044832315934286e+01
8.957942633121877662e+00
7.999091062749243974e+01
1.089549660291006177e+02
1.416975689590614422e+02
1.234521962068472760e+02
1.534634235893055916e+02
1.538534053600132552e+02
6.233812841222879797e+01
6.375125692636614616e+01
4.336486275326064543e+01
1.367767768362035063e+01
2.337129668575023089e+01
8.005823785553376126e+01
1.093922043891289775e+02
1.432905419527922675e+02
1.263859509739241105e+02
1.602227798949236899e+02
1.643850732446800009e+02
6.883363438443686277e+01
7.373859871226859752e+01
5.358104022226414997e+01
1.872443577167136652e+01
2.922752066114757241e+01
2.235109308489834490e+01
8.011991165783638280e+01
1.097669581407968167e+02
1.446180645721561007e+02
1.288268865618803716e+02
1.659127447092961347e+02
1.736255049254266680e+02
7.480236348930313284e+01
8.336294296348576438e+01
6.521060850944090248e+01
2.472069550980389607e+01
3.840277447129293620e+01
2.760991529194841831e+01
1.038416325103387905e+01
8.016653761150608659e+01
1.100561753523573429e+02
1.456510018912945270e+02
1.307402779835395563e+02
1.704372819283301794e+02
1.811499642091550299e+02
7.984910718449199862e+01
9.188103138268044745e+01
7.692387962456206196e+01
3.115144780379042544e+01
5.021119903336916224e+01
3.843652847815844353e+01
1.730032972636366040e+01
1.137349452528815874e+01
8.021042106471385580e+01
1.103119964694399187e+02
1.465384187568575101e+02
1.323707405502149186e+02
1.742938422297219461e+02
1.876864500952135870e+02
8.433052483726297055e+01
9.965426734306065271e+01
8.866459345764421585e+01
3.785060321819204177e+01
6.326205124305784011e+01
5.107514975454271422e+01
2.559919553549717719e+01
1.951878324518441943e+01
1.938576234424667177e+01
8.024248323889250400e+01
1.105068709688058419e+02
1.472259227356772442e+02
1.336411559818423882e+02
1.773243953263794026e+02
1.928470138049352158e+02
8.793898193282939246e+01
1.061043972417387948e+02
9.897330958113863630e+01
4.402442098307378160e+01
7.553905335065256565e+01
6.321708134897858145e+01
3.383214175409570146e+01
2.738129310758416679e+01
2.977927622401157137e+01
1.532002991362590727e+01
8.025996036115074617e+01
1.106355721210049268e+02
1.477129315870202220e+02
1.345624160845488007e+02
1.795653947735684142e+02
1.966595987156145213e+02
9.067145699962505034e+01
1.111658357496723823e+02
1.074924533898732903e+02
4.941930220945995700e+01
8.660315352451111437e+01
7.464965998172239381e+01
4.203010745148634442e+01
3.575880304978795010e+01
4.222477105138377595e+01
2.680599107886995824e+01
8.436970574159558112e+01
1.173741583500062831e+02
1.117497213586257487e+02
1.549775846144932530e+02
1.734771459202728465e+02
8.257776101184947493e+01
1.044171109840464027e+02
1.047368709684328678e+02
4.901500103907936534e+01
8.634403995576944624e+01
7.478237972338374107e+01
4.230391655130551243e+01
3.590955718706477739e+01
4.228953830487873944e+01
2.730470328598345731e+01
2.682436620070016531e+01
8.468829866285796015e+01
8.555497523689936656e+01
1.249556328839480983e+02
1.440150981465133952e+02
7.162863678102648635e+01
9.431103633264397956e+01
9.760568236374231788e+01
9.892018586019200654e+01
8.491638029649550390e+01
7.422385249769493498e+01
4.232377394470842091e+01
3.593678581021740115e+01
4.228083593329349554e+01
2.732819955260591271e+01
2.683594218899111183e+01
6.405562137929651101e+01
9.827516419459411168e+01
1.155831877114525525e+02
6.062677554476069730e+01
8.379378486803022952e+01
8.990455617866037130e+01
9.265206412822179516e+01
4.618262203600352223e+01
7.358060213735767263e+01
4.237578591395360661e+01
3.598790281157482696e+01
4.228039858990785405e+01
2.736102087554282392e+01
2.685141186973378780e+01
8.324086051086470661e+01
7.956629485796226220e+01
9.049576858820870484e+01
5.031721644849044139e+01
7.356753949338404652e+01
8.209715806420352635e+01
8.577946026987669370e+01
4.454100701787083949e+01
8.139362389123040487e+01
7.291866544791432148e+01
3.609444089176353998e+01
4.230406250536085366e+01
2.741107305649185122e+01
2.687360779609754857e+01
4.251472572116998805e+01
3.924150196840032123e+01
6.142668295748342189e+01
7.175742276281503962e+01
7.610470778822845261e+01
4.170026047682930681e+01
7.786669576672763071e+01
7.122359251919613143e+01
6.636785337513559568e+01
3.603539334628320745e+01
4.222825410393501500e+01
2.743602606424974510e+01
2.688916910486711487e+01
3.423401440239032922e+01
5.546968646272922854e+01
6.556409072856236264e+01
6.765506791628575911e+01
3.953866135296380691e+01
7.500632610517905619e+01
7.003096004420490317e+01
4.247915186703344403e+01
3.619492575486254538e+01
4.225578517042232107e+01
2.751411052314880834e+01
2.692374613295404728e+01
7.117895760861863153e+01
6.224124867686193596e+01
3.899296954924063385e+01
7.366071904678769044e+01
6.980802436467517680e+01
4.335063338011065071e+01
3.671803553626698147e+01
6.773380389830713000e+01
4.244582155231589837e+01
2.767202910201196886e+01
2.698595122633795640e+01
4.789109509418668154e+01
4.263797134515839815e+01
3.108733748810470843e+01
6.253370351300048924e+01
6.296422751727121181e+01
4.126350002921688542e+01
3.580102846873860756e+01
4.186598262699722994e+01
2.758568516137796678e+01
2.697639516150764294e+01
2.464017707772159937e+01
2.340837938898879145e+01
5.069163731149691898e+01
5.509435563285479276e+01
3.881904213952260818e+01
3.471404949913701898e+01
4.115261188849282092e+01
2.749794492021866077e+01
2.697360324710205859e+01
1.506736151178514227e+01
3.700750609371060307e+01
4.499962792736103268e+01
3.526554968229378062e+01
3.303515184957220896e+01
4.005226244260276047e+01
2.734080195471021568e+01
2.696071591308077586e+01
2.837725017180908793e+01
3.635257086361982459e+01
3.240935114748177881e+01
3.152196714608623651e+01
3.879781169020075993e+01
2.722605661262831589e+01
2.697548167131791530e+01
1.734159897201100620e+01
2.230101359324716626e+01
2.572914703681030701e+01
3.506688583144792659e+01
2.636181932824939267e+01
2.679898021078267689e+01
2.106405901671051595e+01
2.327924250751075164e+01
3.174067164502826799e+01
2.580110960770064921e+01
2.675305815029617307e+01
2.107147274298954187e+01
2.651753237456518875e+01
2.468450479933362018e+01
2.663238101773760746e+01
1.527558431830195929e+01
2.064609676392606730e+01
2.580109079375073122e+01
1.392349817168926940e+01
2.398247804320305221e+01
2.067818336228110354e+01
