8.382594743856401465e+01
9.926802490109385246e+01
8.084195974444321564e+01
1.619200265067968871e+02
1.395946046887920033e+02
1.005274304417153957e+02
1.727003416338977217e+02
1.941447922991267205e+02
8.241741199754424940e+01
6.510338604079531422e+01
1.218000869035522555e+02
9.820996071103259339e+01
7.073882188406655303e+01
1.270900699686243343e+02
1.175497234597876997e+02
1.703738606212104685e+02
6.233723071735558818e+01
1.082508934099828650e+02
1.178393509090565914e+02
2.300476525982575424e+02
5.318378478217888983e+01
9.836979406802997516e+01
7.735680910254605180e+01
5.753902827985687907e+01
1.052697551468065882e+02
9.254584821765297420e+01
1.115005644425099263e+02
1.773733384952013807e+02
9.561526224747383651e+01
1.151918094188046950e+02
1.843272256993332689e+02
1.737989431900129205e+02
1.037227207853108268e+02
9.638919493819889794e+01
1.403363326520888279e+02
2.005783062270408266e+02
9.596188830825448690e+01
7.146183717030999105e+01
5.521032560264512057e+01
1.028394604834860644e+02
9.124602012779352833e+01
1.024194356205430267e+02
1.097528957442370228e+02
2.054662437986012549e+02
8.363056987630118044e+01
9.104389046929597384e+01
1.729103353272448942e+02
6.938671405093721489e+01
8.279555952432338017e+01
1.354190369336593278e+02
1.336054525803584170e+02
4.032660786602242098e+01
3.322752251387777989e+01
6.327754544146672799e+01
5.690501177809363753e+01
6.278205622020797705e+01
7.222548749562997727e+01
9.793002757257450241e+01
1.237720819947370643e+02
9.612926333132422485e+01
2.232388719410902524e+02
1.807182538617670673e+02
1.061743243860251482e+02
1.442362732035763599e+02
1.817601714926219643e+02
8.982634560397812606e+01
9.865453785028707046e+01
1.849399906386657051e+02
5.190667435346885838e+01
1.035339669130990501e+02
9.626273633599124935e+01
1.052689436911758776e+02
1.228083126317809217e+02
1.104275518598429073e+02
2.513355493959624880e+02
2.095811846187349090e+02
2.253228623451009867e+02
1.710877388622731701e+02
1.875397448421062450e+02
9.728073959705628226e+01
2.143349707533679407e+02
1.771248802891042544e+02
1.155200275519257076e+02
1.594609262306828441e+02
2.007464606716832520e+02
1.114341195103442459e+02
9.577346028099451303e+01
9.705626238327594990e+01
1.113595600547565994e+02
1.034880560205245956e+02
2.320867008638486482e+02
1.734752278452423866e+02
1.998776062535037852e+02
1.052058760754950839e+02
2.018657835387842852e+02
1.721417868182918482e+02
1.435123365008850556e+02
1.858992218276846415e+02
1.426293944331662260e+02
1.684910247830191565e+02
7.411210370982645657e+01
1.608585054890834840e+02
1.392238642422971111e+02
4.667609636143437513e+01
4.786249070406610429e+01
5.744488929689656942e+01
5.732402500699444658e+01
1.268541168267634731e+02
1.119904175740089727e+02
9.727024692707905729e+01
9.282064462720961728e+01
2.038719930023467271e+02
1.413538756179769678e+02
9.915699295561276472e+01
1.940990436600365570e+02
1.522377163336784349e+02
1.347010603998979832e+02
1.594009552952223316e+02
1.181661552620373499e+02
1.491648870384618988e+02
5.439175334359307357e+01
7.307489900207055200e+01
8.165161423841976784e+01
1.779578920780768669e+02
1.538110121818626510e+02
1.001384932651306485e+02
2.009584482193432962e+02
1.816940864996389564e+02
1.877254472423410903e+02
1.374183379522954169e+02
8.338074277169592108e+01
1.677555166970832659e+02
1.275142515847060309e+02
1.223388525629112280e+02
5.357268546803887688e+01
6.906797441086989409e+01
1.397508247865779367e+02
1.124973497811279515e+02
7.892784202576011410e+01
1.603090984863329993e+02
1.239372296976198129e+02
7.803328152321202538e+01
1.835350513991039350e+02
1.824867043575199830e+02
1.435514260162458982e+02
8.765549151408824002e+01
1.796928762461874669e+02
9.701889159331906853e+01
1.679619211646502208e+02
1.187287289274065216e+02
9.263898667679040955e+01
1.879406774143905636e+02
1.976175517821715459e+02
1.042739248280375648e+02
7.766045155431517344e+01
1.748088739448315323e+02
1.627819309192353785e+02
1.408501690832530073e+02
1.281786640755809117e+02
7.707061887981139137e+01
7.144043927832358065e+01
1.484168647549450668e+02
1.658646678250489970e+02
7.893616077792906083e+01
6.047109533570301920e+01
1.058899610451630622e+02
1.783941859799158891e+01
2.449893539623030847e+01
5.746799133927233783e+01
7.159887026778315544e+01
3.714918250380567599e+01
5.474683313922192696e+01
6.566703217377182966e+01
4.992303619137560844e+01
1.040256570941887020e+02
1.410467124034942117e+02
8.192585546339603297e+01
1.127268816295565728e+02
1.109114605474105844e+02
1.353758423348403994e+02
9.082434026463081977e+01
1.021330922780488066e+02
1.946816553269743366e+01
1.939722691903439866e+01
2.394031511057183437e+01
5.647885893405957347e+01
3.903168210156572115e+01
1.515397725804930751e+01
6.887567240680004943e+01
7.457056507853438632e+01
9.082001492763552619e+01
5.279365201920872863e+01
8.325403481593615140e+01
9.037893206733143359e+01
1.033467386690475820e+02
8.523956939004769140e+01
1.221566793732584273e+02
5.257426052979693054e+01
1.314378245454880130e+02
1.692208964094895123e+02
8.721567211077690729e+01
9.022976332457878357e+01
1.328656163671566048e+02
1.491349198954648898e+02
8.407163663722276681e+01
6.637705253035498743e+01
1.237402198638313706e+02
9.196215891102347939e+01
1.076133105830185457e+02
8.892805751011538007e+01
1.692588746508839677e+02
1.491051015982364731e+02
1.215808741894042555e+02
1.540943048684215455e+02
1.233230752281732379e+02
9.127494711562673047e+01
1.417897207890192988e+02
1.382485745125108849e+02
1.241228271755191912e+02
1.132745456338034842e+02
9.809075674261430322e+01
5.895717821997696007e+01
1.343895885453975723e+02
1.478578873084892678e+02
1.210377771522119019e+02
1.329527868856791599e+02
7.834038645289142266e+01
1.086314253755749206e+02
1.657580208136728857e+02
1.553059959464057158e+02
1.933780943037531870e+02
1.517698836683687489e+02
1.500416760994266383e+02
1.141821997054595528e+02
1.386865110097722606e+02
1.077339212196462341e+02
8.223723027895698579e+01
1.535230346456236532e+02
1.693171953822559033e+02
1.505138021046451797e+02
1.198888652098146252e+02
1.450334728598416234e+02
1.214829634737883737e+02
8.246869097641183544e+01
1.468886173548211787e+02
3.694401496374229055e+01
1.412162445278557072e+02
1.529880030222437313e+02
1.629840970464440488e+02
1.340106018584851313e+02
1.143835646392779921e+02
1.282464855332680429e+02
1.719983510190378411e+02
7.954167093349768436e+01
8.245813574987300854e+01
1.554488123155138908e+02
1.826636516579198144e+02
1.759197828405890505e+02
1.531065394037463818e+02
1.423754359321145557e+02
1.648716202818382044e+02
1.494591093364968515e+02
1.522762588322349586e+02
1.239772705757979310e+02
1.462347408886154199e+02
6.041277434636881338e+01
3.775563487253777595e+01
1.776450295454646096e+02
1.609753728443707246e+02
1.868212761979184506e+02
1.578313238836629182e+02
1.604244383977890323e+02
1.056552102599274292e+02
1.272792746453814487e+02
1.870245687282222775e+02
1.027157618290572856e+02
6.960038082836429396e+01
7.669365900159299088e+01
2.806323966581208396e+01
6.887567240680004943e+01
6.204384770615687472e+01
6.993074745107146839e+01
6.160168800603833716e+01
8.662342794579930683e+01
9.442855766175766519e+01
8.270041632963585698e+01
9.238682963777826274e+01
4.899278021027476626e+01
5.792470500845825399e+01
5.665819281709237032e+01
8.352360054918790411e+01
1.028802101302186287e+02
6.235826781793864626e+01
8.141095572947132553e+01
8.568678601678033147e+01
1.148154559326579687e+02
8.060142142568835766e+01
1.302590539344941476e+02
5.640097357305705827e+01
1.151126958642398108e+02
8.470817251254831604e+01
1.165237558938770519e+02
8.638773237537910177e+01
1.493897710219126509e+02
1.215602336930053013e+02
5.489819110575324856e+01
5.558328244111221750e+01
5.515491867981189955e+01
8.445547130241324396e+01
1.187669474381017380e+02
9.228227503576314916e+01
1.706791243142403403e+02
1.416677030486796696e+02
6.970516969423233888e+01
7.421788390017653114e+01
5.475969444831748234e+01
8.399431963938160095e+01
1.197274844294822884e+02
9.608416046792942211e+01
1.870222054900966953e+02
1.618556572608376030e+02
8.772956905286103790e+01
1.108482768104464640e+02
7.111460027041044896e+01
5.440103579173735682e+01
8.342885433796598704e+01
1.198310360661531888e+02
9.817558614987137844e+01
1.977085062534033000e+02
1.765746909923673513e+02
1.026312756530655861e+02
1.433038416345996495e+02
1.039732818144698143e+02
1.168513073625214389e+02
5.421128059210197137e+01
8.324360341165505872e+01
1.204399711204133467e+02
1.003788363389578109e+02
2.078441083835181757e+02
1.911617119476313746e+02
1.173660338981100324e+02
1.755196286018981482e+02
1.348260001353542918e+02
1.543800251316030199e+02
1.192345540388314333e+02
5.367796656481590389e+01
8.188355943059725917e+01
1.178988793098119885e+02
9.820263338162355637e+01
2.036183967659063399e+02
1.853207194477060398e+02
1.151978001102463480e+02
1.746541179216189619e+02
1.321307822020991978e+02
1.421007425714081478e+02
1.020999495206921210e+02
2.852372032687840431e+01
5.327167898343351737e+01
8.087400917562990799e+01
1.160796141542762854e+02
9.675263190016735848e+01
2.012405478310361673e+02
1.828589713311764342e+02
1.157313074224799294e+02
1.799084975446528176e+02
1.394864209725469095e+02
1.553077390610142459e+02
1.250961114138844721e+02
4.907739572867449596e+01
7.649850809698510545e+01
5.313703826824800558e+01
8.064504550556728191e+01
1.159808557543448586e+02
9.723885686598647737e+01
2.042428527439841162e+02
1.876077262267933747e+02
1.215766955737569504e+02
1.948348499179808186e+02
1.559639408108617431e+02
1.799009498364985120e+02
1.562129300631433182e+02
7.194942728242649821e+01
1.278536647346236066e+02
1.167724850995125649e+02
5.286548887753308890e+01
7.995959278167670448e+01
1.146845595609480029e+02
9.606827875869633715e+01
2.016810942694324353e+02
1.841695862974519002e+02
1.200260760134779190e+02
1.937153565183909620e+02
1.550685658870515056e+02
1.775728833660602390e+02
1.593805407193856638e+02
8.051185969150638755e+01
1.502422955861425180e+02
1.281297121020236602e+02
2.274658232603461627e+01
5.267760957319406856e+01
7.950056194045944835e+01
1.138513311808591624e+02
9.536544920333874131e+01
2.002527023138289053e+02
1.821104685835385055e+02
1.191911905441295829e+02
1.931816390655647240e+02
1.539602773130723108e+02
1.731543152334521380e+02
1.574170133038894335e+02
8.424458082492250810e+01
1.557735526041531386e+02
1.212639963173059954e+02
2.910214092369708538e+01
5.298221051785007774e+01
5.264766993102098525e+01
7.950448716987904163e+01
1.140794009601683427e+02
9.593841143509692415e+01
2.027001622692877447e+02
1.856971984797997948e+02
1.231478717391808715e+02
2.029337715860441165e+02
1.645081708649418886e+02
1.877307409541425613e+02
1.757478187231057234e+02
9.905519827595597349e+01
1.874447367973292842e+02
1.398257018763125075e+02
3.836223978660486011e+01
4.612208711516275628e+01
1.688867417720514297e+01
5.258946482761428598e+01
7.940827235863363853e+01
1.140332239526626523e+02
9.611756637376970502e+01
2.038010774114744379e+02
1.873506164640964755e+02
1.252969910158230675e+02
2.086806235999739840e+02
1.708200837677803179e+02
1.961322212489327228e+02
1.874376952155385538e+02
1.099035869364278284e+02
2.116869800963818875e+02
1.563132561872770623e+02
4.725962601710062216e+01
5.293942240421797862e+01
2.029166921819941294e+01
2.114900712744490985e+00
8.233986821906150055e+01
1.068001482173126107e+02
9.029073598677797463e+01
1.910608235351139115e+02
1.756543674631024317e+02
1.204261561712161637e+02
2.044776418937957203e+02
1.694943812233640301e+02
1.955018813273202340e+02
1.893357107664682246e+02
1.128440547407384429e+02
2.182057200522207836e+02
1.613081187320499339e+02
4.912413294828625254e+01
5.501251308083273273e+01
2.111826342136549428e+01
2.204328487674488191e+00
9.064952556105215820e+01
7.798914451119142655e+01
1.648238577545957639e+02
1.524076499924522352e+02
1.085398482066139678e+02
1.898246146151335836e+02
1.608446217601513126e+02
1.879339752164787853e+02
1.857084170541983212e+02
1.131066893871216195e+02
2.206493583556847966e+02
1.639586277261244049e+02
5.039686678294031452e+01
5.654284644558592987e+01
2.176047161942888408e+01
2.275624075388048784e+00
6.161336553955044337e+01
1.324967280531784297e+02
1.242142854630115778e+02
9.348342689085544066e+01
1.701742099321106423e+02
1.485092309174852687e+02
1.766463564005649687e+02
1.791569756565498039e+02
1.121593131901519342e+02
2.215129102455694294e+02
1.658881222250891199e+02
5.159175414338032795e+01
5.806450810435879362e+01
2.242091838563378658e+01
2.350103012485054155e+00
1.083808845593923849e+02
9.864563866196320419e+01
7.925277816028659572e+01
1.506940673906007930e+02
1.356761627149350034e+02
1.640147787615795210e+02
1.714189786179196062e+02
1.110189194660329690e+02
2.223832421569732105e+02
1.680708561406369199e+02
5.305354077802908108e+01
5.993952674622951804e+01
2.324130234803409323e+01
2.443005820891644753e+00
6.016872222142117721e+01
5.707232371885424982e+01
1.186026174038608332e+02
1.134737265308372827e+02
1.423595464894924874e+02
1.557820131153926013e+02
1.056552102599274292e+02
2.169165088657310321e+02
1.668189306873914006e+02
5.370204166181973449e+01
6.114437718272568389e+01
2.385301135923850424e+01
2.516428826659564244e+00
5.368000873081976465e+01
1.113885668034010479e+02
1.072603547958066628e+02
1.322517107489019850e+02
1.491437642206859664e+02
1.063359307451070634e+02
2.208376149378778450e+02
1.712229594765897502e+02
5.650068793712432580e+01
6.462728874132818646e+01
2.537136498241075699e+01
2.688264634026972022e+00
1.114185502015156999e+02
1.018062736949762126e+02
1.198132288117949571e+02
1.392925035580632027e+02
1.058070367765153463e+02
2.222420746554890911e+02
1.741298959321418636e+02
5.940126405144291510e+01
6.845931128204976801e+01
2.711161380763129003e+01
2.888784154634486789e+00
6.576025567172753483e+01
8.605947852126745090e+01
1.112059919917120254e+02
9.391386266925516679e+01
2.063742417417816455e+02
1.676648786333384464e+02
5.995857792107845796e+01
7.044038067900420685e+01
2.829640334102167287e+01
3.038725902346732344e+00
6.540126956730564700e+01
9.358621471602428699e+01
8.987005006220115888e+01
1.999633123743848842e+02
1.656898921622022840e+02
6.319765695073367340e+01
7.562641969747892290e+01
3.091942760286508474e+01
3.354626775700930708e+00
8.046568941944447317e+01
1.812079611486566364e+02
1.550553775106511125e+02
6.499365766542555889e+01
8.032774704338805805e+01
3.374179599300742183e+01
3.715372861107439029e+00
6.764276279113595081e+01
1.754060148331058144e+02
1.446619161789048746e+02
6.960038082836429396e+01
8.910226829412684424e+01
3.886229787056516471e+01
4.371230504963894425e+00
9.111394257922343343e+01
1.164559114784482432e+02
7.006128899183376291e+01
9.651454477348252681e+01
4.490618694241053532e+01
5.224542550314793310e+00
1.453412422883099566e+02
5.252427080463337461e+01
8.870155687066900896e+01
4.696305518904002696e+01
5.798709094191399238e+00
5.485908131847209290e+01
5.095120271883622820e+01
9.382188123443201277e+01
5.953464121020243027e+01
8.121741247871314684e+00
1.288945246543540790e+01
1.035820518402751276e+02
7.853336311189839591e+01
4.905688758058681742e+01
1.371437604973848856e+01
2.806323966581208396e+01
