7.061951686226163361e+01
8.627279772583166562e+01
5.275058421303686629e+01
1.002167330097060045e+02
1.099072011003686669e+02
5.742414074601264673e+01
1.028368623802877835e+02
1.001095980426444498e+02
5.034394326592201452e+01
3.224864882681065836e+01
6.112880106118484491e+01
6.325278980490373471e+01
3.327055317710943427e+01
5.349819384805924471e+01
6.711220384496554914e+01
6.386056470498829896e+01
3.354587421566432681e+01
6.073995277288674544e+01
6.046798412160699598e+01
8.558809819266051022e+01
4.318176335823567769e+01
7.589410917353498576e+01
6.688441226824589592e+01
3.370251338869284297e+01
5.405727771939643134e+01
7.132810972925989290e+01
6.355855733393974560e+01
6.843346097453147081e+01
8.153385956740318363e+01
7.352424107075110271e+01
8.008238212113958809e+01
9.728179352359066456e+01
6.299844537452016624e+01
7.928017786990740490e+01
7.643278838555328036e+01
1.061214722181703252e+02
9.061780948429014870e+01
7.760217775637057969e+01
4.046249591590451189e+01
6.810353604555267282e+01
9.200266850996760581e+01
7.968367033160699009e+01
8.220971601302656495e+01
1.267466793631910207e+02
5.608626803991347742e+01
5.850190874160837495e+01
9.097683674527141306e+01
6.213286795285935682e+01
5.885226354038682928e+01
6.729361990248411018e+01
8.622755358429753869e+01
3.947557726152843571e+01
3.355180788377293766e+01
4.507439954587218978e+01
3.965128084271028541e+01
4.628783608386530801e+01
4.093874650501233248e+01
6.702193358409719792e+01
5.353795402239456536e+01
9.136370700133711864e+01
9.045803770480527817e+01
7.373266020969610679e+01
6.527980366076270968e+01
1.069278248956383237e+02
5.939209488086554956e+01
6.194656474617256237e+01
9.523704979588700326e+01
3.284529075787164487e+01
5.888311367181060518e+01
7.845816662495886362e+01
7.066234994338313413e+01
8.307556735172293827e+01
6.229529652357854275e+01
1.071878678293051195e+02
1.094340415880878226e+02
1.308543514817073969e+02
6.727479122325338778e+01
1.127694246035676997e+02
1.055066611512999941e+02
8.350829580507635796e+01
1.254758848434149741e+02
8.572287014532129490e+01
5.421623486848344697e+01
9.375676513992117123e+01
9.916358188575622989e+01
6.412919443755180282e+01
8.772181509743310812e+01
1.230945164593461243e+02
6.483920592807346850e+01
1.033084331034864647e+02
9.919815668260361008e+01
6.306722489792657171e+01
9.308699835054831340e+01
6.433145964834623953e+01
4.451423912875655020e+01
5.424774066683427520e+01
4.429366134197435656e+01
6.701902115551565942e+01
9.295422685509478811e+01
1.109510341797413275e+02
5.962202152433455637e+01
7.113061728934010830e+01
6.850140955637598950e+01
9.442254836238207361e+01
1.198276108888750286e+02
6.408467665700010230e+01
1.075084415416031760e+02
1.037406486805886914e+02
6.606746188138052389e+01
5.632076246570004230e+01
8.501223716569580802e+01
1.158187630125816128e+02
1.375238130856649263e+02
7.296702470467644730e+01
1.012227344741044703e+02
1.149930164813202111e+02
6.794310328923870657e+01
6.178448417266981352e+01
8.590251253442831114e+01
1.167503418548185579e+02
6.478069304500084513e+01
4.607270739562366657e+01
6.840321824257701167e+01
8.985532759405450065e+01
1.048893906637140390e+02
5.634906059037493264e+01
6.100999025482045823e+01
1.070950758188679401e+02
1.128233763484383019e+02
6.904013225765193340e+01
6.121377692713210195e+01
8.473069000695595321e+01
7.926462363244039011e+01
1.014651828080311589e+02
1.168333822979290488e+02
6.399104594963675652e+01
7.017031415153057594e+01
1.189681248516559435e+02
9.640820987529903618e+01
5.508414430994412214e+01
6.203339676872268171e+01
7.165702710910055373e+01
4.112299464977994745e+01
4.646705268949229861e+01
7.919104671487899338e+01
8.432748276175902902e+01
9.705942179682860171e+01
8.034538696706748340e+01
5.136118032552280965e+01
6.182039269331293241e+01
1.072599402688244652e+02
1.147240716233488200e+02
5.662346393979996861e+01
7.510080082827226988e+01
1.332491215729329497e+02
1.431699954135364976e+02
7.605532761250340457e+01
1.348654045616105179e+02
1.431879453395965811e+02
5.933749244915072296e+01
6.035210462261265718e+01
4.844683920895333529e+01
4.142361273987844328e+01
3.695645633358934390e+01
4.581750864518772914e+01
3.762985791037044692e+01
4.844776729615072952e+01
8.120494609823578003e+01
3.620158326131756610e+01
6.863422822119966327e+01
3.717588564986299104e+01
3.539334005041953191e+01
7.006650338729127725e+01
4.243496254636578158e+01
7.551423426512879189e+01
9.300728285168266041e+01
7.034636971286218454e+01
4.540106292019289214e+01
8.742212667858352404e+01
1.108474008523022576e+02
4.839040344019770146e+01
6.842538925216082646e+01
4.546625258829981675e+01
9.101433413006380135e+01
1.168729106588042157e+02
5.185465769333919894e+01
5.218600027768864180e+01
6.776422083022777088e+01
4.621537516532467293e+01
9.609891706207667994e+01
1.272249261190898437e+02
5.908213395122012201e+01
6.635075979102336419e+01
7.326993062564864090e+01
3.462519596563322466e+01
3.185298878449524906e+01
6.675667632246491223e+01
4.620887458930611302e+01
9.826556933181842624e+01
1.324663441920684193e+02
6.374655729792592496e+01
7.674583741198784992e+01
8.674224509203672540e+01
5.908889387753919920e+01
3.457974607915144105e+01
3.165409108005870564e+01
6.673298766236487722e+01
4.695230040560715423e+01
1.024422537343833000e+02
1.424501862964941949e+02
7.208735291695376191e+01
9.370555641593266216e+01
1.136451087164969209e+02
8.380905751235451362e+01
8.865692980176115157e+01
3.449206408707541271e+01
3.130934551693165702e+01
6.602402033650182034e+01
4.679069150184898973e+01
1.032968436174409987e+02
1.454497845878001101e+02
7.572363890278438703e+01
1.031147730063678978e+02
1.292899265095171017e+02
9.773306445130587861e+01
1.066013690185930187e+02
6.437740056084412288e+01
3.437263631498783667e+01
3.086014297068339474e+01
6.483090039353974987e+01
4.598765939690323279e+01
1.017219392216786105e+02
1.431275781050711657e+02
7.550939892257025576e+01
1.056757503310246591e+02
1.343364857027281687e+02
1.021848611550669403e+02
1.113186119758856449e+02
6.888598889382544144e+01
7.972323484774213398e+01
6.358778740068711954e+01
4.502618559159221689e+01
9.935473119092370098e+01
1.388525041419182742e+02
7.361036696917587108e+01
1.046877779262202637e+02
1.334681903926552309e+02
1.011225546570447165e+02
1.081198437435022441e+02
6.630684243046778192e+01
7.851583327878380203e+01
7.741770117609523538e+01
6.342100379139112931e+01
4.510257563385381729e+01
1.002015720258421538e+02
1.412355865695227237e+02
7.620281009107979742e+01
1.113402110881533105e+02
1.458726523258328029e+02
1.260766870086149396e+02
8.121150811380904599e+01
1.040440554447475847e+02
1.178856493760248441e+02
1.020715571533747976e+02
6.326776424367667317e+01
4.514235277821302361e+01
1.008088896517403867e+02
1.430161559442990722e+02
7.824816267143381765e+01
1.168338711576814859e+02
1.565730589978971068e+02
1.430027094160492140e+02
9.576846910583830663e+01
1.294525240837687363e+02
1.584494439796525285e+02
6.209421357925129570e+01
1.526950153234967900e+02
6.276014574967823734e+01
4.477960661330896386e+01
1.000066629861314880e+02
1.417129322961865228e+02
7.796134184615131346e+01
1.178027316042999502e+02
1.594113956748463750e+02
1.295212077163542403e+02
1.486154180438079777e+02
1.009803564772860938e+02
1.389680605185392892e+02
1.738125861584500740e+02
1.696986140772313263e+02
6.747135906261330263e+01
3.410420931014704138e+01
2.986212905886848645e+01
6.227787445125228771e+01
4.441475116917388988e+01
9.912880613058004542e+01
1.401853278562430205e+02
7.740097778854821797e+01
1.180183446211339486e+02
1.608727896983452865e+02
1.526213021279718589e+02
1.050584127794966776e+02
1.468347603614509183e+02
1.872181009941596415e+02
1.860605062382435904e+02
7.431892217102357279e+01
5.810827739240033907e+01
7.369245140088422374e+01
5.686170555450670605e+01
7.403150020844444157e+01
4.759529141918830675e+01
9.946216552848207471e+01
1.327740877526618135e+02
7.347417116501729595e+01
1.137393526662730210e+02
1.559821822964087517e+02
1.290924367744873393e+02
1.500916775845617792e+02
1.039714042320477461e+02
1.459576337621239759e+02
1.867469739614420803e+02
1.860692261428546317e+02
7.441403715121320772e+01
5.819057710600015554e+01
5.835849811360254336e+01
4.010186785110303020e+01
8.494185644985991246e+01
1.119088524383546144e+02
6.385676383677343892e+01
1.023339652020341362e+02
1.435914581853955667e+02
1.214777458599828606e+02
1.435699210843948492e+02
1.009260071278922055e+02
1.432303781248473342e+02
1.847508107098767312e+02
1.851425142013490586e+02
7.429616844720857216e+01
5.818998749859621711e+01
4.213724279707955134e+01
8.053799573228980080e+01
9.499310298633356808e+01
5.495306190814797276e+01
9.111396770547182200e+01
1.305391851535264607e+02
1.130796768179656340e+02
1.360663842892153639e+02
9.731680178392457492e+01
1.399166669654051987e+02
1.822770700853847927e+02
1.839743373850591581e+02
7.414311261392548147e+01
5.818503918398085517e+01
7.378835767273223212e+01
8.719735532657315957e+01
8.656442952666311896e+01
4.956450713142428555e+01
8.445732310926946695e+01
1.219029967288223304e+02
1.073966594785765380e+02
1.306225450014640046e+02
9.471402879893553006e+01
1.806784639031384359e+02
1.834978353290763380e+02
7.420041390050290886e+01
5.828585747729569988e+01
5.553606602933128755e+01
6.577340754731542916e+01
1.002499644289966341e+02
9.290613248620593367e+01
1.173292764206317003e+02
8.800087778417258733e+01
1.311439914967483276e+02
1.809030233879623211e+02
7.377832961453441385e+01
5.820323808167686508e+01
3.362396476812813972e+01
9.238168613573097332e+01
8.684390213121319846e+01
1.104332071040390701e+02
8.433440150474923769e+01
1.274439278657586385e+02
1.728787099840644714e+02
1.799260213213003965e+02
7.382305692067218672e+01
5.834602377529206763e+01
7.397353100554136063e+01
7.582400661120986740e+01
9.747747445051254545e+01
8.936896614316972887e+01
1.101215192290815850e+02
8.398260092249911679e+01
1.266917575458195557e+02
1.724641275850090381e+02
1.806637512943088382e+02
6.408974775267132884e+01
6.765484373965493603e+01
8.934932407086743922e+01
7.272135101847207750e+01
1.149527679702020890e+02
1.625307080009483514e+02
1.754023165927957848e+02
7.358873755219138957e+01
5.863160217700765742e+01
7.423862187355433662e+01
5.256266584547957166e+01
7.312977482546371277e+01
6.334568355635022385e+01
1.041356565272195240e+02
1.526039545702776365e+02
1.702075526537510086e+02
7.297951478164564776e+01
5.868134138550007606e+01
7.436462178882314333e+01
6.855243364099280257e+01
6.016900927689785306e+01
9.817866091871208312e+01
1.452500167995888773e+02
1.664761268869193316e+02
7.297897630130556479e+01
5.910479593148969713e+01
7.468915455236187029e+01
5.108958182453184804e+01
8.513293537541466094e+01
1.293991179146557897e+02
1.562132996306892494e+02
7.162302977563810202e+01
5.916434240724516513e+01
7.491449949508107409e+01
1.177465327136227131e+02
1.463547206082455716e+02
7.067013000335235517e+01
5.968785789580810786e+01
7.541897893202602177e+01
8.140126556814085745e+01
8.294013066358311903e+01
1.175826633954888649e+02
6.475043331492156540e+01
5.867169820187273643e+01
7.548686515437371725e+01
9.502924546867993172e+01
6.027905548637062338e+01
5.909251162450176764e+01
7.645691143019575975e+01
5.819084781301963716e+01
6.310374421045257520e+01
7.973244830464614097e+01
6.957305922670562381e+01
8.668335346534827579e+01
7.753678321051673095e+01
4.142361273987844328e+01
5.409525756693359000e+01
7.135025670836152756e+01
3.928554923659590514e+01
5.782724658252796246e+01
7.269056009258768825e+01
9.134846520912485346e+01
4.020537406995403984e+01
8.511461825174508533e+01
9.254868069655928764e+01
7.090955219209287463e+01
6.276821896984615989e+01
8.472404658410972900e+01
1.149219582170201619e+02
5.120960905886492753e+01
6.682336411107361585e+01
7.830529584703148771e+01
5.546695202989296547e+01
7.304360455759656645e+01
5.428509221744326396e+01
1.004949090516071522e+02
1.038014467322781371e+02
8.168576912306852478e+01
8.315252891209263453e+01
9.023655824665010527e+01
7.695315388383833977e+01
1.041813450107713237e+02
8.192026542978291559e+01
8.814674197110933562e+01
1.057344394339829705e+02
8.475625966645056053e+01
5.650240736559815247e+01
9.103437606185708830e+01
1.066821699486626045e+02
9.598172885464055071e+01
8.678092399159557147e+01
7.166036200588185068e+01
7.863544433914445619e+01
1.087283164788937881e+02
1.022137565746273395e+02
1.031198726702883732e+02
9.881518734247578095e+01
1.046111683138240238e+02
6.847725630730897706e+01
7.618576477603707531e+01
1.053917909350568749e+02
1.146575781005170711e+02
1.356622887400412480e+02
9.437237205189124722e+01
1.007917835681169123e+02
8.712494470654318945e+01
6.965408418597382934e+01
9.866122551979943012e+01
9.364971277591773458e+01
1.107046008933331933e+02
1.255402814379571197e+02
1.119502907272078147e+02
1.016713234019010628e+02
9.797615580303546778e+01
1.057002436047556415e+02
1.056648669660989270e+02
1.318025613866763592e+02
5.875325871576465175e+01
1.172881428744164509e+02
1.354771708874110629e+02
1.411213814856594126e+02
1.179034356197511357e+02
1.099835711548516599e+02
1.302119135437921216e+02
1.342368225814688287e+02
1.449033928105383495e+02
9.214151216261051047e+01
6.251572925839758454e+01
1.255374951033219872e+02
1.272016609407438068e+02
1.325241123532662186e+02
1.222259910793170974e+02
1.125901536048925777e+02
8.800087778417258733e+01
1.307712211942854310e+02
1.387408723356040809e+02
1.172248148247136328e+02
1.562132996306892494e+02
5.968635800528746671e+01
7.753678321051673095e+01
