5.773980591829284492e+01
6.258258010775390545e+01
9.197561971640493539e+01
1.214890519775941442e+02
7.768283641041368526e+01
8.658259148357882395e+01
1.462772569339933000e+02
1.425865385910001635e+02
5.671837021276678570e+01
8.164391081561564079e+01
9.902627301825413042e+01
6.319303376518899285e+01
7.179589851126164035e+01
1.303714334395793628e+02
1.094170225532610772e+02
1.257600748890856579e+02
6.909359896255226374e+01
1.168489557929576534e+02
1.159091246768330734e+02
1.331008441936256759e+02
8.669707540771329946e+01
9.197752889996357339e+01
5.810514608619827470e+01
6.755052783212912004e+01
1.221128076374715477e+02
1.008318161943462030e+02
1.151373801434807262e+02
1.299348390570041545e+02
8.848908579009830078e+01
1.029243687962053855e+02
1.183103940199793271e+02
1.384877948590099663e+02
9.960969856711858483e+01
8.556540440748923970e+01
1.031583138938721333e+02
1.290971634387092593e+02
5.702827118697546638e+01
3.805699176179894039e+01
4.715362707096470274e+01
8.675365632661682014e+01
7.264036898638873652e+01
7.778149340866440298e+01
9.053515066840527936e+01
1.047471011475121259e+02
8.958527071370062345e+01
1.048003200430685808e+02
1.218226774211452863e+02
7.886226156405228949e+01
9.402335553898392106e+01
1.108149094636853960e+02
1.340514210062771951e+02
4.085999286889854432e+01
5.400785370611379221e+01
9.894819022380791296e+01
8.240981720499625851e+01
9.040071813563426417e+01
1.141040380491426021e+02
1.030122335223155545e+02
1.320156802929683977e+02
1.170132751059441887e+02
1.620788429818111922e+02
1.434213867720235385e+02
1.431520266663099221e+02
1.260839581209310012e+02
1.585805766127002130e+02
1.256763771958175795e+02
1.451374612046210473e+02
1.687818691378638789e+02
1.101585515087573697e+02
1.786289494308436474e+02
1.345092434428784145e+02
1.458156448008127484e+02
1.805969423353608363e+02
1.516650861887426913e+02
2.137463378102645493e+02
1.947512613170221414e+02
1.184887315747015606e+02
1.476317329808472891e+02
1.836516883654321930e+02
1.047631982635207208e+02
1.495775294433582872e+02
1.382982804227957274e+02
1.251256822229378969e+02
1.140412439560218019e+02
1.512193422128305542e+02
1.030366824665966732e+02
6.944118951866295220e+01
7.599892809420961726e+01
9.344709097071465465e+01
7.872581697155749225e+01
9.204147235717617548e+01
1.159540033766896556e+02
1.461715332087871673e+02
8.961708273233898581e+01
1.397176744126731194e+02
1.561388194889252361e+02
9.479500010411668143e+01
9.884908612106913495e+01
1.279242849856554898e+02
1.657517750609377742e+02
6.618054400508906099e+01
9.653814756017565912e+01
9.246992300047016045e+01
4.368500599602183598e+01
5.315897735540789171e+01
6.780775386494285328e+01
5.900904007882427749e+01
7.120995835647548233e+01
1.114155154363424316e+02
6.876498781927566029e+01
1.332441856318379791e+02
1.095345921385011110e+02
2.199360444260161671e+02
9.324936994453514671e+01
1.473291737516855449e+02
1.479165802707530304e+02
9.074935446347920731e+01
9.675177868985883833e+01
1.245132469476168211e+02
1.606025455567481117e+02
8.629113903580410749e+01
1.058266782667090098e+02
9.118803976688586488e+01
1.113167256153059697e+02
1.733328391896036180e+02
1.000850887564928939e+02
1.605030617111474385e+02
1.864984816954800522e+02
1.051737410189432751e+02
2.139542955394694843e+02
8.202686412135604144e+01
1.309443123071456796e+02
1.494491414420851356e+02
9.401790005633817771e+01
9.257018080181499897e+01
7.545763403390593282e+01
9.057472120796622050e+01
1.358097305096957541e+02
7.839183124956370818e+01
9.499482450444969572e+01
1.928827045412385246e+02
2.336891913633053548e+02
1.663053567069131589e+02
9.463275190431249939e+01
1.942082762552874442e+02
7.181624081202134846e+01
1.155905472726882692e+02
6.795007709997305767e+01
8.148552293520678802e+01
1.174340782343919756e+02
6.806127326243756670e+01
8.344439295800715684e+01
1.508492561278163748e+02
1.479331171591315410e+02
2.229551349639904174e+02
1.675134824420468647e+02
9.246985195339628660e+01
1.859234180688603999e+02
1.011173840732357547e+02
1.373767385943015142e+02
7.906700265495952351e+01
9.762220893500236230e+01
1.766380951584557124e+02
2.279686437612388090e+02
2.037225697837593259e+02
1.610683468909488738e+02
1.210588338142659239e+02
6.839546162246440986e+01
8.464847806719194523e+01
1.521756038915706313e+02
1.910601443209302488e+02
7.355582794208910968e+01
1.825357840483369216e+02
5.477511494528459224e+01
7.461360838513387250e+01
1.403313754585740867e+02
1.776679560492281951e+02
6.984022990532812969e+01
9.618319540799254241e+01
1.867770793300688013e+02
2.351071300727777498e+02
9.443420063110198726e+01
8.878409003167418234e+01
1.054127171153339617e+02
4.327014396762688619e+01
8.162614942128237772e+01
3.673249975312082682e+01
4.628617506744479471e+01
6.499018260118512558e+01
7.504282081918312031e+01
5.918002338929176176e+01
7.194566193292679657e+01
8.132623356041321472e+01
1.039682205701217157e+02
1.309062732283591686e+02
7.161993213896714394e+01
1.075709943128759107e+02
7.328006947315694219e+01
1.289138946989097292e+02
1.790858097125786514e+02
7.051210947035589527e+01
1.085104113125028391e+02
1.178159983506804025e+02
1.018640990250867020e+02
9.597845488864402341e+01
7.766001518539216875e+01
1.099936112155810122e+02
9.174110023462331753e+01
1.259192863401580098e+02
8.150940058431797297e+01
1.520307045929382355e+02
1.155457948096407961e+02
1.180494904523592368e+02
1.533277291908082134e+02
1.030922688605007238e+02
1.046109172745116638e+02
1.381258779729099899e+02
1.509686933190301659e+02
1.298655191611383941e+02
1.261400967524131715e+02
1.090547305728396310e+02
9.363739032499204029e+01
1.367011474189013143e+02
1.633041345099370290e+02
1.296618806374335122e+02
1.241642161112025065e+02
1.058511488563390373e+02
8.600823136548801529e+01
1.571442916855052943e+02
1.722127378479389108e+02
2.195710722850694196e+02
1.535503056727631019e+02
1.419145017766524290e+02
1.299292020176027052e+02
1.489511171749934988e+02
1.042834353178966040e+02
1.285086758019538706e+02
1.732309781749394233e+02
1.873784408814196638e+02
1.783275604596118740e+02
1.488533065041912096e+02
1.578972944254093136e+02
1.333208990107663965e+02
1.276780683439736066e+02
1.448689302577697333e+02
7.586992580396481856e+01
1.752555955410429931e+02
1.743053750158308617e+02
1.632981944081393522e+02
1.534129131708791931e+02
1.620823203066580618e+02
1.484444587328267460e+02
1.332405231098410354e+02
1.256285517845082325e+02
8.421157773665868262e+01
1.751717099280543550e+02
1.962339186724658475e+02
1.791709641378801336e+02
1.490491636275635585e+02
1.545571670936359965e+02
1.755852826017462291e+02
1.528694441666414718e+02
1.334976321803581243e+02
1.213136560694560444e+02
1.731008191800966927e+02
7.581939658717283237e+01
9.419007986875443805e+01
1.861023028493539186e+02
1.828056781639470216e+02
1.918283834205743403e+02
1.693096719473753637e+02
1.606902441532583055e+02
1.494201987540259040e+02
1.384270517761004555e+02
1.720469855222813180e+02
1.208651503976881969e+02
9.445611956407242360e+01
1.108808432079154613e+02
1.423488666301500132e+02
6.499018260118512558e+01
6.913382304845799808e+01
8.369639654801866868e+01
6.733977343078588262e+01
8.069353030015521711e+01
6.009943594932737199e+01
6.541480154035320993e+01
7.692451500864621039e+01
6.419658064718674950e+01
6.028228787541250711e+01
6.548415624641769739e+01
7.982155077629961681e+01
7.729046563077284304e+01
9.000421503643569565e+01
1.349127366729826178e+02
8.084195171840575256e+01
8.483686494713089132e+01
1.125551991444833533e+02
6.536951377329565105e+01
1.762573069756372774e+02
9.746508219846054999e+01
7.878329225934012925e+01
8.456163473885736437e+01
1.170963269474950437e+02
1.745513935127567322e+02
8.771861408020103568e+01
5.427752106468291515e+01
6.462249745193426520e+01
7.807358713575818854e+01
8.561921005790784989e+01
1.240296305564609156e+02
1.906010360563527684e+02
1.019630250745180859e+02
7.335241952045107894e+01
1.010938448700596410e+02
6.403090922693426990e+01
7.747590382945136867e+01
8.607952970495919942e+01
1.283621848835969672e+02
2.017898541530411478e+02
1.137058465002918268e+02
9.000516794136048304e+01
1.283394442756468550e+02
6.374461190559087242e+01
7.666862211812269834e+01
8.563712334043843555e+01
1.296115331423053476e+02
2.053164244343819291e+02
1.196094699143029345e+02
1.009255220774859794e+02
1.476839976540567818e+02
8.576125654333216630e+01
1.316455059980053477e+02
2.115473457358384337e+02
1.277695062571540632e+02
1.145583309095721347e+02
1.772070455794045927e+02
1.288925251465512929e+02
1.044908392745543750e+02
1.131956936762975374e+02
6.345698419063121065e+01
7.593693537809477334e+01
8.560891747657522899e+01
1.325485180020098710e+02
2.145967127014985465e+02
1.328652083935322139e+02
1.244453216642513667e+02
2.004399579422595821e+02
1.498309320387902517e+02
1.252769469685197095e+02
1.363308914930512685e+02
1.142199242025022272e+02
8.467385503802299240e+01
1.311928535902073918e+02
2.112135482787873002e+02
1.319426652103144306e+02
1.266122112232336718e+02
2.072726854764973723e+02
1.550837382497937824e+02
1.297084007069319114e+02
1.353698014591813887e+02
1.010624762228624434e+02
7.465703162433163698e+01
1.321417243558388463e+02
2.141827461135114277e+02
1.361304216685464041e+02
1.344738131990314116e+02
2.273308072703382265e+02
1.759531236797666054e+02
1.539022230231036019e+02
1.680258544357953951e+02
1.314540348406096655e+02
1.131095929118778827e+02
1.303475609757832387e+02
8.472074865991498882e+01
1.325929811991652514e+02
2.156997370585546889e+02
1.387696250807001945e+02
1.400716301875188208e+02
2.425152856527043639e+02
1.925535097630260282e+02
1.742501598008838073e+02
1.966806999544908194e+02
1.591539751609338680e+02
1.492947017047013674e+02
1.966656094348195438e+02
7.452805764069698569e+01
8.414539332934171512e+01
1.316145670669687604e+02
2.131626167078935623e+02
1.375645066495974049e+02
1.404147412819305885e+02
2.453450981118321863e+02
1.960305122510394256e+02
1.794078617537329308e+02
2.027488298720964508e+02
1.620768415847869335e+02
1.546870178124882500e+02
2.060387488719968871e+02
9.336602215209312305e+01
8.334939202602321018e+01
1.300060043632454949e+02
2.088499971476709334e+02
1.345675885221393173e+02
1.380813864108512803e+02
2.416078758323409374e+02
1.924521224213843311e+02
1.968570981718739858e+02
1.529617919779359170e+02
1.448290707243320981e+02
1.883088733748667778e+02
8.186384842034664189e+01
6.641627769220619371e+01
8.339056576509659635e+01
1.303843236013506157e+02
2.099743304875668457e+02
1.362063816558924998e+02
1.413930481103008390e+02
2.508023621253061606e+02
2.168753656402793411e+02
1.724024404034706492e+02
1.691543096349931545e+02
2.293616468517811313e+02
1.056743482711061688e+02
9.493835417661328790e+01
1.238553683687351423e+02
1.768787106785694618e+02
6.322155939022185578e+01
1.157343761030695788e+02
1.830564880378435930e+02
1.218746370974540127e+02
1.306139458212737168e+02
2.362491849614106059e+02
1.942222595767071027e+02
1.847684705898385573e+02
1.706088744803858503e+02
1.685092280192342571e+02
2.292317009673327561e+02
1.058231701547776851e+02
9.516133635774490074e+01
1.241078611799451039e+02
1.769614747263186985e+02
1.512217646349741074e+02
1.042617917452970744e+02
1.165423516396481460e+02
2.162014048929300145e+02
1.815342576180474623e+02
1.766327785319383281e+02
2.070228047872644197e+02
1.669053982019298132e+02
2.283062818772777689e+02
1.057718559975251509e+02
9.529923569460038379e+01
1.243176977896162612e+02
1.770260865787905686e+02
8.692310417525868615e+01
1.020762479349117768e+02
1.943337335729533208e+02
1.669577843610911714e+02
1.668733352127330249e+02
1.992421490115862355e+02
1.631288268427712183e+02
1.647572920046281411e+02
2.269878656537188135e+02
1.056566249994718873e+02
9.544036876555682625e+01
1.245548231360025540e+02
1.770979931371354610e+02
8.165590108765975685e+01
1.632149427356775107e+02
1.458227057492625534e+02
1.517144664666179494e+02
1.864670859457143592e+02
1.559824400323685438e+02
7.922546726512392468e+01
1.605892940343020143e+02
2.239376721179184528e+02
1.050875899410331584e+02
9.537631783238097682e+01
1.246798133374198869e+02
1.771265317864981625e+02
1.396261290514340772e+02
1.279509712596824045e+02
1.386001957320348481e+02
1.750606060300258093e+02
1.494201987540259040e+02
1.569940444928749059e+02
2.215818864031280953e+02
1.048333277932876797e+02
9.556827822745296430e+01
1.250354108905913648e+02
1.772355434244933292e+02
1.303193418207203536e+02
1.405668906757806269e+02
1.761755716005442878e+02
1.497407176585268758e+02
1.587312899534862254e+02
2.243553026214071338e+02
1.062922988229095012e+02
9.684349020113188544e+01
1.262216792948289452e+02
1.776344384720130734e+02
1.220316390703774516e+02
1.014280085956706756e+02
1.177574056918590770e+02
1.546109478110173541e+02
1.365523780441446320e+02
1.504065023085825032e+02
2.179445770122116528e+02
1.051173116656007096e+02
1.265454567291756121e+02
6.367947646158052777e+01
8.746364165069391561e+01
1.248252351360234229e+02
1.175251422810506909e+02
1.372315612720058482e+02
2.068622874556181443e+02
1.026930315511696108e+02
9.617400816093440596e+01
1.266480882030157176e+02
1.777273083723937361e+02
1.088420368616471166e+02
1.313844697399707400e+02
2.020796100643909767e+02
1.024832109858397615e+02
9.714345747966396516e+01
1.280394933777650408e+02
1.781664774078801372e+02
1.008096529421186034e+02
9.374734469251177416e+01
1.186712756755518967e+02
1.888309953543742665e+02
9.973289607026812575e+01
9.702446460466812539e+01
1.289553796690103127e+02
1.784200101210039406e+02
7.716784109618073728e+01
1.023828205477422699e+02
1.684046386923664045e+02
9.445611956407242360e+01
9.591779635792553904e+01
1.296393077816305492e+02
1.785691013432707166e+02
1.015796965088619856e+02
1.554557273698541735e+02
9.060244646824055792e+01
9.613090863384323370e+01
1.318747223582416837e+02
1.791342611713821498e+02
1.339665350832836168e+02
8.204913127706835496e+01
9.383202780899874540e+01
1.334362277319098951e+02
1.793486141460763008e+02
6.552271444192200534e+01
8.741762472130481854e+01
1.343593158026245646e+02
1.792977819732254829e+02
9.242553887829083692e+01
1.474931236490715492e+02
1.825142989234254287e+02
1.181261956799623221e+02
1.727970517695602268e+02
1.423488666301500132e+02
