9.445518533059312460e+01
1.232478317098790512e+02
9.504804837593698608e+01
1.892987242371817729e+02
1.596029149758148833e+02
1.128537241234148922e+02
1.919955998669599637e+02
2.215255497306807797e+02
1.047117892748890426e+02
7.932284135812554382e+01
1.462434582117756179e+02
1.142696879256388343e+02
8.132129726824469174e+01
1.463799354082131856e+02
1.372778362182079377e+02
2.002854577162201508e+02
6.775030922195516325e+01
1.159314442895765893e+02
1.307554577879180044e+02
2.541768032208315446e+02
6.604496565451287893e+01
1.135161688260899524e+02
8.252983011249928325e+01
5.999987235218655002e+01
1.082294539251677605e+02
9.241374216739411906e+01
1.175236102745898563e+02
1.827594919351265617e+02
1.015617808848958532e+02
1.298942653159302267e+02
2.040235056004224532e+02
1.899781230722016971e+02
1.108024991133589197e+02
1.044010077367492784e+02
1.509806664994844425e+02
2.153806752093574914e+02
1.153834412228412276e+02
7.996902197789529509e+01
6.119147193597516576e+01
1.122713767909273059e+02
9.792262623790080056e+01
1.200419219019043169e+02
1.202185244606799159e+02
2.288356678456947861e+02
9.435485006333999536e+01
9.590520519965255630e+01
1.849145980762381782e+02
7.245540987541573941e+01
9.208983419261139147e+01
1.469816101028404205e+02
1.436990068797956042e+02
4.237795597148651439e+01
3.483562090100497244e+01
6.468951208181695733e+01
5.791379917356218243e+01
6.990713096957215100e+01
7.525528487954561285e+01
1.034241807073652240e+02
1.296245112669180344e+02
1.016518816225233195e+02
2.423947336190945521e+02
1.966079450210533537e+02
1.124026556734346229e+02
1.546313616094574570e+02
1.938123122905388982e+02
1.004767997069339600e+02
1.030127271384269960e+02
1.952675178647507437e+02
5.346130890553114767e+01
1.035519193809819143e+02
9.799791726491484667e+01
1.179325539852157050e+02
1.288785350545507811e+02
1.148388060578359529e+02
2.670082347797783768e+02
2.238895609352185261e+02
2.461030998584210181e+02
1.818141236505148868e+02
2.020997485000832228e+02
1.043199477183178345e+02
2.323269860429905975e+02
1.926478137379491500e+02
1.265241036964099521e+02
1.734115535629046292e+02
2.168610379409119844e+02
1.207695023683946829e+02
1.073143232174870434e+02
1.178774210620589855e+02
1.251800928816234659e+02
1.141973739753538553e+02
2.582430518820804082e+02
1.892985122413035697e+02
2.211065451177817920e+02
1.100952332807438125e+02
2.238691379530392851e+02
1.849444901540517492e+02
1.545037979472422194e+02
2.014877570751105509e+02
1.518148428096169198e+02
1.819582681275790037e+02
8.040493930374056220e+01
1.749284451922993355e+02
1.525195774612706714e+02
5.181443987533178586e+01
5.682922130777793512e+01
6.273980044077162432e+01
6.109819275694704999e+01
1.349405476165292157e+02
1.188835217035394294e+02
1.032458682909760341e+02
9.388452471987378090e+01
2.277550859557505589e+02
1.520962111400672825e+02
1.056269579774431264e+02
2.189831459416506334e+02
1.701552282874833963e+02
1.500322888553600933e+02
1.805262319765273560e+02
1.314669007842484518e+02
1.674791545677537670e+02
7.854569152732094039e+01
9.217705928358728329e+01
9.825294394506502726e+01
2.065382370624122359e+02
1.773149991070202418e+02
1.111721691748538774e+02
2.364779752929432846e+02
2.032160535884149795e+02
2.073686332447278744e+02
1.459976045797497761e+02
8.674300997371504707e+01
1.861674562313700392e+02
1.382681303965396467e+02
1.321756449874903581e+02
5.757386044506147016e+01
7.117255423806956571e+01
1.401987251455599619e+02
1.159713392495518036e+02
7.811478098574316675e+01
1.693001840092905752e+02
1.255746331658845207e+02
6.903482881459977705e+01
2.077892457119222342e+02
2.052324029994309740e+02
1.547181328401471205e+02
9.070532966840787026e+01
2.002129641705154484e+02
1.027486614855118461e+02
1.741782802686836646e+02
1.315785008076721851e+02
9.789453389808245731e+01
2.142433144470561786e+02
2.269311918913119541e+02
9.622551692916884747e+01
6.758511000686814896e+01
1.921637382262998699e+02
1.790049176751063555e+02
1.481504029354390184e+02
1.144206090232137569e+02
7.954073613349311245e+01
6.984898415810992844e+01
1.588849100818217153e+02
1.784962341862681967e+02
6.649842637749904384e+01
5.239307618603932326e+01
1.153373396654550334e+02
1.918371536134499067e+01
2.466382339222414899e+01
6.355572005542533986e+01
7.923419190302857373e+01
3.214182442413381580e+01
5.038837038227657672e+01
6.173295364425842990e+01
5.325598877322274660e+01
1.296301576770363795e+02
1.737510835111563665e+02
7.861017996873719937e+01
1.173235084439987901e+02
1.094591115018582173e+02
1.382743741918977776e+02
7.260327394718278526e+01
9.523675788423400945e+01
2.223705043867999720e+01
1.689037170717965708e+01
2.337483440304666971e+01
4.655957021514976901e+01
4.007656192755143820e+01
1.777003913408472258e+01
8.504056618080785768e+01
8.378781888144207812e+01
1.089759637395793703e+02
5.987759765643477294e+01
9.221043901877436610e+01
1.006062649031583760e+02
1.112445086840186974e+02
9.281253040835692047e+01
1.347398799029050451e+02
5.645988315484336795e+01
1.419253609397171374e+02
1.800747462513799348e+02
9.588914838547461272e+01
1.049699775573399592e+02
1.432551295189561813e+02
1.615622667567014048e+02
9.303935884838793413e+01
7.066167325492857287e+01
1.338277427790123397e+02
9.592171828811059697e+01
1.121470142675298121e+02
1.023029787146968346e+02
1.800976717485817460e+02
1.564017319000144823e+02
1.274251511620076798e+02
1.679586521325083766e+02
1.307801115908859515e+02
9.025550408237651823e+01
1.483773164610263109e+02
1.464663954995321262e+02
1.308026222664921363e+02
1.135983504939623430e+02
1.051565654442129869e+02
6.240608286320808418e+01
1.394858100830377339e+02
1.515632482865544546e+02
1.242875620121840825e+02
1.431503180931681527e+02
8.423314014748683576e+01
1.098161885681069947e+02
1.710023534629077915e+02
1.574325041665971980e+02
2.023551726119849263e+02
1.567633051346854245e+02
1.554547522883326280e+02
1.208633889128840337e+02
1.418371580572166692e+02
1.181834570685127801e+02
8.233149265937971961e+01
1.551575282873821777e+02
1.729963117611844723e+02
1.462973480298310847e+02
1.207133707174556463e+02
1.478638625804811113e+02
1.274371498812630534e+02
8.392167852869825140e+01
1.517987571734889514e+02
3.862923561287949781e+01
1.392961372274352243e+02
1.493827116578378309e+02
1.664527561104848132e+02
1.354097472479516853e+02
1.112630444694947585e+02
1.302689665545345008e+02
1.810756374802107587e+02
7.861061702043673449e+01
8.152543643737050161e+01
1.521142712808438375e+02
1.789660465265746723e+02
1.724958860934779636e+02
1.529801472426318014e+02
1.416417534294623408e+02
1.589546893448317917e+02
1.496428548225889301e+02
1.558833446780455176e+02
1.259591384059624062e+02
1.448487879677518322e+02
6.160733992654586189e+01
4.146074637304147359e+01
1.770623288950849599e+02
1.576822413560058180e+02
1.853819621967770104e+02
1.567321228184593451e+02
1.594719756091650709e+02
1.028810903005994106e+02
1.273267928887078853e+02
1.882309788475945140e+02
1.045090972237434670e+02
6.888382693991019323e+01
8.560591540941341293e+01
2.337850148386635496e+01
8.504056618080785768e+01
7.511653020168064643e+01
7.843984632055544637e+01
7.450835176118206959e+01
9.079462286237037461e+01
1.093753999621280855e+02
8.320659562372483720e+01
1.013753059077503025e+02
5.108010856987741732e+01
7.012636951022295762e+01
6.873838104765751211e+01
8.331053438007468515e+01
1.121099853113670122e+02
6.450084573092361495e+01
8.367383457714885253e+01
8.525116629186452144e+01
1.248590003333055023e+02
8.307925106398730009e+01
1.336956931415284942e+02
6.850836123858670135e+01
1.257097141010714410e+02
8.410331851253693003e+01
1.266549708938259897e+02
8.922222358442940049e+01
1.552757128859395266e+02
1.343734287843944912e+02
6.033854660135332182e+01
6.760768513640387312e+01
8.383539583371428705e+01
1.292047318136886531e+02
9.548178708679628812e+01
1.782284154855022678e+02
1.554730436491274475e+02
7.569461031913010629e+01
9.599640180770178688e+01
6.716931167881989495e+01
6.668164770403268449e+01
8.316256596942589852e+01
1.297430658378544877e+02
9.877773415387272848e+01
1.932936416185755775e+02
1.724861415611026416e+02
9.126229657935517992e+01
1.282381330416329206e+02
7.382494802013631841e+01
6.628251608879909895e+01
8.255666326306915437e+01
1.297900920392003457e+02
1.008397030546456676e+02
2.040134574485788619e+02
1.862753083381541899e+02
1.052972085535293871e+02
1.592225418605338518e+02
1.042656643493039610e+02
1.233431985961030648e+02
6.607462144730223486e+01
8.234888087638070431e+01
1.304234292748856774e+02
1.030732403525128547e+02
2.143699303529236602e+02
2.006621662186854564e+02
1.196720630246628332e+02
1.910829757642779612e+02
1.335191853785246678e+02
1.623210538460997157e+02
1.102594263691230765e+02
6.543153195851169812e+01
8.087279729372068005e+01
1.274075864674042720e+02
1.005540804865596414e+02
2.092011868537688315e+02
1.924451465981798322e+02
1.161859619042822942e+02
1.856274839922966748e+02
1.298654921357137084e+02
1.515996885624819868e+02
1.022805728618946688e+02
2.957752332505663517e+01
6.496314597643960553e+01
7.983157386240085884e+01
1.253605329742470502e+02
9.896757262240288355e+01
2.063778749027084700e+02
1.885161490807435314e+02
1.157371393973851497e+02
1.877229668952764143e+02
1.350708480602637280e+02
1.629129683328558826e+02
1.231733337153652315e+02
4.957197712472490991e+01
8.485600718282761079e+01
6.481605852578759652e+01
7.960265629055962222e+01
1.252622681664393269e+02
9.947492456761008839e+01
2.094675674390346956e+02
1.930522979820555065e+02
1.213484247037139028e+02
2.020468684450700039e+02
1.505683512193500349e+02
1.884286710067948150e+02
1.540986896050934831e+02
7.275116925698188197e+01
1.459209414393489510e+02
1.136829596910785369e+02
6.449401661843290867e+01
7.887348273019085809e+01
1.237435423344256833e+02
9.812745621355179537e+01
2.063038503838938595e+02
1.880705452806480764e+02
1.186427781927232701e+02
1.969852403410433510e+02
1.467225008684654028e+02
1.809657851476119674e+02
1.521441604817411530e+02
7.818352940122429118e+01
1.612220986322441263e+02
1.218632187368598210e+02
2.353563874161026703e+01
6.426599719139554168e+01
7.836865784630981580e+01
1.227216138963021450e+02
9.725595736186190265e+01
2.043039024377490023e+02
1.846473645107058985e+02
1.167182086104328391e+02
1.927629562935300385e+02
1.425867736893091262e+02
1.708335926691705424e+02
1.441653807868474644e+02
7.774223949612003537e+01
1.536847616969394039e+02
1.063147766730437667e+02
2.605430776213457733e+01
4.576861506277004565e+01
6.424858499125963363e+01
7.840688966916616209e+01
1.230623907868060058e+02
9.795484290844881059e+01
2.071599774842877082e+02
1.886848901857706835e+02
1.209541482338664906e+02
2.029930141392293592e+02
1.531347549792267841e+02
1.865414038119802740e+02
1.623056913030894464e+02
9.208279122022463525e+01
1.858808034140606651e+02
1.268710647469139303e+02
3.480278321230711924e+01
4.421255536994713253e+01
1.827154200434361186e+01
6.420319966351719643e+01
7.835752960291806346e+01
1.231331744329676638e+02
9.827767208137878185e+01
2.087058366705436470e+02
1.907998832036125805e+02
1.234396534953016982e+02
2.091578810775096713e+02
1.596459005085132503e+02
1.957222077264461859e+02
1.737015944177236406e+02
1.022904171559939215e+02
2.081231741640139887e+02
1.407073009737282234e+02
4.185202633216781010e+01
4.818695737464880580e+01
1.925480784658845934e+01
1.667173166908576087e+00
8.902775769884314627e+01
1.231938209510711744e+02
9.704731381050623895e+01
2.028039169673808999e+02
1.831601590132043782e+02
1.213587759044800265e+02
2.084830073339386729e+02
1.613437159499804920e+02
1.982987274566690985e+02
1.780710466930882205e+02
1.064578532357745360e+02
2.168739428350683340e+02
1.469060710882865521e+02
4.398801942418371169e+01
5.061168648914985368e+01
2.022297573844900853e+01
1.749167778681357532e+00
1.109517064557309141e+02
8.839063355524389465e+01
1.813779969240940204e+02
1.624810915279959147e+02
1.117808886139353461e+02
1.967240239688029533e+02
1.558499218281180561e+02
1.936288869323348081e+02
1.771349405442481100e+02
1.080867393912649135e+02
2.215656051741864871e+02
1.509449756657323292e+02
4.559585769519894427e+01
5.253776974239930553e+01
2.101894928814214580e+01
1.817817851858541722e+00
7.363862511740656203e+01
1.483660292904872904e+02
1.324468472049620686e+02
9.649412820694297466e+01
1.761580333425901017e+02
1.443927510470515188e+02
1.827951104780989624e+02
1.716158734458727793e+02
1.075655040138326939e+02
2.229598069002625209e+02
1.533509500316237677e+02
4.685175797327879366e+01
5.416829030740066742e+01
2.172390606784488298e+01
1.879977809312836534e+00
1.265949532163186575e+02
1.070113229483356463e+02
8.336795399489943748e+01
1.576754590051186540e+02
1.339784895909995726e+02
1.721160665837713850e+02
1.662431762016166488e+02
1.076260927802313319e+02
2.255798379612708118e+02
1.568102320842596100e+02
4.859718091405904516e+01
5.639817008838251411e+01
2.268259706775119966e+01
1.964335430720147047e+00
6.436834054436182839e+01
5.997906782664927050e+01
1.235392931776149226e+02
1.125388565639993175e+02
1.502519968186863650e+02
1.518997388795769155e+02
1.028810903005994106e+02
2.206314094353318467e+02
1.563590796038792234e+02
4.939647758574923131e+01
5.778691217369219402e+01
2.336231313152111611e+01
2.027495201059918539e+00
5.569870486892266825e+01
1.139704136669024308e+02
1.072894215160436460e+02
1.414444029251547761e+02
1.472651713646668838e+02
1.045866920158180733e+02
2.258883651825482843e+02
1.621266106048454958e+02
5.244714757114077486e+01
6.167723124684635394e+01
2.504551291071548391e+01
2.176097304349730699e+00
1.184399541838612038e+02
1.073012538805780736e+02
1.331155916350147663e+02
1.415071141958409555e+02
1.063719626209811651e+02
2.299278854439817792e+02
1.673721476341096093e+02
5.588676628210326669e+01
6.622723399489500196e+01
2.706631655282004800e+01
2.356675486147491227e+00
7.101489007317971414e+01
9.732514765438838822e+01
1.144759512286426002e+02
9.526456149752905844e+01
2.141245509649841949e+02
1.623268684215751136e+02
5.675922696322237471e+01
6.860981382417726593e+01
2.840123077815246688e+01
2.486688190380895502e+00
8.507481766274294444e+01
1.041722145572963143e+02
9.625017185907249484e+01
2.124137552536889757e+02
1.644667979432458935e+02
6.114545545759069256e+01
7.523394436856925438e+01
3.158489933344017686e+01
2.781534685224653192e+00
8.491294067063188322e+01
1.899197280107871109e+02
1.547713056258262156e+02
6.308293565645747947e+01
8.045623831365044509e+01
3.462441195643836522e+01
3.083447236442852457e+00
7.395929259800136890e+01
1.830247624721162651e+02
1.481358182453228949e+02
6.888382693991019323e+01
9.136501112452576479e+01
4.063339613179297061e+01
3.675682660630116949e+00
9.638620841868576861e+01
1.195098387166948157e+02
6.912557650724234293e+01
9.980251547525415390e+01
4.719411732374189228e+01
4.394711016577357299e+00
1.393514534815566606e+02
5.200921326324794336e+01
9.254940451974090365e+01
4.966166423348261105e+01
4.893490643423723085e+00
5.684381515009422259e+01
5.276724691746799323e+01
1.049345965050928697e+02
6.624271835805436126e+01
7.143345332528856062e+00
1.091710480928722582e+01
1.075186328402404285e+02
8.428706525721752030e+01
5.330643907489782407e+01
1.167232825519624662e+01
2.337850148386635496e+01
