7.590758772624296569e+01
9.037485701641035973e+01
8.537751987900814754e+01
1.505784624508935963e+02
1.298553969029040331e+02
9.391143432923634293e+01
1.457736511495643015e+02
1.519786131801159854e+02
7.075286263709612911e+01
6.874612366827322774e+01
1.162270183964394334e+02
9.807127078285239463e+01
7.267287354789144160e+01
1.180447720639792095e+02
1.126311256098004492e+02
1.440108436730427854e+02
6.820787771019821832e+01
1.079407134674572859e+02
1.156049998612308940e+02
1.802315804248205779e+02
6.511044742219766590e+01
1.034313264265672956e+02
8.527063008885936313e+01
6.565788054040470456e+01
1.078327532234887940e+02
9.875120918661943392e+01
1.150660697478773642e+02
1.621747358662274223e+02
9.565834188303065844e+01
1.123619176802329491e+02
1.598019304195286736e+02
1.342536611851658108e+02
1.001404360589995832e+02
9.816071795108652509e+01
1.310135001576722118e+02
1.580580091767086230e+02
8.911039371095459671e+01
7.088499372174764801e+01
5.758439331955930385e+01
9.574821928193821918e+01
8.906542299399859530e+01
1.024848995380788779e+02
1.049974155045362352e+02
1.714708030297443884e+02
8.678517336444910768e+01
9.032232413363102808e+01
1.495904276139098101e+02
6.880122048729143103e+01
8.291806724854694721e+01
1.227940897266442732e+02
1.082096892401112882e+02
4.196800036867382033e+01
3.657823274479183340e+01
6.079924677492781626e+01
5.723055693644695197e+01
6.620006160811254858e+01
7.216383450786452158e+01
9.406324041789979162e+01
1.038723647516001023e+02
9.627566119055408933e+01
1.912796184355176479e+02
1.359407444794105402e+02
1.030101503504647837e+02
1.333660363866890464e+02
1.464318319759807139e+02
9.278910051052520203e+01
9.766138065543515268e+01
1.621153653280413494e+02
6.197931429225540967e+01
9.984666268656313548e+01
9.395788900810386224e+01
1.079721864414095052e+02
1.194767631018501106e+02
1.097190417816078991e+02
2.195665797273623241e+02
1.591145993992271883e+02
1.976016799511854174e+02
1.469899852979734476e+02
1.482575200646367932e+02
9.591210655858412792e+01
1.889954898366390807e+02
1.352137671231255069e+02
1.127198543303570375e+02
1.461961573633701335e+02
1.629645185307199142e+02
1.061294793206538714e+02
9.098390717804085170e+01
9.887516470561003246e+01
1.088627033295219064e+02
9.996184290502485226e+01
2.033229670569835719e+02
1.506839288125283360e+02
1.558060611945296614e+02
8.637529947571304945e+01
1.467083674599953724e+02
1.520898255656445031e+02
1.072148309307514467e+02
1.633087787595446798e+02
1.242176731947829040e+02
1.318619644799014168e+02
7.097728083621925066e+01
1.426851099211584426e+02
1.051499570060220776e+02
4.448703057402880034e+01
4.940348058241344376e+01
5.712151995243224434e+01
5.441898626407240158e+01
1.121094686075820732e+02
1.023381718343379703e+02
7.277701889580558259e+01
8.416908881717574786e+01
1.436175237114921401e+02
1.265141183933156697e+02
8.338251202321808364e+01
1.443629796525029576e+02
1.446426769544819706e+02
1.030617247167779311e+02
1.499235855382871136e+02
1.108274660599398089e+02
1.194752007137365410e+02
7.102828063709853268e+01
8.539503704674181961e+01
8.361211599671456440e+01
1.715028064302903203e+02
1.540405238984678249e+02
8.632981864084578660e+01
1.528277774827675444e+02
1.471307429103155471e+02
1.374878929028932362e+02
1.247876791687411213e+02
7.358560039102577832e+01
1.306826698817472447e+02
1.373066333112454913e+02
1.002694916418741968e+02
7.337755185432484950e+01
7.321106972968264870e+01
1.468852668799331980e+02
1.277509145641869139e+02
7.267488968573273667e+01
1.264875005783437274e+02
1.178152125218115600e+02
9.218331908565257038e+01
1.433302945323469544e+02
1.324815893985303603e+02
1.248131608271990558e+02
7.270928572778321097e+01
1.337657277369268058e+02
7.729659226308379516e+01
1.496844259649186597e+02
1.249089545386285067e+02
7.272891870944678772e+01
1.297561411322552942e+02
1.444713903476420853e+02
1.065875091362451599e+02
8.615097874292423796e+01
1.295790031157300746e+02
1.120221313848782501e+02
1.112326400483692055e+02
1.187609892445141639e+02
9.128276877535621736e+01
5.500590840615564048e+01
1.018965466480445770e+02
1.166523982613282442e+02
7.995778641670739262e+01
7.113656088302312241e+01
9.154965839637654312e+01
5.391598040006421400e+01
3.387108833103074801e+01
6.545794032636973725e+01
7.720666930715850640e+01
5.552854573782845904e+01
7.322534634763209738e+01
8.136893789463078974e+01
5.318762550658289001e+01
1.054767322848555864e+02
1.262459179462746306e+02
9.611448022555488535e+01
1.266987542220351770e+02
1.099590825284849416e+02
1.200794371809138283e+02
9.478126153043338320e+01
1.184047227659884953e+02
5.286310695394621462e+01
4.499111320954521887e+01
5.319142426040644978e+01
5.814951687530359692e+01
6.451378242822364939e+01
6.918272353581309630e+01
5.815222813971710991e+01
7.425569671447365749e+01
8.194402377490817457e+01
5.769176012526830277e+01
7.811296965878244691e+01
8.992914276949163366e+01
9.971112296204189818e+01
8.284086364940716862e+01
1.175081247232904360e+02
5.523054009436626899e+01
1.240359622233428354e+02
1.556528793513597577e+02
8.519038900023632266e+01
9.383338181926914956e+01
1.232036439770364780e+02
1.385841428320855755e+02
8.417773183203304654e+01
7.256284094169340904e+01
1.181237144250798963e+02
8.764136897139584903e+01
1.066543188002975455e+02
8.587970147241937013e+01
1.548337007907686882e+02
1.358528395879711468e+02
1.193792321237967968e+02
1.453578337852489994e+02
1.189425552379191231e+02
9.500242286239455325e+01
1.351139906976635814e+02
1.290510642323389163e+02
1.199807586333330676e+02
1.153977004560523341e+02
9.556210338894567258e+01
6.694392722126711703e+01
1.270036195077071284e+02
1.419397237711692412e+02
1.122937849679693016e+02
1.238929109663143464e+02
8.087785518100223214e+01
1.054109713052857984e+02
1.551000469091561911e+02
1.479491876529612284e+02
1.783208512343920233e+02
1.412323977982150893e+02
1.444498729630686285e+02
1.126507066153811962e+02
1.248524007613909674e+02
1.119467160476971941e+02
9.592136356915433737e+01
1.487185373368766363e+02
1.665786590175655419e+02
1.560359920977550416e+02
1.229980838410436945e+02
1.397818172301304003e+02
1.231721234661557958e+02
9.320945529141502561e+01
1.459140291120193638e+02
5.358871411839103871e+01
1.478311582896718903e+02
1.575695196383342136e+02
1.690730407811584541e+02
1.427090868374233992e+02
1.228111149423968413e+02
1.377139200774897461e+02
1.769766551957360434e+02
9.338720231720415654e+01
8.589145152175424869e+01
1.610659611906792463e+02
1.844312548368950502e+02
1.846027963540236669e+02
1.635944918739969864e+02
1.513616859748219952e+02
1.628440968623609990e+02
1.604753214336473945e+02
1.641929078773653714e+02
1.379185044910127829e+02
1.636102974428368384e+02
7.117504569938658676e+01
7.087810944923461420e+01
1.875813709394170417e+02
1.719833871117035926e+02
1.901729952536045687e+02
1.733111160297156630e+02
1.731599500307067956e+02
1.275378083196623891e+02
1.421492824495691707e+02
1.996747844222390711e+02
1.154070941609647321e+02
8.064740930999950308e+01
8.939091830619499035e+01
3.980360888430293897e+01
5.815222813971710991e+01
5.179742703078585464e+01
7.342739054238660401e+01
4.935534820152585667e+01
8.171639158729971086e+01
8.715642114270872298e+01
7.446484765326654554e+01
8.455422618178211280e+01
4.986461449783719502e+01
4.527259908642537312e+01
4.361382484023339856e+01
7.279932928537243697e+01
9.140887026168778107e+01
6.204237398831293149e+01
8.477069382462494218e+01
7.339383080108257218e+01
9.987789602299875469e+01
7.799007869363553880e+01
1.225054990532163401e+02
4.308326129779565150e+01
1.092602439579142128e+02
7.167419675865531303e+01
1.004666586453893586e+02
8.373239395970422549e+01
1.387267913575194598e+02
1.147497290235811818e+02
5.266122849248851168e+01
4.221698133952072141e+01
4.171507967429739239e+01
7.080163992373999804e+01
1.014784020828064257e+02
8.903093426222265805e+01
1.566668685277838620e+02
1.332813884608381159e+02
6.738799127637790320e+01
4.128168722721873962e+01
6.988331788147941381e+01
1.014192232186839391e+02
9.197325980363635267e+01
1.688334921558574422e+02
1.488511911409363222e+02
8.222885036282923465e+01
1.135409121348109238e+02
4.094430897565479910e+01
6.912166810021759034e+01
1.010781544783808528e+02
9.370971998118213264e+01
1.770473262188453418e+02
1.605073822266986383e+02
9.458318181282774617e+01
1.377244216526412117e+02
1.087685249975494202e+02
9.953388963770136399e+01
4.073811067874983394e+01
6.871392967774325200e+01
1.011636111312882065e+02
9.546123050251581788e+01
1.848670695312315786e+02
1.725933746678014984e+02
1.076462313916056814e+02
1.660025991113066084e+02
1.402015319300625436e+02
1.416243147149113213e+02
4.032097309478978531e+01
6.746652165217010122e+01
9.898817110151294685e+01
9.367053699693654778e+01
1.814097497366693119e+02
1.682083252984083401e+02
1.066261024895750893e+02
1.640602224783429790e+02
1.343380234703867018e+02
9.916155897889412074e+01
6.659122913368726415e+01
9.751221291945442715e+01
9.255692512457629562e+01
1.795988447252845503e+02
1.663903053525166342e+02
1.073393434326230675e+02
1.665860979627161385e+02
1.398429764752835638e+02
1.396663572971031897e+02
1.064012339134486353e+02
6.202957641574020897e+01
6.638924903430221036e+01
9.747643604333977407e+01
9.319992916547400341e+01
1.827090498676946879e+02
1.715923711794652604e+02
1.136676406842909017e+02
1.816051468333270122e+02
1.581211334988535668e+02
1.659383743464816803e+02
1.362115699615679034e+02
8.823398690436783909e+01
1.338490865126351252e+02
3.976642508702221335e+01
6.595540052119159213e+01
9.680542487106627902e+01
9.281893856563654310e+01
1.824793811408085560e+02
1.718163410210824509e+02
1.153813790718191967e+02
1.864005518964524697e+02
1.646080938291729865e+02
1.763888753202917883e+02
1.501793694916693198e+02
1.017157756820618317e+02
1.605197641050923210e+02
3.963498326152780749e+01
6.558674551739947844e+01
9.621607194718690437e+01
9.243387937980388358e+01
1.820246207769249907e+02
1.715709354259821282e+02
1.163671114301175464e+02
1.893622574453857226e+02
1.687879416409761291e+02
1.834242199397483546e+02
1.603299702698897704e+02
1.119826238763009627e+02
1.811372217252132089e+02
1.458236930875399935e+02
5.826306073697314503e+01
3.958530459617848152e+01
6.548768243710118497e+01
9.620002221771024153e+01
9.274773980541259277e+01
1.835153144484472989e+02
1.740495101335021957e+02
1.195432912255361799e+02
1.971932298450890926e+02
1.787969546970580836e+02
1.986207299336225844e+02
1.791033757083997955e+02
1.297364509972676956e+02
2.176022179776249743e+02
1.769527428775784585e+02
7.093551612103031800e+01
7.718417699142004551e+01
3.952603530153503186e+01
6.534332197301816336e+01
9.604212941613783983e+01
9.280776646631316851e+01
1.841493289292553754e+02
1.752443343998123737e+02
1.214287332175776299e+02
2.020817995967053662e+02
1.853299515167204561e+02
2.090562452330096903e+02
1.929427779251887785e+02
1.435755495850590648e+02
2.470983739529458774e+02
2.025659281610849121e+02
8.188772352558255818e+01
8.936933263638083247e+01
7.234395080951965440e+01
9.326594969605974939e+01
8.997328193044856448e+01
1.739359917453699325e+02
1.641267259021202563e+02
1.160168302041391115e+02
1.942787217676486478e+02
1.794737828017789809e+02
1.907289014255509869e+02
1.433102127662358498e+02
2.479899699798334893e+02
2.035786779982038013e+02
8.245305355583579399e+01
9.005565116693114192e+01
6.214064708238576884e+01
7.835365775033520208e+01
7.960592832971148880e+01
1.520749970293148010e+02
1.442986533203893771e+02
1.056479519711614330e+02
1.798441221358341977e+02
1.687879414292164881e+02
1.948718897459179971e+02
1.414102267812495484e+02
2.469705393068117019e+02
2.036009792966507348e+02
8.278415636838747105e+01
9.060432114111081603e+01
6.246178537979900369e+01
1.284118880339173927e+02
1.221243810708430289e+02
9.384210514380689006e+01
1.631088017885362262e+02
1.561386536096191833e+02
1.836137957941064940e+02
1.787903971014024762e+02
2.453571769508271245e+02
2.034202587030523546e+02
8.313754876006787242e+01
9.124173451561838988e+01
6.284166861693046968e+01
1.024702304931711438e+02
9.728940546419993041e+01
8.036110976153929641e+01
1.436214827035550741e+02
1.411072215747274754e+02
1.698077339310372054e+02
1.701726430530439700e+02
1.352828866400261347e+02
2.028488164290345139e+02
8.348488717289697547e+01
9.196983218401835813e+01
6.328842090322854119e+01
6.078998955822636674e+01
5.926099774232151418e+01
1.132163797457625662e+02
1.174655961363071981e+02
1.476443857851506607e+02
1.547223632592229023e+02
1.275378083196623891e+02
2.348106741630677163e+02
8.309133076264249951e+01
9.222196799940962819e+01
6.356855988492598897e+01
1.068156746143492910e+02
1.089790093016843144e+02
1.368329637654824182e+02
1.476266699284548167e+02
1.249962308140307954e+02
2.339725378753119003e+02
2.000090451267387550e+02
9.380924497231460180e+01
6.446961025366256592e+01
1.924283824766478546e+01
1.063646503545253807e+02
1.004347635121492317e+02
1.234181912379036135e+02
1.375198964150467589e+02
1.203461071148612263e+02
2.301459451346153458e+02
1.988836698789494903e+02
8.486014122663453918e+01
9.539708627791850404e+01
6.544094233645898839e+01
6.384468656940012465e+01
8.869278824166984521e+01
1.099285397872841088e+02
1.041684879996863486e+02
2.105069671080214277e+02
1.888371086024653493e+02
8.321078971504002197e+01
9.540843918054078188e+01
6.585984835114631153e+01
1.957816002853984827e+01
7.716963434429752056e+01
9.859160540806561812e+01
9.738920139690898736e+01
2.017051374757475628e+02
1.838725726859569249e+02
8.346242048745078534e+01
9.747107942126959301e+01
6.730619853848111234e+01
1.990005202578475618e+01
8.645833643714765060e+01
1.846294445901362735e+02
1.726522733291730276e+02
8.223075172044676151e+01
9.908196494449120451e+01
6.883278846476950719e+01
2.027497377584596805e+01
8.224360704643366660e+01
1.693230445925309198e+02
1.589916115792690618e+02
8.064740930999950308e+01
1.015830443652388766e+02
7.119620666144518850e+01
2.085451927719475407e+01
8.056497586955494228e+01
1.307341216139939206e+02
7.422586945300294303e+01
1.016222910737924110e+02
7.335942076412459301e+01
1.371360867883666685e+02
5.868193739293730005e+01
9.438004213023157263e+01
7.365602281013327968e+01
2.214192741481524251e+01
8.274740274105245419e+01
5.535702502950227455e+01
9.808660442310976180e+01
8.068287969918522151e+01
2.439925625059586523e+01
9.055196322028275802e+01
2.845679896120786267e+01
1.048672131854024485e+02
7.172581440351696358e+01
3.054202014959876266e+01
3.980360888430293897e+01
