9.533008173706303978e+01
1.072163660512231189e+02
8.513659914285234720e+01
1.655264703804901671e+02
1.410062871323383433e+02
9.834337180911624898e+01
1.722435852141755674e+02
1.757238444530438812e+02
8.920210793796131554e+01
7.298697839291615708e+01
1.347513657153209294e+02
1.103789214316782221e+02
7.777984167238552971e+01
1.392291774077577600e+02
1.352271064754028487e+02
1.678531357116376910e+02
6.765557440311218329e+01
1.193933756096980545e+02
1.240542131009418938e+02
1.864710208145291688e+02
6.364708453444841751e+01
1.099262463092626660e+02
8.605741620051840357e+01
6.187358168412833237e+01
1.114339111426100146e+02
1.046259885698016348e+02
1.167191889968915888e+02
1.584803224094830796e+02
1.078598538556919522e+02
1.210724378631578588e+02
1.655054167330804944e+02
1.348620028961678656e+02
1.091818254220780489e+02
1.056598507985323607e+02
1.348087862444380391e+02
1.511737269325328725e+02
1.135222517064774337e+02
8.196806347330253573e+01
6.000085369306701466e+01
1.078960874035570185e+02
1.002824399543300302e+02
1.097632617873607757e+02
1.097974093085193346e+02
1.720469409929613960e+02
8.937657385992346804e+01
9.100780708775030803e+01
1.451277804700972922e+02
7.460886678041232756e+01
8.578110507689277142e+01
1.211197193765212177e+02
1.022624677788687251e+02
3.584768519356373417e+01
6.494071634001480220e+01
5.994933231614408697e+01
6.637581480138028667e+01
7.186259987030737761e+01
9.106131195929989985e+01
9.343413203521009791e+01
9.922564611501832132e+01
2.002973726485345765e+02
1.353277455659709858e+02
1.115114996026837417e+02
1.409294257226900982e+02
1.444287788690580214e+02
1.014467431187956805e+02
1.042629621556363446e+02
1.679550431952003180e+02
6.437707605865023197e+01
1.079726876061646408e+02
1.214726315239662000e+02
1.339308837648852659e+02
1.175109170529642171e+02
2.403380764866252832e+02
1.653132602394729815e+02
2.155189833845842315e+02
1.462103746526294117e+02
1.542079666754203799e+02
1.010435098736022610e+02
2.039985485356544928e+02
1.385052536466880895e+02
1.256014120934027432e+02
1.613611015517959402e+02
1.708205721289491521e+02
1.250826324829564697e+02
1.006603386606251576e+02
1.102494137300079586e+02
1.208465837298952152e+02
1.071038359278501133e+02
2.300896917493795115e+02
1.578638411757718245e+02
1.701664659953940770e+02
8.259420877139534412e+01
1.547713255794104157e+02
1.583331768096472842e+02
1.084708674059851177e+02
1.852424660819091002e+02
1.299254350840223253e+02
1.433683785723180222e+02
7.673917075549006483e+01
1.591309650510306710e+02
1.116691186441966863e+02
5.211130583462086463e+01
5.774445984445289781e+01
6.479290411734803001e+01
5.939285853599521658e+01
1.284814754719303380e+02
1.109797100442322915e+02
7.666236508085675894e+01
9.475377946656696793e+01
1.530858965299698298e+02
1.356214974827863102e+02
8.251757877639957428e+01
1.561833540343145899e+02
1.574405213978867835e+02
1.091725606440852658e+02
1.718304625556563963e+02
1.191023345413758534e+02
1.320751209231509904e+02
8.023585195968412620e+01
9.417561602500134654e+01
9.051263306151233223e+01
1.965703516567684517e+02
1.694145889316749845e+02
8.826397453751783928e+01
1.698730321145883693e+02
1.613748489145452254e+02
1.537117452566187694e+02
1.386866762460270479e+02
7.706650490385234775e+01
1.476739455352728498e+02
1.562527936756870588e+02
1.103844086207857345e+02
8.341958815458637844e+01
8.373940447513673746e+01
1.773229438975404832e+02
1.487369253499373656e+02
7.849085167007588382e+01
1.472243072938534283e+02
1.344343706581020683e+02
9.765982269957844153e+01
1.545328031487311193e+02
1.444858075271365010e+02
1.331523933084949647e+02
7.356393719958012412e+01
1.438111621701173704e+02
8.059740390083649686e+01
1.635740441988724285e+02
1.317890269025222381e+02
7.075066330030782069e+01
1.343225564949413524e+02
1.456518549205379998e+02
1.097734344334816399e+02
8.947013435916817059e+01
1.375931453983860706e+02
1.211000078601913827e+02
1.138992228277299148e+02
1.451588845736885673e+02
1.082935040415324721e+02
5.905240525954079800e+01
1.135501192041165979e+02
1.237551930203668746e+02
8.036358627689719469e+01
6.898303751106868731e+01
9.456677978724070499e+01
3.620084618706433588e+01
7.091907792671723598e+01
7.788133513300934396e+01
5.185579390034568803e+01
7.643297636154412089e+01
7.889282914068158448e+01
6.647890829564489934e+01
1.387780346539551601e+02
9.431858828889996005e+01
1.399714882862076024e+02
1.275583501686381283e+02
1.219812847839846626e+02
8.169457106291184800e+01
1.183820088765555028e+02
5.401597462254689219e+01
3.610649695798887393e+01
5.142786598321313107e+01
5.416537695312245404e+01
9.321548319723449083e+01
8.822919204200088927e+01
1.018123930670160462e+02
5.949126079433469982e+01
8.817231286002875379e+01
1.037805599525661506e+02
1.099801690284997591e+02
9.422818935600032830e+01
1.293745200145813783e+02
6.010827270008011425e+01
1.345804979773604941e+02
1.729250833056412660e+02
9.378063772492352257e+01
1.075971801139485251e+02
1.363237810462770483e+02
1.522861043661153815e+02
9.151953217472187418e+01
8.324405286593781739e+01
1.286866056760256924e+02
9.328992498865247285e+01
1.219109812195367795e+02
9.304871795547707336e+01
1.711554753221416547e+02
1.480437715125182763e+02
1.340533023076041275e+02
1.626818402368107570e+02
1.313708273957442714e+02
1.106197557029586847e+02
1.505111035971221725e+02
1.418847739091601454e+02
1.308289655165254146e+02
1.316680357080897750e+02
1.047061314928068896e+02
7.316683310156140863e+01
1.375162571003685912e+02
1.602326977841378266e+02
1.217089773772469101e+02
1.292192891399482733e+02
8.643461181597437815e+01
1.245065975660135962e+02
1.698143723700977148e+02
1.661308555731767740e+02
2.005353269492833874e+02
1.542809932902728463e+02
1.577065010471201276e+02
1.189303392931923469e+02
1.341130847006262741e+02
1.241799951795426864e+02
1.072260223755838382e+02
1.621338113828247742e+02
1.846709509308398083e+02
1.815331024556912496e+02
1.298587422209271836e+02
1.458337963285084982e+02
1.304856667154273850e+02
9.442471438659052296e+01
1.547404671777426302e+02
5.798274397878446962e+01
1.586970146463075082e+02
1.702476093753034547e+02
1.759298297938174471e+02
1.488447538876812928e+02
1.265247121781302582e+02
1.419929054727566609e+02
1.902501650755303899e+02
9.567210399834883106e+01
9.709134757229311674e+01
1.729360128172246505e+02
2.017321276635699974e+02
2.024988501456683991e+02
1.738243852395260376e+02
1.566426169671230184e+02
1.719761644858895409e+02
1.664971862845316650e+02
1.715987835221962996e+02
1.467461196619380814e+02
1.690561207535889707e+02
8.129207034409100174e+01
8.856940378221440824e+01
2.010923406188481408e+02
1.830185647202183645e+02
1.993527691443604795e+02
1.771961594307455243e+02
1.784762528512030997e+02
1.255496559200387736e+02
1.461726393054481150e+02
2.072175202586251999e+02
1.275007780136467090e+02
8.115149359262473183e+01
1.216607264151511600e+02
6.161107057403125253e+01
9.321548319723449083e+01
9.523900347807922628e+01
8.467216933137736135e+01
9.844306286847438514e+01
1.056291949692610928e+02
1.082729234044453932e+02
1.041941777433805072e+02
1.012832411988272554e+02
5.338554463872078060e+01
9.622663980131834194e+01
9.578205069656165449e+01
1.069893070997571982e+02
1.109694211881855068e+02
6.376937876368284464e+01
9.283126809624229736e+01
1.237308084247233779e+02
8.125585717110828909e+01
1.399416409923131539e+02
9.611068532037377565e+01
1.256091997946205367e+02
1.107104930485870682e+02
1.259909861570298375e+02
8.670608953191799628e+01
1.553992085983666414e+02
1.265295126964222590e+02
9.561252072983251082e+01
1.282724700674224323e+02
9.205564776681262629e+01
1.744042700617357582e+02
1.467012852400398799e+02
7.553613673917530491e+01
9.533870533708740425e+01
9.508644983542330920e+01
1.108397070698140823e+02
1.293600581204305229e+02
9.536517539616076533e+01
1.876295239563511643e+02
1.631967990103828186e+02
9.021812757936257299e+01
1.259130973495904158e+02
1.298561414418551578e+02
9.742538774854203609e+01
1.965659136100256319e+02
1.755413970813594062e+02
1.027288538666602449e+02
1.531824913552831617e+02
1.265061452582297932e+02
1.047210937493176459e+02
1.307574445643758736e+02
9.963574993601706353e+01
2.057464117749760533e+02
1.892008588327484233e+02
1.168220388254629682e+02
1.859295848064907375e+02
1.503734466579465732e+02
1.333576125765867175e+02
9.440613683059103778e+01
1.098922736408842979e+02
1.289905188072316093e+02
9.812826737745703554e+01
2.016895693987292191e+02
1.833667942863390863e+02
1.141608923513073819e+02
1.821747207482822546e+02
1.280967275618570511e+02
9.755024805315750314e+01
2.004945417728532675e+02
1.817911460308981759e+02
1.146898901747490527e+02
1.853912661892323683e+02
1.422044281855866359e+02
1.130193234837896767e+02
6.365019208108806481e+01
1.285921058893264615e+02
9.861341540347166301e+01
2.047691398872826483e+02
1.882914861005402543e+02
1.219102013690932012e+02
2.035666760357321152e+02
1.826431672140145110e+02
1.702479553238095775e+02
1.443195076581773435e+02
8.919454802517169867e+01
1.497275748104498518e+02
9.403372452607986531e+01
1.092646915207512848e+02
1.282572686356062377e+02
9.852004245710858754e+01
2.049006019897224178e+02
1.886437487371284192e+02
1.235383260518752451e+02
2.091065678069793137e+02
1.568437739116377543e+02
1.000108346772166499e+02
1.694211931459657876e+02
9.392950978138799201e+01
1.090572304134993402e+02
1.279184482337103219e+02
9.835170249631052286e+01
2.046607873592424198e+02
1.884064533779491057e+02
1.243982784848411285e+02
2.126483552799783467e+02
1.883321564523211578e+02
1.668612709989836276e+02
1.092795148911694270e+02
1.878530108927745061e+02
1.400536076677419146e+02
5.396154624982676751e+01
9.390856161914257427e+01
1.090800389865006252e+02
1.280970402877975118e+02
9.878788548885776777e+01
2.064313634716161232e+02
1.911125810139050998e+02
1.276906877908711522e+02
2.216309022975734422e+02
1.870650686880086653e+02
1.273381308918998371e+02
2.279677274468994028e+02
1.756438364953653206e+02
7.101023672739451342e+01
9.385859573619077878e+01
1.090028501784604060e+02
1.280175438445328666e+02
9.885907419224369619e+01
2.068918594492924115e+02
1.918751622334181661e+02
1.291153348500955929e+02
2.261604641725701867e+02
2.000539304019150109e+02
1.398046428587772709e+02
2.565207368836605042e+02
2.006944603407009140e+02
8.309721043667265405e+01
9.994593004426029381e+01
1.178226229139787478e+02
9.362331678389953993e+01
1.943061559441105715e+02
1.794147093413034497e+02
1.230631004491625333e+02
2.183825272236408921e+02
2.074953141144686981e+02
1.404575601800916047e+02
2.585948114547265959e+02
2.021648309763252485e+02
8.366009423605161999e+01
9.886486944060152382e+01
8.354449367422506612e+01
1.717459388197220562e+02
1.586920223100259761e+02
1.122302892478631833e+02
2.033951519065691969e+02
1.962243634482215953e+02
2.035900661964833489e+02
2.586414107398296096e+02
2.026473058939124030e+02
8.398874395132436632e+01
1.236937079870481568e+02
7.040870910356416346e+01
1.416731563047189013e+02
1.314063096855240644e+02
9.736403903195405007e+01
1.820235252938153963e+02
1.796808106228912436e+02
1.913245980117276304e+02
1.876755543736006189e+02
2.021419380188717128e+02
8.409591757772540177e+01
1.240042908674833910e+02
1.230913591794569442e+02
1.074440291752433865e+02
8.347167212437949502e+01
1.605782637696941038e+02
1.618871081972207264e+02
1.774448725731994898e+02
1.788756634153133405e+02
1.335052782410887176e+02
8.421561113832895273e+01
1.243826956504492784e+02
6.733603312988766731e+01
6.052063495652012648e+01
1.254688342112842463e+02
1.331548941073124013e+02
1.536855781575953586e+02
1.620060669206083332e+02
1.255496559200387736e+02
2.450703523804803012e+02
1.241097066888397507e+02
1.240638230991868767e+02
1.449069744502177457e+02
1.563539877508142695e+02
1.244030508839964426e+02
2.459223405730605521e+02
1.988796846363532325e+02
1.215118922280318401e+02
1.240472866747377907e+02
1.129516365323164138e+02
1.326585613127589340e+02
1.470963148490731953e+02
1.211897391584920030e+02
2.439456475980171035e+02
1.988382351741814489e+02
8.510594940800649510e+01
7.315812143160327707e+01
9.751061452371922655e+01
1.188508002017565133e+02
1.060257171022358875e+02
2.247349864599154614e+02
1.896959138281579840e+02
8.345433120089852252e+01
1.259808488971695795e+02
8.624170231551040899e+01
1.074483499020091983e+02
1.009096146260273343e+02
2.183791623399562809e+02
1.868022968329801472e+02
8.384203734618363058e+01
1.275009063212681184e+02
2.055906697799260598e+02
1.791919445825677144e+02
8.323112274595824545e+01
1.285958802976978177e+02
9.186888217865634942e+01
1.871868818215808687e+02
1.656285904991989923e+02
8.115149359262473183e+01
1.290628229802397300e+02
1.243284330610309638e+02
8.507436919403568254e+01
1.417006021932562021e+02
7.561704240415991762e+01
1.271243961890259726e+02
1.243012099599979052e+02
1.604322160965770934e+02
6.043932039078401885e+01
1.158716292944027373e+02
1.207324791071514909e+02
9.345914563106521200e+01
1.201798253692493006e+02
1.231437295305360777e+02
1.243938819981432857e+02
1.228526211343714323e+02
8.847590261340903339e+01
