5.711698405299730297e+01
6.294477327401362743e+01
9.134147973331201342e+01
1.204057656836947956e+02
7.592542862234427048e+01
8.556420593782674189e+01
1.448597061719088401e+02
1.395608422687091092e+02
5.975762833359216586e+01
8.408872420066418840e+01
1.007056661620345466e+02
6.305660384232697169e+01
7.227177509226751795e+01
1.285487695006218303e+02
1.115589212511789299e+02
1.245937862605417763e+02
6.958878505987759411e+01
1.179110858622825617e+02
1.163326881733812286e+02
1.347901366074767395e+02
8.460591455999089305e+01
9.124614111848929099e+01
5.746627237735381755e+01
6.805680157525173968e+01
1.213707723615067522e+02
1.058382310522939065e+02
1.170592930662431286e+02
1.326677168412480796e+02
9.242326057306829057e+01
1.039463711009683209e+02
1.196782995612936134e+02
1.397450717498986137e+02
9.895808497851608365e+01
8.854013977661044521e+01
1.047025883294000295e+02
1.320914054161119964e+02
5.709637533973938872e+01
3.782403427015996300e+01
4.766474896787083537e+01
8.615487764670746174e+01
7.596109476028391327e+01
7.892749737057732773e+01
9.123289661541870998e+01
1.071248850420518863e+02
8.999773875448627791e+01
1.045908500976657649e+02
1.234100171250755977e+02
8.120284073626716292e+01
9.399543632312150976e+01
1.111654105990366617e+02
1.344012719056528056e+02
4.009960090991123849e+01
5.393433247390193230e+01
9.652625518297662666e+01
8.419083140422493727e+01
8.975733243164984287e+01
1.130379532560646112e+02
1.020953670359106837e+02
1.314558640333645485e+02
1.156321984766176740e+02
1.646539362967844227e+02
1.442052886183478506e+02
1.433911506027633322e+02
1.263041632989687031e+02
1.595476023793492288e+02
1.259648788953279848e+02
1.444016666674888825e+02
1.700431581370755225e+02
1.123990320660443132e+02
1.774624284551978803e+02
1.385458622844225829e+02
1.466361728926231933e+02
1.812328253122484796e+02
1.500728619971160640e+02
2.173040850511698068e+02
1.958305922674215651e+02
1.206403833389202589e+02
1.480373291187551104e+02
1.851700318302477513e+02
1.029848653391923108e+02
1.511119711295492039e+02
1.382313472342404737e+02
1.248183393352049393e+02
1.138058320626648481e+02
1.515667160762419599e+02
1.016301608718551961e+02
7.003899702235466407e+01
7.535675857164180513e+01
9.260107362757203475e+01
7.702641061386438537e+01
9.289705761670998641e+01
1.152243321520743677e+02
1.459477810499072916e+02
8.801619462967423146e+01
1.414531815432989390e+02
1.574266382940055848e+02
9.438665525283343527e+01
1.003726599520805252e+02
1.279358453452566380e+02
1.666195589690806287e+02
6.493018913965048000e+01
9.735896411147916751e+01
9.226586152964432586e+01
4.342795946753506797e+01
5.263143441654521837e+01
6.733207450850242992e+01
5.801506247378827652e+01
7.225455231201294737e+01
1.122634812465545195e+02
6.841174246291693350e+01
1.332157814882413049e+02
1.106366462642283039e+02
2.203555472706617877e+02
9.102942127903000369e+01
1.483565312559932750e+02
1.480498303236616948e+02
8.965391257330304597e+01
9.747839590356076656e+01
1.237066772552416580e+02
1.605087505796504672e+02
8.433031834541981198e+01
1.039311504752094351e+02
8.889561739186579814e+01
1.118612205772380719e+02
1.729943273171918747e+02
9.716147851227437116e+01
1.607992925080412192e+02
1.897573570861205781e+02
1.071445084338147069e+02
2.161463416273956284e+02
8.114364083105238024e+01
1.337115526710963707e+02
1.522320596997606401e+02
9.449417050947194241e+01
9.266124216059081675e+01
7.577234988866051424e+01
9.390641503343543661e+01
1.403750078276997328e+02
7.893237808861975680e+01
9.891388314434364304e+01
1.996232235363171128e+02
2.325538592739416686e+02
1.679320424870590784e+02
9.555233159795457709e+01
1.948511691530424912e+02
7.026003308111897638e+01
1.170962933720817176e+02
6.638331505873611604e+01
8.115692565610467568e+01
1.160448654971086739e+02
6.530771488368067423e+01
8.276386710485557785e+01
1.496577213198682159e+02
1.438883671897611976e+02
2.209442372731161015e+02
1.685898642321625402e+02
9.227757580927210768e+01
1.840251467885155705e+02
1.023327874117415064e+02
1.377331856756164825e+02
7.663642240236279690e+01
9.770865992990077586e+01
1.765903723228224180e+02
2.240989680351041500e+02
1.995708564484526448e+02
1.605259825142938439e+02
1.201846380839174770e+02
6.569666010739238970e+01
8.419824402474147007e+01
1.513504857933465075e+02
1.868513517198847751e+02
6.998402694845795224e+01
1.822448245562195552e+02
5.346482972445070914e+01
7.611024777870503044e+01
1.437924964389100637e+02
1.796142162637611364e+02
6.874385219843239270e+01
9.728442004959511280e+01
1.896682394372424199e+02
2.358516015002174129e+02
9.220615528270691641e+01
8.842991627258558651e+01
1.037597876848966365e+02
4.141246539956496520e+01
8.127645771717315881e+01
3.574090029672878188e+01
4.490400513534625304e+01
6.073651569676660245e+01
7.403329432907686680e+01
6.036347106628542747e+01
7.106531647868882828e+01
8.139041084181839381e+01
1.048324997668000123e+02
1.313682998173484577e+02
7.082292786166090082e+01
1.078425130139745676e+02
7.393286410530339481e+01
1.286226499994881465e+02
1.797035753885275540e+02
7.025357100007187228e+01
1.069116577758460949e+02
1.179826421189123522e+02
1.012364358378269884e+02
9.528641808194541341e+01
7.840854212212353502e+01
1.095070940810939675e+02
9.212519598914229846e+01
1.267895672428038694e+02
8.015238453821103803e+01
1.521391362217978553e+02
1.156487632609071312e+02
1.197649490770322984e+02
1.526866763290628910e+02
1.043706321301877153e+02
1.047875294343193531e+02
1.394629351429242092e+02
1.507981058349853072e+02
1.305409070300148073e+02
1.309653594403085322e+02
1.085430826592651101e+02
9.235722285397847031e+01
1.377715942364540922e+02
1.657988271734769512e+02
1.308526637275938640e+02
1.237324894349697217e+02
1.042868167397766825e+02
8.649733574640113432e+01
1.584118353443896012e+02
1.749321128555186249e+02
2.188811121928967793e+02
1.547285975710854871e+02
1.451226141498822528e+02
1.292455573038654393e+02
1.486118550170099297e+02
1.048944917599917517e+02
1.290253864733066678e+02
1.744314114305616101e+02
1.895173158952039216e+02
1.863528284812965126e+02
1.496992310385108738e+02
1.576189851586091493e+02
1.335446212940015869e+02
1.259094976431485264e+02
1.464811178402553367e+02
7.467897624021995284e+01
1.757972217066025848e+02
1.766852065278667396e+02
1.633512207735938944e+02
1.535612222206891886e+02
1.607600605083037522e+02
1.487350103570110775e+02
1.352020053164042395e+02
1.252051956285227163e+02
8.462685178652294837e+01
1.762146060898537598e+02
1.982958888481478255e+02
1.839475801128527053e+02
1.509575340070437903e+02
1.541693574103726974e+02
1.756549200657295557e+02
1.534292440312106578e+02
1.338315897831990640e+02
1.222727583454990850e+02
1.750167313167877978e+02
7.489698163596260372e+01
9.411211731346128317e+01
1.879915401669349251e+02
1.849056069218714242e+02
1.923994439680087396e+02
1.705952528953638421e+02
1.614706845003289288e+02
1.477525146437573653e+02
1.390137027840322617e+02
1.748541908853760560e+02
1.214224992293159886e+02
9.315032919738017370e+01
1.118897376466938169e+02
1.413391983391786084e+02
6.073651569676660245e+01
6.122684191329844339e+01
8.249348819628801266e+01
5.794916560198711153e+01
8.037729808108311147e+01
6.033885027570485704e+01
5.535166523944544537e+01
7.674688192181393731e+01
6.466387369065918733e+01
5.961627569517298042e+01
5.511093417666822347e+01
7.971492657939205628e+01
7.810841583145953848e+01
8.948262605810937487e+01
1.365330908818399962e+02
8.068440490266092979e+01
8.573173854429010987e+01
1.117530162483160581e+02
5.479927768970068058e+01
1.768418531638474462e+02
9.654132524230898582e+01
7.865480173230079686e+01
8.566946087042104807e+01
1.168349822093756529e+02
1.763901067803055867e+02
8.763857605210191082e+01
5.405739507830764978e+01
7.777979916379548797e+01
8.653065495751336300e+01
1.233600034766176918e+02
1.915587640189179410e+02
1.013547189420495869e+02
7.319856713318995389e+01
9.933001908436214933e+01
7.713517458115670422e+01
8.697717194847106725e+01
1.276891627637363342e+02
2.027818599851881629e+02
1.131128561285193257e+02
9.015939798142854045e+01
1.269382019636745440e+02
5.286573214731318870e+01
7.629082393267819384e+01
8.652054022720710691e+01
1.289729250037815405e+02
2.063676703512601307e+02
1.190902019206786377e+02
1.013896141459656093e+02
1.467074756639695465e+02
7.931433961224701079e+01
5.269623395660426723e+01
8.667313979611439834e+01
1.311067533988330069e+02
2.129055548275098033e+02
1.274857391776850193e+02
1.154966596796604534e+02
1.769180407847179026e+02
1.339648780620099444e+02
1.037286341407739911e+02
1.138475779807255890e+02
5.252700478001572293e+01
7.551191779753335709e+01
8.647527350613175656e+01
1.319406400422861054e+02
2.157606888604930759e+02
1.324189705502176650e+02
1.253593964523930140e+02
1.998571278502369921e+02
1.558545852459292007e+02
1.241231232656540868e+02
1.359039628667473778e+02
1.129410625721540811e+02
8.549631838298290631e+01
1.305581292260903581e+02
2.122379228373314106e+02
1.314293849665067739e+02
1.275372357623997885e+02
2.066282451530742605e+02
1.616537368425996135e+02
1.286875751169536954e+02
1.342230083025513352e+02
9.900506690546569644e+01
7.454948727192441993e+01
1.315536746521043483e+02
2.153598380155021061e+02
1.357389082955405968e+02
1.356688283708787708e+02
2.271128453124544819e+02
1.841638437652415803e+02
1.535614016124021930e+02
1.676235912374059467e+02
1.299932270524799378e+02
1.153280426438852828e+02
1.317895373938884802e+02
8.553744512677933187e+01
1.319810922049977933e+02
2.168173868724185809e+02
1.383263337242415503e+02
1.412940646905496465e+02
2.422293317974760498e+02
2.016442714120879884e+02
1.740074916788429960e+02
1.960795088926987546e+02
1.570950496917927808e+02
1.521917247163867444e+02
1.987691496109891887e+02
7.402166333425991240e+01
8.493245735568194732e+01
1.309792627429808078e+02
2.141804929163061217e+02
1.370691387327314317e+02
1.416135603798660441e+02
2.449885317150618960e+02
2.054257835791584910e+02
1.793743106382859764e+02
2.019799953970791933e+02
1.595009352146138610e+02
1.572444260802317046e+02
2.073953246051495682e+02
9.191222132161820468e+01
8.412393335089217317e+01
1.293992968007019329e+02
2.098992316884509250e+02
1.341499548483317312e+02
1.393946925747392243e+02
2.415657827842194934e+02
2.022554133192318204e+02
1.968125251213754439e+02
1.508993310524375886e+02
1.476484716157463311e+02
1.900386108968542942e+02
8.059997285206785023e+01
6.653747865772726300e+01
8.417322408201998485e+01
1.298052523321313174e+02
2.111109076165631393e+02
1.358631442486940557e+02
1.428577355023664381e+02
2.510433894726127733e+02
2.137458725419701864e+02
2.175118617536045349e+02
1.707094898231336231e+02
1.732438930347758230e+02
2.328221146187169950e+02
1.047767980790569311e+02
9.612881678253351936e+01
1.245625885727283588e+02
1.754121660569786343e+02
6.263363009244316970e+01
1.151343951351419861e+02
1.835179444456377382e+02
1.211851773270355324e+02
1.315903370346362635e+02
2.357559814807320890e+02
2.040278505895774117e+02
1.857792794333191750e+02
1.687760723097212292e+02
1.724540733423436620e+02
2.325694678433685567e+02
1.048834865892833932e+02
9.633664737780988219e+01
1.248062207049092081e+02
1.754900729878468439e+02
1.521446347692353811e+02
1.037383177308010715e+02
1.173990013735419353e+02
2.154564652323846019e+02
1.904564050649246951e+02
1.775064535420162031e+02
2.072912187013478444e+02
1.707313713042346421e+02
2.315510563855146415e+02
1.048030879696717506e+02
9.646495604108524446e+01
1.250116536262992355e+02
1.755516174718632953e+02
8.635622626729920626e+01
1.028294691352150068e+02
1.935894432689500775e+02
1.751726397442809002e+02
1.678798492827647237e+02
1.996868159483053660e+02
1.613886613254919666e+02
1.686042459674195868e+02
2.302857601446831382e+02
1.047061555911774064e+02
9.662689599535428897e+01
1.252677265143339582e+02
1.756290246338030272e+02
8.231900363808784959e+01
1.625124592468945650e+02
1.529406471472291003e+02
1.527445808557820044e+02
1.870115854879307733e+02
1.543870147507190609e+02
7.931041660765845336e+01
1.643868107020081766e+02
2.272426070171133574e+02
1.041534626197192352e+02
9.657739508508706194e+01
1.254083132402890897e+02
1.756624305881111638e+02
1.382925190237355366e+02
1.335647964687865397e+02
1.392723659926787150e+02
1.753512300278591454e+02
1.477525146437573653e+02
1.605840563606450644e+02
2.247444743507752776e+02
1.038614053277795222e+02
9.676118336499615680e+01
1.257643091083831166e+02
1.757695308137571715e+02
1.353636521711092087e+02
1.412795044447695716e+02
1.765357213550929032e+02
1.480838127292495301e+02
1.623289983117398094e+02
2.275316651835452433e+02
1.052803778943039106e+02
9.806245941733536142e+01
1.269759444877800973e+02
1.761705343933768688e+02
1.206777004088648084e+02
1.043621117411153989e+02
1.179914252501036600e+02
1.546566903774392472e+02
1.348875803404906151e+02
1.536619183728793132e+02
2.208895831277049524e+02
1.040604644154677771e+02
1.272986937398022462e+02
6.452610083465698665e+01
8.734062103172210811e+01
1.246921551915791042e+02
1.160249955105674076e+02
1.401192483705922029e+02
2.095891654732512279e+02
1.016256258479878198e+02
9.736820228449916215e+01
1.274102737840327535e+02
1.762632169084614020e+02
1.070806178689581145e+02
1.337433615570979271e+02
2.043691553754974848e+02
1.012662060278232730e+02
9.830096671645679862e+01
1.287953257801592599e+02
1.766925325570884979e+02
1.005362092877645068e+02
9.292466783328744384e+01
1.213332181286290563e+02
1.915755034593213963e+02
9.871653488511934427e+01
9.833526335384456729e+01
1.298491472421081596e+02
1.769875032480357788e+02
7.586695405341477283e+01
1.037348172810587101e+02
1.699665079589117624e+02
9.315032919738017370e+01
9.706627866881302680e+01
1.304679798267187039e+02
1.771133868372685356e+02
1.028446391015308734e+02
1.565145311974101503e+02
8.901497192242926815e+01
9.714670012620861428e+01
1.326617211194396759e+02
1.776509301081101739e+02
1.338177485650834910e+02
8.003361989120877240e+01
9.455433342183177103e+01
1.340993956190080780e+02
1.778163425162065892e+02
6.393450244541378424e+01
8.839848842114179206e+01
1.353961880100563064e+02
1.778716036787645010e+02
9.347520274905427584e+01
1.489946049716387790e+02
1.812132219070934127e+02
1.186997352145972826e+02
1.714517541241872891e+02
1.413391983391786084e+02
