21
# x y z
26	0	0
26.25	0	0
26.5	0	0
26.75	0	0
27	0	0
27.25	0	0
27.5	0	0
27.75	0	0
28	0	0
28.25	0	0
28.5	0	0
28.75	0	0
29	0	0
29.25	0	0
29.5	0	0
29.75	0	0
30	0	0
30.25	0	0
30.5	0	0
30.75	0	0
31	0	0
573
# a b m n rhoa k err ip iperr
1	2	3	4	9.46992417537647e+01	-4.71670842607931e+00	3.00000000000000e-02	0.00000000000000e+00	0.00000000000000e+00
1	2	4	5	1.19747769820806e+02	-1.88060001006364e+01	3.00000000000000e-02	0.00000000000000e+00	0.00000000000000e+00
1	2	5	6	9.26108958993330e+01	-4.70937981303689e+01	3.00000000000000e-02	0.00000000000000e+00	0.00000000000000e+00
1	2	6	7	1.76470000705178e+02	-9.44321074007642e+01	3.00000000000000e-02	0.00000000000000e+00	0.00000000000000e+00
1	2	7	8	1.48760356546654e+02	-1.65371787199007e+02	3.00000000000000e-02	0.00000000000000e+00	0.00000000000000e+00
1	2	8	9	1.02373243647755e+02	-2.64501639738725e+02	3.00000000000000e-02	0.00000000000000e+00	0.00000000000000e+00
1	2	9	11	1.69478184682342e+02	-2.33108060088196e+02	3.00000000000000e-02	0.00000000000000e+00	0.00000000000000e+00
1	2	11	14	1.72312703471961e+02	-3.34204898217500e+02	3.00000000000000e-02	0.00000000000000e+00	0.00000000000000e+00
2	3	4	5	1.00303799525406e+02	-4.69820226916942e+00	3.00000000000000e-02	0.00000000000000e+00	0.00000000000000e+00
2	3	5	6	7.94259023692415e+01	-1.88225081626648e+01	3.00000000000000e-02	0.00000000000000e+00	0.00000000000000e+00
2	3	6	7	1.44670503659327e+02	-4.71161154529141e+01	3.00000000000000e-02	0.00000000000000e+00	0.00000000000000e+00
2	3	7	8	1.21833432205229e+02	-9.44437889669295e+01	3.00000000000000e-02	0.00000000000000e+00	0.00000000000000e+00
2	3	8	9	8.29630906945514e+01	-1.65444407275118e+02	3.00000000000000e-02	0.00000000000000e+00	0.00000000000000e+00
2	3	9	10	1.46824392410668e+02	-2.64533202429171e+02	3.00000000000000e-02	0.00000000000000e+00	0.00000000000000e+00
2	3	10	12	1.44017778697611e+02	-2.33146750509721e+02	3.00000000000000e-02	0.00000000000000e+00	0.00000000000000e+00
2	3	12	15	1.81831044340523e+02	-3.34240255913964e+02	3.00000000000000e-02	0.00000000000000e+00	0.00000000000000e+00
2	4	8	9	6.71526320895510e+01	-6.01397373205963e+01	3.00000000000000e-02	0.00000000000000e+00	0.00000000000000e+00
2	4	9	11	1.18001506701274e+02	-6.20081485555828e+01	3.00000000000000e-02	0.00000000000000e+00	0.00000000000000e+00
2	4	11	14	1.21041961801397e+02	-1.04260234462339e+02	3.00000000000000e-02	0.00000000000000e+00	0.00000000000000e+00
2	4	14	18	1.98380161314119e+02	-2.03012708304929e+02	3.00000000000000e-02	0.00000000000000e+00	0.00000000000000e+00
3	4	5	6	7.11349767717745e+01	-4.73207894706633e+00	3.00000000000000e-02	0.00000000000000e+00	0.00000000000000e+00
3	4	6	7	1.13906879029866e+02	-1.88418470560964e+01	3.00000000000000e-02	0.00000000000000e+00	0.00000000000000e+00
3	4	7	8	8.60439308170897e+01	-4.71168947294843e+01	3.00000000000000e-02	0.00000000000000e+00	0.00000000000000e+00
3	4	8	9	6.03740809344378e+01	-9.44856785457322e+01	3.00000000000000e-02	0.00000000000000e+00	0.00000000000000e+00
3	4	9	10	1.07433608198864e+02	-1.65439769194193e+02	3.00000000000000e-02	0.00000000000000e+00	0.00000000000000e+00
3	4	10	11	1.01157055804495e+02	-2.64558339491099e+02	3.00000000000000e-02	0.00000000000000e+00	0.00000000000000e+00
3	4	11	13	1.09570576246165e+02	-2.33150712505352e+02	3.00000000000000e-02	0.00000000000000e+00	0.00000000000000e+00
3	4	13	16	1.55808109205265e+02	-3.34248878469454e+02	3.00000000000000e-02	0.00000000000000e+00	0.00000000000000e+00
2	5	10	11	1.09449271713804e+02	-8.09907440644407e+01	3.00000000000000e-02	0.00000000000000e+00	0.00000000000000e+00
2	5	11	13	1.19704288431129e+02	-7.32907330225860e+01	3.00000000000000e-02	0.00000000000000e+00	0.00000000000000e+00
2	5	13	16	1.70405621864745e+02	-1.07550789478008e+02	3.00000000000000e-02	0.00000000000000e+00	0.00000000000000e+00
2	5	16	20	1.58313916108503e+02	-1.87688699013746e+02	3.00000000000000e-02	0.00000000000000e+00	0.00000000000000e+00
3	5	9	10	1.10222122876541e+02	-6.01248747430973e+01	3.00000000000000e-02	0.00000000000000e+00	0.00000000000000e+00
3	5	10	12	1.05277644171636e+02	-6.20064459001889e+01	3.00000000000000e-02	0.00000000000000e+00	0.00000000000000e+00
3	5	12	15	1.32750502801998e+02	-1.04257050814418e+02	3.00000000000000e-02	0.00000000000000e+00	0.00000000000000e+00
3	5	15	19	1.63865985493319e+02	-2.03011468989810e+02	3.00000000000000e-02	0.00000000000000e+00	0.00000000000000e+00
4	5	6	7	1.30450297318468e+02	-4.72013233413424e+00	3.00000000000000e-02	0.00000000000000e+00	0.00000000000000e+00
4	5	7	8	8.18199716260579e+01	-1.88178840397650e+01	3.00000000000000e-02	0.00000000000000e+00	0.00000000000000e+00
4	5	8	9	6.23899512001637e+01	-4.71258789940054e+01	3.00000000000000e-02	0.00000000000000e+00	0.00000000000000e+00
4	5	9	10	1.12925028720932e+02	-9.44505091342687e+01	3.00000000000000e-02	0.00000000000000e+00	0.00000000000000e+00
4	5	10	11	1.04505159302348e+02	-1.65428246946612e+02	3.00000000000000e-02	0.00000000000000e+00	0.00000000000000e+00
4	5	11	12	1.12162912230688e+02	-2.64527683722838e+02	3.00000000000000e-02	0.00000000000000e+00	0.00000000000000e+00
4	5	12	14	1.10143072930307e+02	-2.33133183045521e+02	3.00000000000000e-02	0.00000000000000e+00	0.00000000000000e+00
4	5	14	17	1.80564742907934e+02	-3.34236793417496e+02	3.00000000000000e-02	0.00000000000000e+00	0.00000000000000e+00
3	6	11	12	8.70785544200155e+01	-8.09867324082658e+01	3.00000000000000e-02	0.00000000000000e+00	0.00000000000000e+00
3	6	12	14	8.76161363631588e+01	-7.32888910515009e+01	3.00000000000000e-02	0.00000000000000e+00	0.00000000000000e+00
3	6	14	17	1.46262118183539e+02	-1.07550420006426e+02	3.00000000000000e-02	0.00000000000000e+00	0.00000000000000e+00
4	6	10	11	7.60758206862310e+01	-6.01261554342006e+01	3.00000000000000e-02	0.00000000000000e+00	0.00000000000000e+00
4	6	11	13	8.55645548615136e+01	-6.20024020387484e+01	3.00000000000000e-02	0.00000000000000e+00	0.00000000000000e+00
4	6	13	16	1.23256570453656e+02	-1.04255927641071e+02	3.00000000000000e-02	0.00000000000000e+00	0.00000000000000e+00
4	6	16	20	1.16676267729462e+02	-2.03011281387825e+02	3.00000000000000e-02	0.00000000000000e+00	0.00000000000000e+00
5	6	7	8	3.55998422575472e+01	-4.70328138001589e+00	3.00000000000000e-02	0.00000000000000e+00	0.00000000000000e+00
5	6	8	9	3.35788692769056e+01	-1.88364902122714e+01	3.00000000000000e-02	0.00000000000000e+00	0.00000000000000e+00
5	6	9	10	6.43966712895631e+01	-4.71066474203850e+01	3.00000000000000e-02	0.00000000000000e+00	0.00000000000000e+00
5	6	10	11	6.05869764744742e+01	-9.44574257382814e+01	3.00000000000000e-02	0.00000000000000e+00	0.00000000000000e+00
5	6	11	12	6.66513103732502e+01	-1.65421936461480e+02	3.00000000000000e-02	0.00000000000000e+00	0.00000000000000e+00
5	6	12	13	7.10279150764575e+01	-2.64518263492420e+02	3.00000000000000e-02	0.00000000000000e+00	0.00000000000000e+00
5	6	13	15	9.16001118770280e+01	-2.33136707729460e+02	3.00000000000000e-02	0.00000000000000e+00	0.00000000000000e+00
5	6	15	18	9.84834664298957e+01	-3.34239947971640e+02	3.00000000000000e-02	0.00000000000000e+00	0.00000000000000e+00
2	7	13	14	9.90557113464275e+01	-9.69044329352647e+01	3.00000000000000e-02	0.00000000000000e+00	0.00000000000000e+00
2	7	14	16	2.07956117972584e+02	-7.92216800721467e+01	3.00000000000000e-02	0.00000000000000e+00	0.00000000000000e+00
2	7	16	19	1.53034210455426e+02	-1.03542114936790e+02	3.00000000000000e-02	0.00000000000000e+00	0.00000000000000e+00
4	7	12	13	1.11086801889235e+02	-8.09847648095321e+01	3.00000000000000e-02	0.00000000000000e+00	0.00000000000000e+00
4	7	13	15	1.42993131310224e+02	-7.32903468953762e+01	3.00000000000000e-02	0.00000000000000e+00	0.00000000000000e+00
4	7	15	18	1.52273117055689e+02	-1.07551183805631e+02	3.00000000000000e-02	0.00000000000000e+00	0.00000000000000e+00
5	7	11	12	1.04023449510177e+02	-6.01270762344527e+01	3.00000000000000e-02	0.00000000000000e+00	0.00000000000000e+00
5	7	12	14	1.04230143707885e+02	-6.20033691690172e+01	3.00000000000000e-02	0.00000000000000e+00	0.00000000000000e+00
5	7	14	17	1.71589977571882e+02	-1.04258046184809e+02	3.00000000000000e-02	0.00000000000000e+00	0.00000000000000e+00
6	7	8	9	5.83345499539297e+01	-4.74496095281680e+00	3.00000000000000e-02	0.00000000000000e+00	0.00000000000000e+00
6	7	9	10	8.58426754994512e+01	-1.88288643590733e+01	3.00000000000000e-02	0.00000000000000e+00	0.00000000000000e+00
6	7	10	11	1.10254119417154e+02	-4.71233878920517e+01	3.00000000000000e-02	0.00000000000000e+00	0.00000000000000e+00
6	7	11	12	1.24934173738044e+02	-9.44617559017108e+01	3.00000000000000e-02	0.00000000000000e+00	0.00000000000000e+00
6	7	12	13	1.34459778091398e+02	-1.65424213158908e+02	3.00000000000000e-02	0.00000000000000e+00	0.00000000000000e+00
6	7	13	14	1.16469822712604e+02	-2.64535801564013e+02	3.00000000000000e-02	0.00000000000000e+00	0.00000000000000e+00
6	7	14	16	2.44786012665073e+02	-2.33142858320545e+02	3.00000000000000e-02	0.00000000000000e+00	0.00000000000000e+00
6	7	16	19	1.78091709447069e+02	-3.34251819978096e+02	3.00000000000000e-02	0.00000000000000e+00	0.00000000000000e+00
3	8	14	15	2.13695856222033e+02	-9.69005972956335e+01	3.00000000000000e-02	0.00000000000000e+00	0.00000000000000e+00
3	8	15	17	1.46151847455996e+02	-7.92198166047816e+01	3.00000000000000e-02	0.00000000000000e+00	0.00000000000000e+00
3	8	17	20	1.68340622002901e+02	-1.03541343192647e+02	3.00000000000000e-02	0.00000000000000e+00	0.00000000000000e+00
5	8	13	14	1.00031349537647e+02	-8.09813069020170e+01	3.00000000000000e-02	0.00000000000000e+00	0.00000000000000e+00
5	8	14	16	2.05068083353429e+02	-7.32870229806940e+01	3.00000000000000e-02	0.00000000000000e+00	0.00000000000000e+00
5	8	16	19	1.46183255820947e+02	-1.07550953370326e+02	3.00000000000000e-02	0.00000000000000e+00	0.00000000000000e+00
6	8	12	13	1.26319619638425e+02	-6.01149857889996e+01	3.00000000000000e-02	0.00000000000000e+00	0.00000000000000e+00
6	8	13	15	1.61252400888702e+02	-6.19996466125445e+01	3.00000000000000e-02	0.00000000000000e+00	0.00000000000000e+00
6	8	15	18	1.72861333544944e+02	-1.04254545070440e+02	3.00000000000000e-02	0.00000000000000e+00	0.00000000000000e+00
7	8	9	10	1.39809106421578e+02	-4.69837605468238e+00	3.00000000000000e-02	0.00000000000000e+00	0.00000000000000e+00
7	8	10	11	9.97806467556351e+01	-1.88174124538922e+01	3.00000000000000e-02	0.00000000000000e+00	0.00000000000000e+00
7	8	11	12	1.13593237302453e+02	-4.70977740426280e+01	3.00000000000000e-02	0.00000000000000e+00	0.00000000000000e+00
7	8	12	13	1.22945614387278e+02	-9.44311763704551e+01	3.00000000000000e-02	0.00000000000000e+00	0.00000000000000e+00
7	8	13	14	1.07416362762571e+02	-1.65401496028153e+02	3.00000000000000e-02	0.00000000000000e+00	0.00000000000000e+00
7	8	14	15	2.31670028296825e+02	-2.64502755313945e+02	3.00000000000000e-02	0.00000000000000e+00	0.00000000000000e+00
7	8	15	17	1.57579765571246e+02	-2.33123060060931e+02	3.00000000000000e-02	0.00000000000000e+00	0.00000000000000e+00
7	8	17	20	1.80775736059780e+02	-3.34237577302407e+02	3.00000000000000e-02	0.00000000000000e+00	0.00000000000000e+00
2	9	16	17	8.42711467506910e+01	-1.20041803594925e+02	3.00000000000000e-02	0.00000000000000e+00	0.00000000000000e+00
2	9	17	19	1.67499263104299e+02	-9.15837013670903e+01	3.00000000000000e-02	0.00000000000000e+00	0.00000000000000e+00
4	9	15	16	1.61009120066037e+02	-9.69017977371022e+01	3.00000000000000e-02	0.00000000000000e+00	0.00000000000000e+00
4	9	16	18	1.11502863649212e+02	-7.92221956057411e+01	3.00000000000000e-02	0.00000000000000e+00	0.00000000000000e+00
6	9	14	15	1.89444106110091e+02	-8.09860150435148e+01	3.00000000000000e-02	0.00000000000000e+00	0.00000000000000e+00
6	9	15	17	1.31380666198866e+02	-7.32893381226832e+01	3.00000000000000e-02	0.00000000000000e+00	0.00000000000000e+00
6	9	17	20	1.53968096016075e+02	-1.07553418334026e+02	3.00000000000000e-02	0.00000000000000e+00	0.00000000000000e+00
7	9	13	14	7.73507238523761e+01	-6.01249310939574e+01	3.00000000000000e-02	0.00000000000000e+00	0.00000000000000e+00
7	9	14	16	1.61878913042098e+02	-6.20026171814809e+01	3.00000000000000e-02	0.00000000000000e+00	0.00000000000000e+00
7	9	16	19	1.14020761169590e+02	-1.04258991770151e+02	3.00000000000000e-02	0.00000000000000e+00	0.00000000000000e+00
8	9	10	11	4.55348104006136e+01	-4.72364565099272e+00	3.00000000000000e-02	0.00000000000000e+00	0.00000000000000e+00
8	9	11	12	5.82711382912979e+01	-1.88286642124389e+01	3.00000000000000e-02	0.00000000000000e+00	0.00000000000000e+00
8	9	12	13	6.81106619599923e+01	-4.71148647717551e+01	3.00000000000000e-02	0.00000000000000e+00	0.00000000000000e+00
8	9	13	14	6.08858308269377e+01	-9.44631272662273e+01	3.00000000000000e-02	0.00000000000000e+00	0.00000000000000e+00
8	9	14	15	1.35163385707247e+02	-1.65431776042670e+02	3.00000000000000e-02	0.00000000000000e+00	0.00000000000000e+00
8	9	15	16	1.12814202555087e+02	-2.64531459699407e+02	3.00000000000000e-02	0.00000000000000e+00	0.00000000000000e+00
8	9	16	18	7.77518015369390e+01	-2.33147923418121e+02	3.00000000000000e-02	0.00000000000000e+00	0.00000000000000e+00
8	9	18	21	9.90218908332511e+01	-3.34245467024189e+02	3.00000000000000e-02	0.00000000000000e+00	0.00000000000000e+00
3	10	17	18	1.61354471354941e+02	-1.20042012688272e+02	3.00000000000000e-02	0.00000000000000e+00	0.00000000000000e+00
3	10	18	20	1.49764897559674e+02	-9.15836416758438e+01	3.00000000000000e-02	0.00000000000000e+00	0.00000000000000e+00
5	10	16	17	8.38907369293251e+01	-9.69030757467502e+01	3.00000000000000e-02	0.00000000000000e+00	0.00000000000000e+00
5	10	17	19	1.63306096183699e+02	-7.92232703890183e+01	3.00000000000000e-02	0.00000000000000e+00	0.00000000000000e+00
7	10	15	16	1.61237756592974e+02	-8.09820829384660e+01	3.00000000000000e-02	0.00000000000000e+00	0.00000000000000e+00
7	10	16	18	1.10843959165410e+02	-7.32896232935581e+01	3.00000000000000e-02	0.00000000000000e+00	0.00000000000000e+00
8	10	14	15	1.83714078710964e+02	-6.01243233540596e+01	3.00000000000000e-02	0.00000000000000e+00	0.00000000000000e+00
8	10	15	17	1.22165578041018e+02	-6.20019681990602e+01	3.00000000000000e-02	0.00000000000000e+00	0.00000000000000e+00
8	10	17	20	1.34688093189086e+02	-1.04259854618637e+02	3.00000000000000e-02	0.00000000000000e+00	0.00000000000000e+00
9	10	11	12	7.43199520767559e+01	-4.70748892021307e+00	3.00000000000000e-02	0.00000000000000e+00	0.00000000000000e+00
9	10	12	13	1.01726752501456e+02	-1.88201643790157e+01	3.00000000000000e-02	0.00000000000000e+00	0.00000000000000e+00
9	10	13	14	9.74112637333478e+01	-4.71120662265605e+01	3.00000000000000e-02	0.00000000000000e+00	0.00000000000000e+00
9	10	14	15	2.14233578959415e+02	-9.44517538111681e+01	3.00000000000000e-02	0.00000000000000e+00	0.00000000000000e+00
9	10	15	16	1.77652038930674e+02	-1.65411581872136e+02	3.00000000000000e-02	0.00000000000000e+00	0.00000000000000e+00
9	10	16	17	9.03257901280881e+01	-2.64521201421178e+02	3.00000000000000e-02	0.00000000000000e+00	0.00000000000000e+00
9	10	17	19	1.75184874946219e+02	-2.33142147736275e+02	3.00000000000000e-02	0.00000000000000e+00	0.00000000000000e+00
4	11	18	19	1.70816569352416e+02	-1.20046502510623e+02	3.00000000000000e-02	0.00000000000000e+00	0.00000000000000e+00
6	11	17	18	1.58950419014236e+02	-9.69044425428805e+01	3.00000000000000e-02	0.00000000000000e+00	0.00000000000000e+00
6	11	18	20	1.45854805211929e+02	-7.92237066955970e+01	3.00000000000000e-02	0.00000000000000e+00	0.00000000000000e+00
8	11	16	17	7.84783004075220e+01	-8.09856150494531e+01	3.00000000000000e-02	0.00000000000000e+00	0.00000000000000e+00
8	11	17	19	1.52589799229715e+02	-7.32921214010564e+01	3.00000000000000e-02	0.00000000000000e+00	0.00000000000000e+00
9	11	15	16	1.65459683974416e+02	-6.01212470384128e+01	3.00000000000000e-02	0.00000000000000e+00	0.00000000000000e+00
9	11	16	18	1.12703442761073e+02	-6.20029832927546e+01	3.00000000000000e-02	0.00000000000000e+00	0.00000000000000e+00
10	11	12	13	7.79638923979431e+01	-4.71693695120205e+00	3.00000000000000e-02	0.00000000000000e+00	0.00000000000000e+00
10	11	13	14	8.67143349768558e+01	-1.88295749121336e+01	3.00000000000000e-02	0.00000000000000e+00	0.00000000000000e+00
10	11	14	15	1.90898223309158e+02	-4.71160520155092e+01	3.00000000000000e-02	0.00000000000000e+00	0.00000000000000e+00
10	11	15	16	1.58529908603662e+02	-9.44507450988194e+01	3.00000000000000e-02	0.00000000000000e+00	0.00000000000000e+00
10	11	16	17	8.17894192683797e+01	-1.65421970127925e+02	3.00000000000000e-02	0.00000000000000e+00	0.00000000000000e+00
10	11	17	18	1.56337826369316e+02	-2.64530561486893e+02	3.00000000000000e-02	0.00000000000000e+00	0.00000000000000e+00
10	11	18	20	1.40782413441630e+02	-2.33146384606492e+02	3.00000000000000e-02	0.00000000000000e+00	0.00000000000000e+00
5	12	19	20	1.01925999108415e+02	-1.20040465469099e+02	3.00000000000000e-02	0.00000000000000e+00	0.00000000000000e+00
7	12	18	19	1.57255984555257e+02	-9.69094813954788e+01	3.00000000000000e-02	0.00000000000000e+00	0.00000000000000e+00
9	12	17	18	1.49834141565409e+02	-8.09870501948051e+01	3.00000000000000e-02	0.00000000000000e+00	0.00000000000000e+00
9	12	18	20	1.36466099273349e+02	-7.32924257888810e+01	3.00000000000000e-02	0.00000000000000e+00	0.00000000000000e+00
10	12	16	17	7.45847927799908e+01	-6.01247825715363e+01	3.00000000000000e-02	0.00000000000000e+00	0.00000000000000e+00
10	12	17	19	1.48378844792939e+02	-6.20058858799232e+01	3.00000000000000e-02	0.00000000000000e+00	0.00000000000000e+00
11	12	13	14	8.69885758067142e+01	-4.72102029799055e+00	3.00000000000000e-02	0.00000000000000e+00	0.00000000000000e+00
11	12	14	15	1.78362885112916e+02	-1.88298254197387e+01	3.00000000000000e-02	0.00000000000000e+00	0.00000000000000e+00
11	12	15	16	1.35510129479055e+02	-4.71126549661213e+01	3.00000000000000e-02	0.00000000000000e+00	0.00000000000000e+00
11	12	16	17	7.21314829570426e+01	-9.44560839402327e+01	3.00000000000000e-02	0.00000000000000e+00	0.00000000000000e+00
11	12	17	18	1.40248110973167e+02	-1.65427109619987e+02	3.00000000000000e-02	0.00000000000000e+00	0.00000000000000e+00
11	12	18	19	1.49474429730227e+02	-2.64549489359091e+02	3.00000000000000e-02	0.00000000000000e+00	0.00000000000000e+00
11	12	19	21	1.12025953295994e+02	-2.33115919785071e+02	3.00000000000000e-02	0.00000000000000e+00	0.00000000000000e+00
8	13	19	20	8.85698567936446e+01	-9.69016548838695e+01	3.00000000000000e-02	0.00000000000000e+00	0.00000000000000e+00
10	13	18	19	1.37619388490356e+02	-8.09921246787293e+01	3.00000000000000e-02	0.00000000000000e+00	0.00000000000000e+00
11	13	17	18	1.26227016118185e+02	-6.01244223995014e+01	3.00000000000000e-02	0.00000000000000e+00	0.00000000000000e+00
11	13	18	20	1.14929422090025e+02	-6.20056983647553e+01	3.00000000000000e-02	0.00000000000000e+00	0.00000000000000e+00
12	13	14	15	1.74115568386684e+02	-4.70820572523637e+00	3.00000000000000e-02	0.00000000000000e+00	0.00000000000000e+00
12	13	15	16	1.07051076970659e+02	-1.88200826933735e+01	3.00000000000000e-02	0.00000000000000e+00	0.00000000000000e+00
12	13	16	17	6.06174374270229e+01	-4.71093130135248e+01	3.00000000000000e-02	0.00000000000000e+00	0.00000000000000e+00
12	13	17	18	1.22417428413485e+02	-9.44535194462330e+01	3.00000000000000e-02	0.00000000000000e+00	0.00000000000000e+00
12	13	18	19	1.29249850583695e+02	-1.65436420609235e+02	3.00000000000000e-02	0.00000000000000e+00	0.00000000000000e+00
12	13	19	20	8.33715612573836e+01	-2.64516272212775e+02	3.00000000000000e-02	0.00000000000000e+00	0.00000000000000e+00
11	14	19	20	6.90309414990083e+01	-8.09837360163400e+01	3.00000000000000e-02	0.00000000000000e+00	0.00000000000000e+00
12	14	18	19	9.72233791284872e+01	-6.01332132165309e+01	3.00000000000000e-02	0.00000000000000e+00	0.00000000000000e+00
13	14	15	16	4.47217949245793e+01	-4.71633968142566e+00	3.00000000000000e-02	0.00000000000000e+00	0.00000000000000e+00
13	14	16	17	3.20300500340135e+01	-1.88266982701645e+01	3.00000000000000e-02	0.00000000000000e+00	0.00000000000000e+00
13	14	17	18	7.20078755144776e+01	-4.71169389866239e+01	3.00000000000000e-02	0.00000000000000e+00	0.00000000000000e+00
13	14	18	19	7.92589468933307e+01	-9.44721799135254e+01	3.00000000000000e-02	0.00000000000000e+00	0.00000000000000e+00
13	14	19	20	5.29901413897417e+01	-1.65419467530364e+02	3.00000000000000e-02	0.00000000000000e+00	0.00000000000000e+00
13	14	20	21	7.83199061900992e+01	-2.64442401965423e+02	3.00000000000000e-02	0.00000000000000e+00	0.00000000000000e+00
13	15	19	20	7.97367920117075e+01	-6.01242587933249e+01	3.00000000000000e-02	0.00000000000000e+00	0.00000000000000e+00
14	15	16	17	4.73552048957104e+01	-4.72135642031011e+00	3.00000000000000e-02	0.00000000000000e+00	0.00000000000000e+00
14	15	17	18	1.26371305741211e+02	-1.88318482114192e+01	3.00000000000000e-02	0.00000000000000e+00	0.00000000000000e+00
14	15	18	19	1.42802191408467e+02	-4.71308360342276e+01	3.00000000000000e-02	0.00000000000000e+00	0.00000000000000e+00
14	15	19	20	9.56410250582612e+01	-9.44556071880512e+01	3.00000000000000e-02	0.00000000000000e+00	0.00000000000000e+00
14	15	20	21	1.43814574172966e+02	-1.65361889870674e+02	3.00000000000000e-02	0.00000000000000e+00	0.00000000000000e+00
15	16	17	18	1.45294955735945e+02	-4.72144630544382e+00	3.00000000000000e-02	0.00000000000000e+00	0.00000000000000e+00
15	16	18	19	1.32038834346078e+02	-1.88381472062225e+01	3.00000000000000e-02	0.00000000000000e+00	0.00000000000000e+00
15	16	19	20	8.30773983984773e+01	-4.71093838380932e+01	3.00000000000000e-02	0.00000000000000e+00	0.00000000000000e+00
15	16	20	21	1.22693059180436e+02	-9.44075985722148e+01	3.00000000000000e-02	0.00000000000000e+00	0.00000000000000e+00
16	17	18	19	5.24476138387890e+01	-4.72816236398942e+00	3.00000000000000e-02	0.00000000000000e+00	0.00000000000000e+00
16	17	19	20	3.63141097909465e+01	-1.88185260874470e+01	3.00000000000000e-02	0.00000000000000e+00	0.00000000000000e+00
16	17	20	21	5.49674377855591e+01	-4.70801073938649e+01	3.00000000000000e-02	0.00000000000000e+00	0.00000000000000e+00
17	18	19	20	5.36430099435471e+01	-4.70140315017941e+00	3.00000000000000e-02	0.00000000000000e+00	0.00000000000000e+00
17	18	20	21	5.77248200028063e+01	-1.88053231700568e+01	3.00000000000000e-02	0.00000000000000e+00	0.00000000000000e+00
18	19	20	21	1.27262530314389e+02	-4.72339866809149e+00	3.00000000000000e-02	0.00000000000000e+00	0.00000000000000e+00
1	4	2	3	9.88289981858410e+01	1.57497164426031e+00	3.00000000000000e-02	0.00000000000000e+00	0.00000000000000e+00
2	5	3	4	9.06508519964185e+01	1.57394707136465e+00	3.00000000000000e-02	0.00000000000000e+00	0.00000000000000e+00
3	6	4	5	1.13130797844772e+02	1.56988525118642e+00	3.00000000000000e-02	0.00000000000000e+00	0.00000000000000e+00
4	7	5	6	5.95967959825718e+01	1.57193564166834e+00	3.00000000000000e-02	0.00000000000000e+00	0.00000000000000e+00
2	8	4	6	9.22777014817869e+01	3.14236341996911e+00	3.00000000000000e-02	0.00000000000000e+00	0.00000000000000e+00
5	8	6	7	1.06586461333447e+02	1.57534321028695e+00	3.00000000000000e-02	0.00000000000000e+00	0.00000000000000e+00
3	9	5	7	1.14422178869050e+02	3.14238733591625e+00	3.00000000000000e-02	0.00000000000000e+00	0.00000000000000e+00
6	9	7	8	9.67041604944427e+01	1.56800945134098e+00	3.00000000000000e-02	0.00000000000000e+00	0.00000000000000e+00
4	10	6	8	1.34989199110436e+02	3.14250659654288e+00	3.00000000000000e-02	0.00000000000000e+00	0.00000000000000e+00
7	10	8	9	5.45581738035742e+01	1.57570553316354e+00	3.00000000000000e-02	0.00000000000000e+00	0.00000000000000e+00
2	11	5	8	1.46548704248250e+02	4.71853411020795e+00	3.00000000000000e-02	0.00000000000000e+00	0.00000000000000e+00
2	11	6	7	1.88140469497629e+02	1.57367294966859e+01	3.00000000000000e-02	0.00000000000000e+00	0.00000000000000e+00
5	11	7	9	9.75917947311990e+01	3.14219278880818e+00	3.00000000000000e-02	0.00000000000000e+00	0.00000000000000e+00
8	11	9	10	1.11718107979692e+02	1.56858987363022e+00	3.00000000000000e-02	0.00000000000000e+00	0.00000000000000e+00
3	12	6	9	1.43701323874755e+02	4.71872841373228e+00	3.00000000000000e-02	0.00000000000000e+00	0.00000000000000e+00
3	12	7	8	1.60036686067301e+02	1.57344521307726e+01	3.00000000000000e-02	0.00000000000000e+00	0.00000000000000e+00
6	12	8	10	9.61182029592705e+01	3.14254523980731e+00	3.00000000000000e-02	0.00000000000000e+00	0.00000000000000e+00
9	12	10	11	8.08620255559381e+01	1.57245999537060e+00	3.00000000000000e-02	0.00000000000000e+00	0.00000000000000e+00
4	13	7	10	1.34901623277763e+02	4.71878688681915e+00	3.00000000000000e-02	0.00000000000000e+00	0.00000000000000e+00
4	13	8	9	9.73714816122598e+01	1.57375935783869e+01	3.00000000000000e-02	0.00000000000000e+00	0.00000000000000e+00
7	13	9	11	1.26500999859095e+02	3.14253064524698e+00	3.00000000000000e-02	0.00000000000000e+00	0.00000000000000e+00
10	13	11	12	9.52738764721603e+01	1.57116762461325e+00	3.00000000000000e-02	0.00000000000000e+00	0.00000000000000e+00
2	14	6	10	1.83789610888137e+02	6.29207458098294e+00	3.00000000000000e-02	0.00000000000000e+00	0.00000000000000e+00
2	14	7	9	1.59363798982305e+02	1.37629369025758e+01	3.00000000000000e-02	0.00000000000000e+00	0.00000000000000e+00
5	14	8	11	1.40650318555328e+02	4.71897006758288e+00	3.00000000000000e-02	0.00000000000000e+00	0.00000000000000e+00
5	14	9	10	1.69441308375791e+02	1.57357802705997e+01	3.00000000000000e-02	0.00000000000000e+00	0.00000000000000e+00
8	14	10	12	1.37241658340600e+02	3.14220236190297e+00	3.00000000000000e-02	0.00000000000000e+00	0.00000000000000e+00
11	14	12	13	1.20011180109552e+02	1.57067277570332e+00	3.00000000000000e-02	0.00000000000000e+00	0.00000000000000e+00
3	15	7	11	1.65085776205169e+02	6.29197813073536e+00	3.00000000000000e-02	0.00000000000000e+00	0.00000000000000e+00
3	15	8	10	1.53591759400760e+02	1.37631957597728e+01	3.00000000000000e-02	0.00000000000000e+00	0.00000000000000e+00
6	15	9	12	1.35297220868924e+02	4.71864446459632e+00	3.00000000000000e-02	0.00000000000000e+00	0.00000000000000e+00
6	15	10	11	1.38131200987691e+02	1.57361213341685e+01	3.00000000000000e-02	0.00000000000000e+00	0.00000000000000e+00
9	15	11	13	1.07693151484876e+02	3.14214214603798e+00	3.00000000000000e-02	0.00000000000000e+00	0.00000000000000e+00
12	15	13	14	6.94388196415658e+01	1.57215934779558e+00	3.00000000000000e-02	0.00000000000000e+00	0.00000000000000e+00
4	16	8	12	1.46075239448747e+02	6.29230534909677e+00	3.00000000000000e-02	0.00000000000000e+00	0.00000000000000e+00
4	16	9	11	1.70499299853773e+02	1.37631517225219e+01	3.00000000000000e-02	0.00000000000000e+00	0.00000000000000e+00
7	16	10	13	1.32081870785573e+02	4.71881069597088e+00	3.00000000000000e-02	0.00000000000000e+00	0.00000000000000e+00
7	16	11	12	1.38944458237142e+02	1.57363011973591e+01	3.00000000000000e-02	0.00000000000000e+00	0.00000000000000e+00
10	16	12	14	8.99373457569023e+01	3.14217945808216e+00	3.00000000000000e-02	0.00000000000000e+00	0.00000000000000e+00
13	16	14	15	1.31089607762954e+02	1.57134492812060e+00	3.00000000000000e-02	0.00000000000000e+00	0.00000000000000e+00
2	17	7	12	1.78044080228811e+02	7.86125582179726e+00	3.00000000000000e-02	0.00000000000000e+00	0.00000000000000e+00
2	17	8	11	1.73566269689937e+02	1.41470791273678e+01	3.00000000000000e-02	0.00000000000000e+00	0.00000000000000e+00
2	17	9	10	2.06496397295092e+02	4.40067507949254e+01	3.00000000000000e-02	0.00000000000000e+00	0.00000000000000e+00
5	17	9	13	1.63828776903353e+02	6.29208008907809e+00	3.00000000000000e-02	0.00000000000000e+00	0.00000000000000e+00
5	17	10	12	1.67597132629689e+02	1.37631912615124e+01	3.00000000000000e-02	0.00000000000000e+00	0.00000000000000e+00
8	17	11	14	1.22821059195098e+02	4.71856942734141e+00	3.00000000000000e-02	0.00000000000000e+00	0.00000000000000e+00
8	17	12	13	1.38814238868094e+02	1.57352575157726e+01	3.00000000000000e-02	0.00000000000000e+00	0.00000000000000e+00
11	17	13	15	1.29504486380836e+02	3.14271779568033e+00	3.00000000000000e-02	0.00000000000000e+00	0.00000000000000e+00
14	17	15	16	1.09250758633038e+02	1.57220672443672e+00	3.00000000000000e-02	0.00000000000000e+00	0.00000000000000e+00
3	18	8	13	1.69382322009650e+02	7.86135476370080e+00	3.00000000000000e-02	0.00000000000000e+00	0.00000000000000e+00
3	18	9	12	1.92104332321689e+02	1.41469550725882e+01	3.00000000000000e-02	0.00000000000000e+00	0.00000000000000e+00
3	18	10	11	1.91975956231913e+02	4.40072612437535e+01	3.00000000000000e-02	0.00000000000000e+00	0.00000000000000e+00
6	18	10	14	1.37881787553841e+02	6.29215077390630e+00	3.00000000000000e-02	0.00000000000000e+00	0.00000000000000e+00
6	18	11	13	1.53411782873018e+02	1.37629776411869e+01	3.00000000000000e-02	0.00000000000000e+00	0.00000000000000e+00
9	18	12	15	1.36437813137233e+02	4.71889258285115e+00	3.00000000000000e-02	0.00000000000000e+00	0.00000000000000e+00
9	18	13	14	9.82077543502678e+01	1.57364803301945e+01	3.00000000000000e-02	0.00000000000000e+00	0.00000000000000e+00
12	18	14	16	1.64898237098186e+02	3.14284641433768e+00	3.00000000000000e-02	0.00000000000000e+00	0.00000000000000e+00
15	18	16	17	5.09597824480908e+01	1.57342039613840e+00	3.00000000000000e-02	0.00000000000000e+00	0.00000000000000e+00
4	19	9	14	1.59014494368527e+02	7.86126353934856e+00	3.00000000000000e-02	0.00000000000000e+00	0.00000000000000e+00
4	19	10	13	1.70756029303154e+02	1.41469096869276e+01	3.00000000000000e-02	0.00000000000000e+00	0.00000000000000e+00
4	19	11	12	1.74393486968886e+02	4.40069765192022e+01	3.00000000000000e-02	0.00000000000000e+00	0.00000000000000e+00
7	19	11	15	1.60379703243165e+02	6.29206500177193e+00	3.00000000000000e-02	0.00000000000000e+00	0.00000000000000e+00
7	19	12	14	1.35518799449634e+02	1.37628367059928e+01	3.00000000000000e-02	0.00000000000000e+00	0.00000000000000e+00
10	19	13	16	1.50527741830933e+02	4.71866402817928e+00	3.00000000000000e-02	0.00000000000000e+00	0.00000000000000e+00
10	19	14	15	2.02932117796294e+02	1.57360513179509e+01	3.00000000000000e-02	0.00000000000000e+00	0.00000000000000e+00
13	19	15	17	9.96495656283042e+01	3.14192368003330e+00	3.00000000000000e-02	0.00000000000000e+00	0.00000000000000e+00
16	19	17	18	1.02873678187434e+02	1.57052576744828e+00	3.00000000000000e-02	0.00000000000000e+00	0.00000000000000e+00
2	20	8	14	1.88426084838269e+02	9.42941353755573e+00	3.00000000000000e-02	0.00000000000000e+00	0.00000000000000e+00
2	20	9	13	2.18614499464416e+02	1.51234840829603e+01	3.00000000000000e-02	0.00000000000000e+00	0.00000000000000e+00
2	20	10	12	2.20052762590763e+02	3.14225972247310e+01	3.00000000000000e-02	0.00000000000000e+00	0.00000000000000e+00
5	20	10	15	1.83354460398159e+02	7.86129389411453e+00	3.00000000000000e-02	0.00000000000000e+00	0.00000000000000e+00
5	20	11	14	1.62831650116307e+02	1.41468492989902e+01	3.00000000000000e-02	0.00000000000000e+00	0.00000000000000e+00
5	20	12	13	1.78522839400643e+02	4.40063694831191e+01	3.00000000000000e-02	0.00000000000000e+00	0.00000000000000e+00
8	20	12	16	1.78429321959757e+02	6.29191677838240e+00	3.00000000000000e-02	0.00000000000000e+00	0.00000000000000e+00
8	20	13	15	1.84942699159024e+02	1.37628703477522e+01	3.00000000000000e-02	0.00000000000000e+00	0.00000000000000e+00
11	20	14	17	1.62805969522483e+02	4.71874005919897e+00	3.00000000000000e-02	0.00000000000000e+00	0.00000000000000e+00
11	20	15	16	1.86643632282027e+02	1.57359103180193e+01	3.00000000000000e-02	0.00000000000000e+00	0.00000000000000e+00
14	20	16	18	8.44248807086311e+01	3.14225612665929e+00	3.00000000000000e-02	0.00000000000000e+00	0.00000000000000e+00
17	20	18	19	1.01494207606128e+02	1.57450563295835e+00	3.00000000000000e-02	0.00000000000000e+00	0.00000000000000e+00
3	21	9	15	2.12563162269333e+02	9.42985880572869e+00	3.00000000000000e-02	0.00000000000000e+00	0.00000000000000e+00
3	21	10	14	1.92363936168628e+02	1.51241399613671e+01	3.00000000000000e-02	0.00000000000000e+00	0.00000000000000e+00
3	21	11	13	2.07154716660146e+02	3.14235486428410e+01	3.00000000000000e-02	0.00000000000000e+00	0.00000000000000e+00
6	21	11	16	1.87438676241311e+02	7.86189889189860e+00	3.00000000000000e-02	0.00000000000000e+00	0.00000000000000e+00
6	21	12	15	1.89543190377099e+02	1.41477592948705e+01	3.00000000000000e-02	0.00000000000000e+00	0.00000000000000e+00
6	21	13	14	1.33039276278997e+02	4.40093140804760e+01	3.00000000000000e-02	0.00000000000000e+00	0.00000000000000e+00
9	21	13	17	1.58846753801299e+02	6.29305407744749e+00	3.00000000000000e-02	0.00000000000000e+00	0.00000000000000e+00
9	21	14	16	2.26001090057340e+02	1.37646074704513e+01	3.00000000000000e-02	0.00000000000000e+00	0.00000000000000e+00
12	21	15	18	1.40333553364827e+02	4.72023576581481e+00	3.00000000000000e-02	0.00000000000000e+00	0.00000000000000e+00
12	21	16	17	8.91372269644074e+01	1.57398390588306e+01	3.00000000000000e-02	0.00000000000000e+00	0.00000000000000e+00
15	21	17	19	1.26745079732528e+02	3.14587445630794e+00	3.00000000000000e-02	0.00000000000000e+00	0.00000000000000e+00
18	21	19	20	5.75571992544982e+01	1.57714289934670e+00	3.00000000000000e-02	0.00000000000000e+00	0.00000000000000e+00
1	4	2	3	9.87022129684781e+01	1.57497164426031e+00	3.00000000000000e-02	0.00000000000000e+00	0.00000000000000e+00
1	5	2	3	9.86413401439655e+01	2.36919274994513e+00	3.00000000000000e-02	0.00000000000000e+00	0.00000000000000e+00
1	5	3	4	9.02102811067099e+01	2.36220589978030e+00	3.00000000000000e-02	0.00000000000000e+00	0.00000000000000e+00
1	6	2	3	1.01445477327467e+02	2.71034431396689e+00	3.00000000000000e-02	0.00000000000000e+00	0.00000000000000e+00
1	6	3	4	1.08372023372709e+02	4.71676945724474e+00	3.00000000000000e-02	0.00000000000000e+00	0.00000000000000e+00
1	6	4	5	1.19070858640037e+02	2.69565507636247e+00	3.00000000000000e-02	0.00000000000000e+00	0.00000000000000e+00
1	7	3	4	1.05994758527071e+02	6.29183436978055e+00	3.00000000000000e-02	0.00000000000000e+00	0.00000000000000e+00
1	7	4	5	1.04743999597468e+02	6.28500450610942e+00	3.00000000000000e-02	0.00000000000000e+00	0.00000000000000e+00
1	7	5	6	4.66318840540846e+01	2.85328968953966e+00	3.00000000000000e-02	0.00000000000000e+00	0.00000000000000e+00
1	7	2	3	9.83985822701988e+01	2.87577250295761e+00	3.00000000000000e-02	0.00000000000000e+00	0.00000000000000e+00
1	8	2	3	1.02511878545585e+02	2.96608861777725e+00	3.00000000000000e-02	0.00000000000000e+00	0.00000000000000e+00
1	8	3	4	1.14428370732271e+02	7.26151278269543e+00	3.00000000000000e-02	0.00000000000000e+00	0.00000000000000e+00
1	8	4	5	1.21625467433915e+02	9.43681662843450e+00	3.00000000000000e-02	0.00000000000000e+00	0.00000000000000e+00
1	8	5	6	6.68565590887753e+01	7.25399164638880e+00	3.00000000000000e-02	0.00000000000000e+00	0.00000000000000e+00
1	8	6	7	8.91441643603445e+01	2.95825859030811e+00	3.00000000000000e-02	0.00000000000000e+00	0.00000000000000e+00
1	9	3	4	8.25328738280087e+01	7.86604212880004e+00	3.00000000000000e-02	0.00000000000000e+00	0.00000000000000e+00
1	9	4	5	1.28507782462968e+02	1.17996641626849e+01	3.00000000000000e-02	0.00000000000000e+00	0.00000000000000e+00
1	9	5	6	8.21522001700411e+01	1.17970869471624e+01	3.00000000000000e-02	0.00000000000000e+00	0.00000000000000e+00
1	9	6	7	1.41611677401555e+02	7.85627298306018e+00	3.00000000000000e-02	0.00000000000000e+00	0.00000000000000e+00
1	9	2	3	9.80884878193843e+01	3.02023542186292e+00	3.00000000000000e-02	0.00000000000000e+00	0.00000000000000e+00
1	9	7	8	1.36166448183818e+02	2.99281389833834e+00	3.00000000000000e-02	0.00000000000000e+00	0.00000000000000e+00
1	10	3	4	1.02479892482447e+02	8.25871303862995e+00	3.00000000000000e-02	0.00000000000000e+00	0.00000000000000e+00
1	10	4	5	1.31547310328445e+02	1.34842455411332e+01	3.00000000000000e-02	0.00000000000000e+00	0.00000000000000e+00
1	10	5	6	8.84460760650543e+01	1.57385480861209e+01	3.00000000000000e-02	0.00000000000000e+00	0.00000000000000e+00
1	10	6	7	1.61194449449534e+02	1.34812910912974e+01	3.00000000000000e-02	0.00000000000000e+00	0.00000000000000e+00
1	10	7	8	1.29585741980183e+02	8.24441671842364e+00	3.00000000000000e-02	0.00000000000000e+00	0.00000000000000e+00
1	10	8	9	3.72701478650250e+01	3.03794752816428e+00	3.00000000000000e-02	0.00000000000000e+00	0.00000000000000e+00
1	10	2	3	9.73806124622225e+01	3.05511637674582e+00	3.00000000000000e-02	0.00000000000000e+00	0.00000000000000e+00
1	11	3	4	8.59260500691412e+01	8.52483258784079e+00	3.00000000000000e-02	0.00000000000000e+00	0.00000000000000e+00
1	11	4	5	1.33387011753456e+02	1.46809027051653e+01	3.00000000000000e-02	0.00000000000000e+00	0.00000000000000e+00
1	11	5	6	9.36974713074677e+01	1.88852125616190e+01	3.00000000000000e-02	0.00000000000000e+00	0.00000000000000e+00
1	11	6	7	1.80646997805390e+02	1.88836062491392e+01	3.00000000000000e-02	0.00000000000000e+00	0.00000000000000e+00
1	11	7	8	1.52481354576775e+02	1.46730967943086e+01	3.00000000000000e-02	0.00000000000000e+00	0.00000000000000e+00
1	11	8	9	7.92282428435731e+01	8.51290479298807e+00	3.00000000000000e-02	0.00000000000000e+00	0.00000000000000e+00
1	11	9	10	6.42347292329689e+01	3.05434601166723e+00	3.00000000000000e-02	0.00000000000000e+00	0.00000000000000e+00
1	11	2	3	9.70900375287773e+01	3.07884157492967e+00	3.00000000000000e-02	0.00000000000000e+00	0.00000000000000e+00
1	12	2	3	9.96564940932887e+01	3.09568167635192e+00	3.00000000000000e-02	0.00000000000000e+00	0.00000000000000e+00
1	12	3	4	1.17301365534694e+02	8.71215792624048e+00	3.00000000000000e-02	0.00000000000000e+00	0.00000000000000e+00
1	12	4	5	1.38906462263660e+02	1.55435470160531e+01	3.00000000000000e-02	0.00000000000000e+00	0.00000000000000e+00
1	12	5	6	9.98398192829665e+01	2.13190819972511e+01	3.00000000000000e-02	0.00000000000000e+00	0.00000000000000e+00
1	12	6	7	1.99771809634271e+02	2.36017766014401e+01	3.00000000000000e-02	0.00000000000000e+00	0.00000000000000e+00
1	12	7	8	1.75048704454114e+02	2.13130940990253e+01	3.00000000000000e-02	0.00000000000000e+00	0.00000000000000e+00
1	12	8	9	9.81950951490138e+01	1.55380345064471e+01	3.00000000000000e-02	0.00000000000000e+00	0.00000000000000e+00
1	12	9	10	1.37357863841743e+02	8.69755417640700e+00	3.00000000000000e-02	0.00000000000000e+00	0.00000000000000e+00
1	13	4	5	1.27608638763651e+02	1.61778528984605e+01	3.00000000000000e-02	0.00000000000000e+00	0.00000000000000e+00
1	13	5	6	9.44841062107198e+01	2.31879339169462e+01	3.00000000000000e-02	0.00000000000000e+00	0.00000000000000e+00
1	13	6	7	1.94554507080746e+02	2.75295321263465e+01	3.00000000000000e-02	0.00000000000000e+00	0.00000000000000e+00
1	13	7	8	1.75904951927428e+02	2.75256200018196e+01	3.00000000000000e-02	0.00000000000000e+00	0.00000000000000e+00
1	13	8	9	1.03661934096250e+02	2.31838467775031e+01	3.00000000000000e-02	0.00000000000000e+00	0.00000000000000e+00
1	13	9	10	1.54354876181583e+02	1.61706710047167e+01	3.00000000000000e-02	0.00000000000000e+00	0.00000000000000e+00
1	13	10	11	1.37452765931307e+02	8.83554239504953e+00	3.00000000000000e-02	0.00000000000000e+00	0.00000000000000e+00
1	13	11	12	1.14614096383705e+02	3.08916221184046e+00	3.00000000000000e-02	0.00000000000000e+00	0.00000000000000e+00
1	14	3	4	4.75790826346310e+01	8.95016603360253e+00	3.00000000000000e-02	0.00000000000000e+00	0.00000000000000e+00
1	14	4	5	1.28969320103953e+02	1.66539025378002e+01	3.00000000000000e-02	0.00000000000000e+00	0.00000000000000e+00
1	14	5	6	9.68558090394535e+01	2.46284490575011e+01	3.00000000000000e-02	0.00000000000000e+00	0.00000000000000e+00
1	14	6	7	2.04096119318964e+02	3.07272329335602e+01	3.00000000000000e-02	0.00000000000000e+00	0.00000000000000e+00
1	14	7	8	1.90258877564399e+02	3.30208507725736e+01	3.00000000000000e-02	0.00000000000000e+00	0.00000000000000e+00
1	14	8	9	1.17656315163122e+02	3.07244777675672e+01	3.00000000000000e-02	0.00000000000000e+00	0.00000000000000e+00
1	14	9	10	1.85321854398529e+02	2.46218283900883e+01	3.00000000000000e-02	0.00000000000000e+00	0.00000000000000e+00
1	14	10	11	1.21231437538131e+02	1.66468847417217e+01	3.00000000000000e-02	0.00000000000000e+00	0.00000000000000e+00
1	14	11	12	1.80153056334199e+02	8.93705012075595e+00	3.00000000000000e-02	0.00000000000000e+00	0.00000000000000e+00
1	14	12	13	6.17178034870675e+01	3.09258562222549e+00	3.00000000000000e-02	0.00000000000000e+00	0.00000000000000e+00
1	15	2	3	9.66032960735937e+01	3.12462143797527e+00	3.00000000000000e-02	0.00000000000000e+00	0.00000000000000e+00
1	15	3	4	1.14432836363232e+02	9.02808921068166e+00	3.00000000000000e-02	0.00000000000000e+00	0.00000000000000e+00
1	15	4	5	1.35342639114505e+02	1.70182588895853e+01	3.00000000000000e-02	0.00000000000000e+00	0.00000000000000e+00
1	15	5	6	1.00643082935485e+02	2.57489409167623e+01	3.00000000000000e-02	0.00000000000000e+00	0.00000000000000e+00
1	15	6	7	2.10659310543842e+02	3.33088215924347e+01	3.00000000000000e-02	0.00000000000000e+00	0.00000000000000e+00
1	15	7	8	1.95244979265958e+02	3.77312690141416e+01	3.00000000000000e-02	0.00000000000000e+00	0.00000000000000e+00
1	15	8	9	1.20354073231754e+02	3.77322163695387e+01	3.00000000000000e-02	0.00000000000000e+00	0.00000000000000e+00
1	15	9	10	1.88790056806551e+02	3.33034133927260e+01	3.00000000000000e-02	0.00000000000000e+00	0.00000000000000e+00
1	15	11	12	1.86360791140295e+02	1.70107061421473e+01	3.00000000000000e-02	0.00000000000000e+00	0.00000000000000e+00
1	15	12	13	5.54402649909102e+01	9.01234721281981e+00	3.00000000000000e-02	0.00000000000000e+00	0.00000000000000e+00
1	16	3	4	4.04716255791382e+01	9.08896714654236e+00	3.00000000000000e-02	0.00000000000000e+00	0.00000000000000e+00
1	16	4	5	1.25144091543275e+02	1.73022304607291e+01	3.00000000000000e-02	0.00000000000000e+00	0.00000000000000e+00
1	16	5	6	9.41171176360015e+01	2.66304634544270e+01	3.00000000000000e-02	0.00000000000000e+00	0.00000000000000e+00
1	16	6	7	1.98139067269431e+02	3.53917090180926e+01	3.00000000000000e-02	0.00000000000000e+00	0.00000000000000e+00
1	16	7	8	1.84734737280487e+02	4.17003729710695e+01	3.00000000000000e-02	0.00000000000000e+00	0.00000000000000e+00
1	16	8	9	1.15158764955189e+02	4.40096630278900e+01	3.00000000000000e-02	0.00000000000000e+00	0.00000000000000e+00
1	16	9	10	1.81915368751033e+02	4.16989377298882e+01	3.00000000000000e-02	0.00000000000000e+00	0.00000000000000e+00
1	16	10	11	1.01162503291690e+02	3.53862282878854e+01	3.00000000000000e-02	0.00000000000000e+00	0.00000000000000e+00
1	16	11	12	1.80313843458208e+02	2.66235097897314e+01	3.00000000000000e-02	0.00000000000000e+00	0.00000000000000e+00
1	16	12	13	1.13188163309145e+02	1.72938105990893e+01	3.00000000000000e-02	0.00000000000000e+00	0.00000000000000e+00
1	16	13	14	6.06904298547211e+01	9.07498734306485e+00	3.00000000000000e-02	0.00000000000000e+00	0.00000000000000e+00
1	17	4	5	1.25277773127757e+02	1.75272256219572e+01	3.00000000000000e-02	0.00000000000000e+00	0.00000000000000e+00
1	17	5	6	9.49175415171780e+01	2.73324122996674e+01	3.00000000000000e-02	0.00000000000000e+00	0.00000000000000e+00
1	17	6	7	2.01987147202062e+02	3.70786663317250e+01	3.00000000000000e-02	0.00000000000000e+00	0.00000000000000e+00
1	17	7	8	1.91482828295517e+02	4.50173922120022e+01	3.00000000000000e-02	0.00000000000000e+00	0.00000000000000e+00
1	17	8	9	1.22305613616766e+02	4.95050185247801e+01	3.00000000000000e-02	0.00000000000000e+00	0.00000000000000e+00
1	17	9	10	1.99270720242398e+02	4.95024730633686e+01	3.00000000000000e-02	0.00000000000000e+00	0.00000000000000e+00
1	17	10	11	1.80450682806305e+02	4.50157742475084e+01	3.00000000000000e-02	0.00000000000000e+00	0.00000000000000e+00
1	17	11	12	1.81046409676574e+02	3.70729329820649e+01	3.00000000000000e-02	0.00000000000000e+00	0.00000000000000e+00
1	17	12	13	1.50348401027406e+02	2.73246959043246e+01	3.00000000000000e-02	0.00000000000000e+00	0.00000000000000e+00
1	17	13	14	9.19017495099563e+01	1.75202125853272e+01	3.00000000000000e-02	0.00000000000000e+00	0.00000000000000e+00
1	17	14	15	1.51433855322185e+02	9.12488508000177e+00	3.00000000000000e-02	0.00000000000000e+00	0.00000000000000e+00
1	17	15	16	5.79822744203003e+01	3.11608684825931e+00	3.00000000000000e-02	0.00000000000000e+00	0.00000000000000e+00
1	18	2	3	9.50483478193659e+01	3.13862868169908e+00	3.00000000000000e-02	0.00000000000000e+00	0.00000000000000e+00
1	18	3	4	1.13431463295226e+02	9.17648617802833e+00	3.00000000000000e-02	0.00000000000000e+00	0.00000000000000e+00
1	18	4	5	1.34089936427541e+02	1.77081639874675e+01	3.00000000000000e-02	0.00000000000000e+00	0.00000000000000e+00
1	18	5	6	1.00633326283040e+02	2.78981379538642e+01	3.00000000000000e-02	0.00000000000000e+00	0.00000000000000e+00
1	18	6	7	2.13624666917367e+02	3.84536551806297e+01	3.00000000000000e-02	0.00000000000000e+00	0.00000000000000e+00
1	18	7	8	2.02969646357171e+02	4.77827481677804e+01	3.00000000000000e-02	0.00000000000000e+00	0.00000000000000e+00
1	18	8	9	1.30829981724311e+02	5.42500577308566e+01	3.00000000000000e-02	0.00000000000000e+00	0.00000000000000e+00
1	18	9	10	2.16044849070688e+02	5.65655720892944e+01	3.00000000000000e-02	0.00000000000000e+00	0.00000000000000e+00
1	18	11	12	2.62456714074778e+02	4.77808226346919e+01	3.00000000000000e-02	0.00000000000000e+00	0.00000000000000e+00
1	18	12	13	1.49647558822219e+02	3.84471760383268e+01	3.00000000000000e-02	0.00000000000000e+00	0.00000000000000e+00
1	18	13	14	9.53637443139978e+01	2.78915572020619e+01	3.00000000000000e-02	0.00000000000000e+00	0.00000000000000e+00
1	18	14	15	1.61431747007924e+02	1.77025964193751e+01	3.00000000000000e-02	0.00000000000000e+00	0.00000000000000e+00
1	19	2	3	9.55377035609661e+01	3.14170583406390e+00	3.00000000000000e-02	0.00000000000000e+00	0.00000000000000e+00
1	19	3	4	1.13330007678049e+02	9.20850628320634e+00	3.00000000000000e-02	0.00000000000000e+00	0.00000000000000e+00
1	19	4	5	1.33682942236052e+02	1.78556277429386e+01	3.00000000000000e-02	0.00000000000000e+00	0.00000000000000e+00
1	19	5	6	1.00321778144803e+02	2.83593529209171e+01	3.00000000000000e-02	0.00000000000000e+00	0.00000000000000e+00
1	19	6	7	2.13118170561587e+02	3.95828774654235e+01	3.00000000000000e-02	0.00000000000000e+00	0.00000000000000e+00
1	19	7	8	2.03013139127476e+02	5.00909571015933e+01	3.00000000000000e-02	0.00000000000000e+00	0.00000000000000e+00
1	19	8	9	1.32253877683701e+02	5.83168541498339e+01	3.00000000000000e-02	0.00000000000000e+00	0.00000000000000e+00
1	19	9	10	2.20261310455615e+02	6.28465112934204e+01	3.00000000000000e-02	0.00000000000000e+00	0.00000000000000e+00
1	19	10	11	1.60587323984789e+02	6.28460322805164e+01	3.00000000000000e-02	0.00000000000000e+00	0.00000000000000e+00
1	19	11	12	2.06205793836449e+02	5.83128199299952e+01	3.00000000000000e-02	0.00000000000000e+00	0.00000000000000e+00
1	19	12	13	1.62709473437613e+02	5.00874165194543e+01	3.00000000000000e-02	0.00000000000000e+00	0.00000000000000e+00
1	19	13	14	1.07962173655793e+02	3.95757219255911e+01	3.00000000000000e-02	0.00000000000000e+00	0.00000000000000e+00
1	19	14	15	1.87658500277604e+02	2.83516166832006e+01	3.00000000000000e-02	0.00000000000000e+00	0.00000000000000e+00
1	19	15	16	1.38162574049270e+02	1.78469338811927e+01	3.00000000000000e-02	0.00000000000000e+00	0.00000000000000e+00
1	19	16	17	5.23303083921037e+01	9.19196360335912e+00	3.00000000000000e-02	0.00000000000000e+00	0.00000000000000e+00
1	19	17	18	3.48054769380687e+01	3.11360888652938e+00	3.00000000000000e-02	0.00000000000000e+00	0.00000000000000e+00
1	20	2	3	9.53884930351819e+01	3.14427478591241e+00	3.00000000000000e-02	0.00000000000000e+00	0.00000000000000e+00
1	20	3	4	1.13060958078670e+02	9.23504468647753e+00	3.00000000000000e-02	0.00000000000000e+00	0.00000000000000e+00
1	20	4	5	1.33483181144259e+02	1.79772664841677e+01	3.00000000000000e-02	0.00000000000000e+00	0.00000000000000e+00
1	20	5	6	1.00404213306831e+02	2.87394702618590e+01	3.00000000000000e-02	0.00000000000000e+00	0.00000000000000e+00
1	20	6	7	2.14146044309020e+02	4.05178288000749e+01	3.00000000000000e-02	0.00000000000000e+00	0.00000000000000e+00
1	20	7	8	2.05391256752385e+02	5.20243913982303e+01	3.00000000000000e-02	0.00000000000000e+00	0.00000000000000e+00
1	20	8	9	1.35324938898040e+02	6.17919273875644e+01	3.00000000000000e-02	0.00000000000000e+00	0.00000000000000e+00
1	20	9	10	2.28974403674425e+02	6.83703650532915e+01	3.00000000000000e-02	0.00000000000000e+00	0.00000000000000e+00
1	20	11	12	3.04618630228312e+02	6.83692770555679e+01	3.00000000000000e-02	0.00000000000000e+00	0.00000000000000e+00
1	20	12	13	1.77816471218197e+02	6.17870979148600e+01	3.00000000000000e-02	0.00000000000000e+00	0.00000000000000e+00
1	20	13	14	1.22403738125961e+02	5.20216147143409e+01	3.00000000000000e-02	0.00000000000000e+00	0.00000000000000e+00
1	20	14	15	2.22139729650679e+02	4.05114600211327e+01	3.00000000000000e-02	0.00000000000000e+00	0.00000000000000e+00
1	20	15	16	1.67778962638105e+02	2.87316359286560e+01	3.00000000000000e-02	0.00000000000000e+00	0.00000000000000e+00
1	20	16	17	6.05573335040739e+01	1.79689486408675e+01	3.00000000000000e-02	0.00000000000000e+00	0.00000000000000e+00
1	21	2	3	9.47000236689693e+01	3.14644152069007e+00	3.00000000000000e-02	0.00000000000000e+00	0.00000000000000e+00
1	21	3	4	1.12846229214276e+02	9.25727885268876e+00	3.00000000000000e-02	0.00000000000000e+00	0.00000000000000e+00
1	21	4	5	1.33088516893412e+02	1.80786996467370e+01	3.00000000000000e-02	0.00000000000000e+00	0.00000000000000e+00
1	21	5	6	1.00147086132209e+02	2.90559335399684e+01	3.00000000000000e-02	0.00000000000000e+00	0.00000000000000e+00
1	21	6	7	2.13812470096167e+02	4.12983039509562e+01	3.00000000000000e-02	0.00000000000000e+00	0.00000000000000e+00
1	21	7	8	2.05661741243707e+02	5.36517754407352e+01	3.00000000000000e-02	0.00000000000000e+00	0.00000000000000e+00
1	21	8	9	1.36536016741209e+02	6.47611899355921e+01	3.00000000000000e-02	0.00000000000000e+00	0.00000000000000e+00
1	21	9	10	2.33177669305643e+02	7.31974100030269e+01	3.00000000000000e-02	0.00000000000000e+00	0.00000000000000e+00
1	21	11	12	3.31212503564051e+02	7.77654782124127e+01	3.00000000000000e-02	0.00000000000000e+00	0.00000000000000e+00
1	21	12	13	1.92080862943891e+02	7.31984798441724e+01	3.00000000000000e-02	0.00000000000000e+00	0.00000000000000e+00
1	21	13	14	1.36134169949458e+02	6.47616503413087e+01	3.00000000000000e-02	0.00000000000000e+00	0.00000000000000e+00
1	21	14	15	2.54402650714944e+02	5.36566161493225e+01	3.00000000000000e-02	0.00000000000000e+00	0.00000000000000e+00
1	21	15	16	1.94963566216499e+02	4.13010276803549e+01	3.00000000000000e-02	0.00000000000000e+00	0.00000000000000e+00
1	21	16	17	7.95715568602705e+01	2.90603352118293e+01	3.00000000000000e-02	0.00000000000000e+00	0.00000000000000e+00
1	21	17	18	6.38286003009801e+01	1.80858552365919e+01	3.00000000000000e-02	0.00000000000000e+00	0.00000000000000e+00
2	21	3	4	9.95146281326520e+01	3.12465470992559e+00	3.00000000000000e-02	0.00000000000000e+00	0.00000000000000e+00
2	21	4	5	1.26542758026920e+02	9.21758967009411e+00	3.00000000000000e-02	0.00000000000000e+00	0.00000000000000e+00
2	21	5	6	9.73387584743762e+01	1.79692592292312e+01	3.00000000000000e-02	0.00000000000000e+00	0.00000000000000e+00
2	21	6	7	2.02524513842481e+02	2.87325871580855e+01	3.00000000000000e-02	0.00000000000000e+00	0.00000000000000e+00
2	21	7	8	1.91852828713476e+02	4.05092944526154e+01	3.00000000000000e-02	0.00000000000000e+00	0.00000000000000e+00
2	21	8	9	1.29948734119304e+02	5.20236096687207e+01	3.00000000000000e-02	0.00000000000000e+00	0.00000000000000e+00
2	21	9	10	2.23870910514364e+02	6.17876619796049e+01	3.00000000000000e-02	0.00000000000000e+00	0.00000000000000e+00
2	21	10	11	2.18881072204255e+02	6.83699958781589e+01	3.00000000000000e-02	0.00000000000000e+00	0.00000000000000e+00
2	21	12	13	3.29259297003790e+02	6.83714853799811e+01	3.00000000000000e-02	0.00000000000000e+00	0.00000000000000e+00
2	21	13	14	1.39014326861222e+02	6.17923842562218e+01	3.00000000000000e-02	0.00000000000000e+00	0.00000000000000e+00
2	21	14	15	2.59700769525299e+02	5.20290194703150e+01	3.00000000000000e-02	0.00000000000000e+00	0.00000000000000e+00
2	21	15	16	1.98768257540930e+02	4.05204607065976e+01	3.00000000000000e-02	0.00000000000000e+00	0.00000000000000e+00
2	21	16	17	8.19295640730736e+01	2.87437863809488e+01	3.00000000000000e-02	0.00000000000000e+00	0.00000000000000e+00
2	21	17	18	8.02342804187645e+01	1.79843456044069e+01	3.00000000000000e-02	0.00000000000000e+00	0.00000000000000e+00
2	21	18	19	1.19085161361645e+01	9.24409161109775e+00	3.00000000000000e-02	0.00000000000000e+00	0.00000000000000e+00
3	21	4	5	1.08821430879237e+02	3.11201122389019e+00	3.00000000000000e-02	0.00000000000000e+00	0.00000000000000e+00
3	21	5	6	8.84940667698265e+01	9.19299485987030e+00	3.00000000000000e-02	0.00000000000000e+00	0.00000000000000e+00
3	21	6	7	1.80847565109863e+02	1.78482669735863e+01	3.00000000000000e-02	0.00000000000000e+00	0.00000000000000e+00
3	21	7	8	1.71138224265262e+02	2.83494912419906e+01	3.00000000000000e-02	0.00000000000000e+00	0.00000000000000e+00
3	21	8	9	1.18932803258467e+02	3.95783039129674e+01	3.00000000000000e-02	0.00000000000000e+00	0.00000000000000e+00
3	21	9	10	2.09747655156393e+02	5.00883942057750e+01	3.00000000000000e-02	0.00000000000000e+00	0.00000000000000e+00
3	21	10	11	2.07610686359509e+02	5.83138410606924e+01	3.00000000000000e-02	0.00000000000000e+00	0.00000000000000e+00
3	21	11	12	2.11419539712871e+02	6.28467293033310e+01	3.00000000000000e-02	0.00000000000000e+00	0.00000000000000e+00
3	21	13	14	2.69732679124910e+02	5.83171748081539e+01	3.00000000000000e-02	0.00000000000000e+00	0.00000000000000e+00
3	21	14	15	2.65371240895313e+02	5.00952821318123e+01	3.00000000000000e-02	0.00000000000000e+00	0.00000000000000e+00
3	21	15	16	2.02901547690869e+02	3.95853708277881e+01	3.00000000000000e-02	0.00000000000000e+00	0.00000000000000e+00
3	21	16	17	8.37292202609037e+01	2.83635569989511e+01	3.00000000000000e-02	0.00000000000000e+00	0.00000000000000e+00
3	21	17	18	1.18123493348824e+02	1.78626127682184e+01	3.00000000000000e-02	0.00000000000000e+00	0.00000000000000e+00
3	21	18	19	5.28599742548616e+01	9.21750144816706e+00	3.00000000000000e-02	0.00000000000000e+00	0.00000000000000e+00
3	21	19	20	2.33501957571424e+00	3.14906139298505e+00	3.00000000000000e-02	0.00000000000000e+00	0.00000000000000e+00
4	21	5	6	7.79588791839014e+01	3.12400336544077e+00	3.00000000000000e-02	0.00000000000000e+00	0.00000000000000e+00
4	21	6	7	1.48719718572877e+02	9.16580189041179e+00	3.00000000000000e-02	0.00000000000000e+00	0.00000000000000e+00
4	21	7	8	1.39546114047209e+02	1.76998007429188e+01	3.00000000000000e-02	0.00000000000000e+00	0.00000000000000e+00
4	21	8	9	1.01886799397243e+02	2.78940162176516e+01	3.00000000000000e-02	0.00000000000000e+00	0.00000000000000e+00
4	21	9	10	1.86109526353524e+02	3.84479329568323e+01	3.00000000000000e-02	0.00000000000000e+00	0.00000000000000e+00
4	21	10	11	1.88605264415596e+02	4.77817969141815e+01	3.00000000000000e-02	0.00000000000000e+00	0.00000000000000e+00
4	21	11	12	1.97155158987311e+02	5.42477083900316e+01	3.00000000000000e-02	0.00000000000000e+00	0.00000000000000e+00
4	21	12	13	1.95612375778775e+02	5.65662676371704e+01	3.00000000000000e-02	0.00000000000000e+00	0.00000000000000e+00
4	21	14	15	3.56167243463283e+02	4.77867088490398e+01	3.00000000000000e-02	0.00000000000000e+00	0.00000000000000e+00
4	21	15	16	2.01963064180968e+02	3.84559701780281e+01	3.00000000000000e-02	0.00000000000000e+00	0.00000000000000e+00
4	21	16	17	8.36960083378383e+01	2.79022037250846e+01	3.00000000000000e-02	0.00000000000000e+00	0.00000000000000e+00
4	21	17	18	1.20982703660598e+02	1.77150346972344e+01	3.00000000000000e-02	0.00000000000000e+00	0.00000000000000e+00
4	21	18	19	4.72387721382702e+01	9.18541886487326e+00	3.00000000000000e-02	0.00000000000000e+00	0.00000000000000e+00
5	21	6	7	1.36814386055651e+02	3.11565625845501e+00	3.00000000000000e-02	0.00000000000000e+00	0.00000000000000e+00
5	21	7	8	1.11346582724744e+02	9.12086294323706e+00	3.00000000000000e-02	0.00000000000000e+00	0.00000000000000e+00
5	21	8	9	8.71747351362768e+01	1.75224189426169e+01	3.00000000000000e-02	0.00000000000000e+00	0.00000000000000e+00
5	21	9	10	1.64853409425831e+02	2.73248262793308e+01	3.00000000000000e-02	0.00000000000000e+00	0.00000000000000e+00
5	21	10	11	1.69659437998534e+02	3.70735766305314e+01	3.00000000000000e-02	0.00000000000000e+00	0.00000000000000e+00
5	21	11	12	1.82654571900581e+02	4.50160865698381e+01	3.00000000000000e-02	0.00000000000000e+00	0.00000000000000e+00
5	21	12	13	1.85645062763733e+02	4.95028419263380e+01	3.00000000000000e-02	0.00000000000000e+00	0.00000000000000e+00
5	21	13	14	1.41642327758745e+02	4.95048643422451e+01	3.00000000000000e-02	0.00000000000000e+00	0.00000000000000e+00
5	21	15	16	3.26943630539985e+02	3.70807570474075e+01	3.00000000000000e-02	0.00000000000000e+00	0.00000000000000e+00
5	21	16	17	8.39014171521075e+01	2.73363081789594e+01	3.00000000000000e-02	0.00000000000000e+00	0.00000000000000e+00
5	21	17	18	1.17796978012544e+02	1.75339566153748e+01	3.00000000000000e-02	0.00000000000000e+00	0.00000000000000e+00
5	21	18	19	3.84055091360124e+01	9.14623763375344e+00	3.00000000000000e-02	0.00000000000000e+00	0.00000000000000e+00
6	21	7	8	6.15655992686587e+01	3.10312044257575e+00	3.00000000000000e-02	0.00000000000000e+00	0.00000000000000e+00
6	21	8	9	6.15426764891629e+01	9.07785411003033e+00	3.00000000000000e-02	0.00000000000000e+00	0.00000000000000e+00
6	21	9	10	1.28182907282779e+02	1.72935035863548e+01	3.00000000000000e-02	0.00000000000000e+00	0.00000000000000e+00
6	21	10	11	1.39049427444711e+02	2.66239483343376e+01	3.00000000000000e-02	0.00000000000000e+00	0.00000000000000e+00
6	21	11	12	1.57893851016917e+02	3.53864197402767e+01	3.00000000000000e-02	0.00000000000000e+00	0.00000000000000e+00
6	21	12	13	1.67668017561616e+02	4.16991264546784e+01	3.00000000000000e-02	0.00000000000000e+00	0.00000000000000e+00
6	21	13	14	1.32713607354802e+02	4.40093140804760e+01	3.00000000000000e-02	0.00000000000000e+00	0.00000000000000e+00
6	21	14	15	2.66065129846541e+02	4.17035213367160e+01	3.00000000000000e-02	0.00000000000000e+00	0.00000000000000e+00
6	21	16	17	1.80892301944167e+02	2.66341617824250e+01	3.00000000000000e-02	0.00000000000000e+00	0.00000000000000e+00
6	21	17	18	1.21201183867860e+02	1.73087923904694e+01	3.00000000000000e-02	0.00000000000000e+00	0.00000000000000e+00
6	21	18	19	4.45559521936707e+01	9.09773030082220e+00	3.00000000000000e-02	0.00000000000000e+00	0.00000000000000e+00
7	21	8	9	2.93586248164827e+01	3.11615709908726e+00	3.00000000000000e-02	0.00000000000000e+00	0.00000000000000e+00
7	21	10	11	1.26106619014595e+02	1.70122842230604e+01	3.00000000000000e-02	0.00000000000000e+00	0.00000000000000e+00
7	21	11	12	1.46245699758001e+02	2.57428595143128e+01	3.00000000000000e-02	0.00000000000000e+00	0.00000000000000e+00
7	21	12	13	1.58052675227936e+02	3.33040457731520e+01	3.00000000000000e-02	0.00000000000000e+00	0.00000000000000e+00
7	21	13	14	1.28136149097873e+02	3.77320482038526e+01	3.00000000000000e-02	0.00000000000000e+00	0.00000000000000e+00
7	21	14	15	2.60602805372647e+02	3.77342335837792e+01	3.00000000000000e-02	0.00000000000000e+00	0.00000000000000e+00
7	21	15	16	2.08914169688540e+02	3.33104533659038e+01	3.00000000000000e-02	0.00000000000000e+00	0.00000000000000e+00
7	21	17	18	1.74994368113012e+02	1.70246201551734e+01	3.00000000000000e-02	0.00000000000000e+00	0.00000000000000e+00
7	21	18	19	1.16438361610774e+02	9.03673741643567e+00	3.00000000000000e-02	0.00000000000000e+00	0.00000000000000e+00
7	21	19	20	4.78625919366443e+00	3.13189715793070e+00	3.00000000000000e-02	0.00000000000000e+00	0.00000000000000e+00
8	21	9	10	1.34201065364903e+02	3.08856813932285e+00	3.00000000000000e-02	0.00000000000000e+00	0.00000000000000e+00
8	21	10	11	1.15144901032045e+02	8.93468822509155e+00	3.00000000000000e-02	0.00000000000000e+00	0.00000000000000e+00
8	21	11	12	1.36718092840025e+02	1.66449867527366e+01	3.00000000000000e-02	0.00000000000000e+00	0.00000000000000e+00
8	21	12	13	1.51193966110998e+02	2.46207754406103e+01	3.00000000000000e-02	0.00000000000000e+00	0.00000000000000e+00
8	21	13	14	1.26201266718476e+02	3.07233216686045e+01	3.00000000000000e-02	0.00000000000000e+00	0.00000000000000e+00
8	21	14	15	2.61271670818316e+02	3.30231213226753e+01	3.00000000000000e-02	0.00000000000000e+00	0.00000000000000e+00
8	21	15	16	2.11851795270714e+02	3.07283649008772e+01	3.00000000000000e-02	0.00000000000000e+00	0.00000000000000e+00
8	21	16	17	9.08938222009551e+01	2.46316043610808e+01	3.00000000000000e-02	0.00000000000000e+00	0.00000000000000e+00
8	21	17	18	4.17630980434216e+01	1.66599906826745e+01	3.00000000000000e-02	0.00000000000000e+00	0.00000000000000e+00
8	21	18	19	1.73741654491039e+02	8.95866464321086e+00	3.00000000000000e-02	0.00000000000000e+00	0.00000000000000e+00
8	21	19	20	4.56600021494469e+01	3.12463659844705e+00	3.00000000000000e-02	0.00000000000000e+00	0.00000000000000e+00
9	21	10	11	7.03257014831895e+01	3.09000362418503e+00	3.00000000000000e-02	0.00000000000000e+00	0.00000000000000e+00
9	21	11	12	1.00561309290497e+02	8.83480718394164e+00	3.00000000000000e-02	0.00000000000000e+00	0.00000000000000e+00
9	21	12	13	1.23196117005584e+02	1.61705464958010e+01	3.00000000000000e-02	0.00000000000000e+00	0.00000000000000e+00
9	21	13	14	1.10584504698602e+02	2.31831885121482e+01	3.00000000000000e-02	0.00000000000000e+00	0.00000000000000e+00
9	21	14	15	2.41035210222563e+02	2.75280362611838e+01	3.00000000000000e-02	0.00000000000000e+00	0.00000000000000e+00
9	21	15	16	2.02179632539965e+02	2.75303937215617e+01	3.00000000000000e-02	0.00000000000000e+00	0.00000000000000e+00
9	21	16	17	8.90969431704145e+01	2.31907939463482e+01	3.00000000000000e-02	0.00000000000000e+00	0.00000000000000e+00
9	21	17	18	1.33704088719901e+02	1.61836245029650e+01	3.00000000000000e-02	0.00000000000000e+00	0.00000000000000e+00
9	21	18	19	2.37042606939278e+01	8.85667127252639e+00	3.00000000000000e-02	0.00000000000000e+00	0.00000000000000e+00
9	21	19	20	1.90325546324996e+01	3.11524951918978e+00	3.00000000000000e-02	0.00000000000000e+00	0.00000000000000e+00
10	21	11	12	8.68571810452983e+01	3.07110083923394e+00	3.00000000000000e-02	0.00000000000000e+00	0.00000000000000e+00
10	21	12	13	1.17345175466539e+02	8.69751815669806e+00	3.00000000000000e-02	0.00000000000000e+00	0.00000000000000e+00
10	21	13	14	1.10477840024016e+02	1.55374344482705e+01	3.00000000000000e-02	0.00000000000000e+00	0.00000000000000e+00
10	21	14	15	2.44888429228974e+02	2.13155909048869e+01	3.00000000000000e-02	0.00000000000000e+00	0.00000000000000e+00
10	21	15	16	2.06946979395116e+02	2.36021527251066e+01	3.00000000000000e-02	0.00000000000000e+00	0.00000000000000e+00
10	21	16	17	9.27995645803938e+01	2.13215186553581e+01	3.00000000000000e-02	0.00000000000000e+00	0.00000000000000e+00
10	21	17	18	1.40807180582078e+02	1.55488909923815e+01	3.00000000000000e-02	0.00000000000000e+00	0.00000000000000e+00
10	21	18	19	1.35425832850542e+02	8.72021640881530e+00	3.00000000000000e-02	0.00000000000000e+00	0.00000000000000e+00
10	21	19	20	1.98511180717871e+00	3.10282318683212e+00	3.00000000000000e-02	0.00000000000000e+00	0.00000000000000e+00
11	21	13	14	5.83323377891589e+01	8.51291082147959e+00	3.00000000000000e-02	0.00000000000000e+00	0.00000000000000e+00
11	21	14	15	2.18797951714217e+02	1.46760540439492e+01	3.00000000000000e-02	0.00000000000000e+00	0.00000000000000e+00
11	21	15	16	1.89313708001413e+02	1.88834069464972e+01	3.00000000000000e-02	0.00000000000000e+00	0.00000000000000e+00
11	21	16	17	8.77892458743534e+01	1.88871250348214e+01	3.00000000000000e-02	0.00000000000000e+00	0.00000000000000e+00
11	21	17	18	1.35404601534264e+02	1.46856787540226e+01	3.00000000000000e-02	0.00000000000000e+00	0.00000000000000e+00
11	21	18	19	1.29803073719403e+02	8.53254673525430e+00	3.00000000000000e-02	0.00000000000000e+00	0.00000000000000e+00
11	21	19	20	8.95980196897747e+00	3.08590508186008e+00	3.00000000000000e-02	0.00000000000000e+00	0.00000000000000e+00
11	21	12	13	8.98001139548377e+01	3.05831615575043e+00	3.00000000000000e-02	0.00000000000000e+00	0.00000000000000e+00
12	21	14	15	1.67405054054457e+02	8.24773263443827e+00	3.00000000000000e-02	0.00000000000000e+00	0.00000000000000e+00
12	21	15	16	1.73377019282963e+02	1.34803109499641e+01	3.00000000000000e-02	0.00000000000000e+00	0.00000000000000e+00
12	21	16	17	8.50481741753137e+01	1.57398390588306e+01	3.00000000000000e-02	0.00000000000000e+00	0.00000000000000e+00
12	21	17	18	1.35675780623585e+02	1.34882670520922e+01	3.00000000000000e-02	0.00000000000000e+00	0.00000000000000e+00
12	21	18	19	1.30266321565978e+02	8.26594423429688e+00	3.00000000000000e-02	0.00000000000000e+00	0.00000000000000e+00
12	21	19	20	8.63179145146703e+00	3.06206994525142e+00	3.00000000000000e-02	0.00000000000000e+00	0.00000000000000e+00
12	21	13	14	9.01219217705627e+01	3.03686217045972e+00	3.00000000000000e-02	0.00000000000000e+00	0.00000000000000e+00
13	21	15	16	1.36069030548136e+02	7.85441098991195e+00	3.00000000000000e-02	0.00000000000000e+00	0.00000000000000e+00
13	21	16	17	7.88601722625982e+01	1.17979794564501e+01	3.00000000000000e-02	0.00000000000000e+00	0.00000000000000e+00
13	21	17	18	1.34050193321060e+02	1.18027905191336e+01	3.00000000000000e-02	0.00000000000000e+00	0.00000000000000e+00
13	21	18	19	1.30293008251020e+02	7.87259418321351e+00	3.00000000000000e-02	0.00000000000000e+00	0.00000000000000e+00
13	21	19	20	8.33401547818407e+00	3.02702872228101e+00	3.00000000000000e-02	0.00000000000000e+00	0.00000000000000e+00
13	21	14	15	1.84785076007152e+02	2.99723732327608e+00	3.00000000000000e-02	0.00000000000000e+00	0.00000000000000e+00
14	21	16	17	6.29061544677605e+01	7.25287630475708e+00	3.00000000000000e-02	0.00000000000000e+00	0.00000000000000e+00
14	21	17	18	1.21791023585103e+02	9.43845746453366e+00	3.00000000000000e-02	0.00000000000000e+00	0.00000000000000e+00
14	21	18	19	1.26508578681369e+02	7.26701622654144e+00	3.00000000000000e-02	0.00000000000000e+00	0.00000000000000e+00
14	21	19	20	4.02975966860590e+01	2.97263220416186e+00	3.00000000000000e-02	0.00000000000000e+00	0.00000000000000e+00
14	21	15	16	8.28706225520263e+01	2.94684630969662e+00	3.00000000000000e-02	0.00000000000000e+00	0.00000000000000e+00
15	21	16	17	5.32798750899406e+01	2.85975852427637e+00	3.00000000000000e-02	0.00000000000000e+00	0.00000000000000e+00
15	21	17	18	1.23283060286913e+02	6.28728958078532e+00	3.00000000000000e-02	0.00000000000000e+00	0.00000000000000e+00
15	21	18	19	1.29329284333945e+02	6.29621457460008e+00	3.00000000000000e-02	0.00000000000000e+00	0.00000000000000e+00
15	21	19	20	6.37149551203372e+01	2.88193424763154e+00	3.00000000000000e-02	0.00000000000000e+00	0.00000000000000e+00
16	21	19	20	6.50870025486443e+01	2.71579449925705e+00	3.00000000000000e-02	0.00000000000000e+00	0.00000000000000e+00
16	21	17	18	1.36615408132543e+02	2.69650398276767e+00	3.00000000000000e-02	0.00000000000000e+00	0.00000000000000e+00
16	21	18	19	1.29240629205691e+02	4.71899855793347e+00	3.00000000000000e-02	0.00000000000000e+00	0.00000000000000e+00
17	21	18	19	9.00412783838659e+01	2.36178800824321e+00	3.00000000000000e-02	0.00000000000000e+00	0.00000000000000e+00
17	21	19	20	6.14727947382356e+01	2.37329287574408e+00	3.00000000000000e-02	0.00000000000000e+00	0.00000000000000e+00
18	21	19	20	5.76795855434875e+01	1.57714289934670e+00	3.00000000000000e-02	0.00000000000000e+00	0.00000000000000e+00
0
