8.265922863691423572e+01
1.073657068397151306e+02
1.359457641029562183e+02
1.467775572234099002e+02
1.788583943064934658e+02
1.960832878972377955e+02
2.092236552214097571e+02
2.599772689229397997e+02
8.835258371351152107e+01
1.123365428967186261e+02
1.248031230522558133e+02
1.536046482986412514e+02
1.713601866734568659e+02
1.837033336299501798e+02
1.922383734542907519e+02
2.526336125749518828e+02
1.494430829580609270e+02
1.654688655953742398e+02
2.109355531891853559e+02
2.146040559896049160e+02
2.136155040601327357e+02
8.387795745940600511e+01
9.586373953062818032e+01
1.198638316833728510e+02
1.369118310479935303e+02
1.496800693574595300e+02
1.563982623079814971e+02
1.875735715134100303e+02
2.041839278715513331e+02
1.549151370724660808e+02
1.878428236676699896e+02
2.074325264545254583e+02
2.073641285499372771e+02
2.149995209992736420e+02
1.376110749743068311e+02
1.486481434409127189e+02
2.039744529698885742e+02
1.956568789490204381e+02
2.080196789208897030e+02
7.450880654762875110e+01
9.655367139472387805e+01
1.156077407718839680e+02
1.307122151328138102e+02
1.395321737998944798e+02
1.463189196950658584e+02
2.035043029465439872e+02
1.899110311876532364e+02
1.495433486331158690e+02
2.087670206773032362e+02
1.957009838731494824e+02
1.998571089639487184e+02
2.342099776270830773e+02
1.398006629594154333e+02
1.694544189536275098e+02
1.946860966051648631e+02
2.013444914118565521e+02
2.135466457857057776e+02
9.257261972257964544e+01
1.121788889195717047e+02
1.297596437675787229e+02
1.399537547652016656e+02
1.462032869323435023e+02
2.064298064848663046e+02
1.964819275412718298e+02
2.069178942671929349e+02
1.977066360547431145e+02
1.819227060633604083e+02
1.946408439747435750e+02
2.121859067699164143e+02
1.859735877999645481e+02
1.789896997745225633e+02
1.905556942717372806e+02
1.940600956873597625e+02
2.241669655540791553e+02
1.266937582626842413e+02
1.819754992451947544e+02
1.780494318769502229e+02
1.888286371512971868e+02
2.270895770962518725e+02
8.291450414044157924e+01
1.000465049248700637e+02
1.109597485625246946e+02
1.155395786675218801e+02
1.654668364998235575e+02
1.677673886338862985e+02
1.574407686670292321e+02
1.732994774312027459e+02
1.627908267346115849e+02
1.886364356082090410e+02
1.817969843812436750e+02
2.043667228954597590e+02
1.736591919443060590e+02
1.644655208930388994e+02
1.825918476681149798e+02
2.033469442575016615e+02
1.615238943403274163e+02
1.595546203226580246e+02
1.757076284700173403e+02
1.837071332628966047e+02
2.175611426018553516e+02
9.319734254173803834e+01
1.099301506567861537e+02
1.592700121188361777e+02
1.637752475217107246e+02
1.502403489283486806e+02
1.766956683522980427e+02
1.747425647326541309e+02
1.933712831082179946e+02
1.698871165330831445e+02
2.046753266195922265e+02
2.330359390657844756e+02
1.647923002299136215e+02
1.815752686885321339e+02
1.814813198726454289e+02
1.918559502397980907e+02
1.391536015145948113e+02
1.651461486000140724e+02
1.649733323976892336e+02
1.906365664170760112e+02
1.457557428470896070e+02
1.428110265007670421e+02
1.653744862867310985e+02
1.885446142774752900e+02
8.895608462601259703e+01
8.795756965494973656e+01
1.294597799941835490e+02
1.354545641791353887e+02
1.272557977205613753e+02
1.438509569938613311e+02
1.614203672739509443e+02
1.641327298093732168e+02
1.643323990377927259e+02
1.628887552427226240e+02
1.914956599677355200e+02
2.243440615033723873e+02
1.697639977511448706e+02
1.532090711393260563e+02
1.869147260499899801e+02
2.183647745652468473e+02
1.389655687214234661e+02
1.574505972163534864e+02
1.614578829433654050e+02
1.758707121580782200e+02
1.153264467143683447e+02
1.398848433303280103e+02
1.451166483320951386e+02
1.721011767985243068e+02
7.310324859919830942e+01
1.064486429601670920e+02
1.128410736361611555e+02
1.085058956385674804e+02
1.240476016289156576e+02
1.442835939582774643e+02
1.329874874656385089e+02
1.626487623198397330e+02
1.369601065740856427e+02
1.790736192565796046e+02
1.736859375871820816e+02
1.448834525716193298e+02
1.452487753345111798e+02
1.740330718430193997e+02
2.088474748876865021e+02
1.418235987163812979e+02
1.319717729346613737e+02
1.620215206008636812e+02
1.943667530325040786e+02
1.158770634007295257e+02
1.340164231561414283e+02
1.400782257686263392e+02
1.559687353876735756e+02
9.186045113821968755e+01
9.779153811512995276e+01
9.662388446633997319e+01
1.112059489802719412e+02
1.304860965705451576e+02
1.267341303727812232e+02
1.274639787023129855e+02
1.542357565264144341e+02
1.843579363237242603e+02
1.687947010354945974e+02
2.272858776103658158e+02
1.566570712474305367e+02
1.726481005266642228e+02
1.663635382000665857e+02
1.223765580182000150e+02
1.588250688670443367e+02
1.578974614432809460e+02
1.235907095872376260e+02
1.254445461791440835e+02
1.530727033301841971e+02
1.883868980636780464e+02
1.213834358364414925e+02
1.170230806110151747e+02
1.444060058965915232e+02
1.775401186519433452e+02
7.826445005468183069e+01
8.240328864259690533e+01
9.724820341039897187e+01
1.161803494818617679e+02
1.156174621838323162e+02
1.094106710029581819e+02
1.394696298104438199e+02
1.413883510851705125e+02
1.669631837638458762e+02
1.643422395024747971e+02
2.291363496570940299e+02
1.722214078945816027e+02
1.591329701329941315e+02
2.174424545125228292e+02
1.441272141896338042e+02
1.620958096774134276e+02
1.588237786403725522e+02
1.166075206541956959e+02
1.482381143251332674e+02
1.513391195620731651e+02
1.208681841621831836e+02
1.248990567132120191e+02
1.555063718282906393e+02
1.966665749768053502e+02
8.417916963157044563e+01
9.948607708722450127e+01
1.206726131417873091e+02
1.238693908157935368e+02
1.208384079247086618e+02
1.428195078565224208e+02
1.647038032892099295e+02
1.653707104196477928e+02
1.522965638481859116e+02
1.655537197036607040e+02
1.503374991346654213e+02
1.507342896414662619e+02
2.152145592837565573e+02
1.538487517774261732e+02
1.439255048742347469e+02
2.005261270366828512e+02
1.263323583807393646e+02
1.467030195970753255e+02
1.479107326544620946e+02
1.077688961587039955e+02
1.347571840079221204e+02
1.431818987340220417e+02
8.288045561756132429e+01
9.568215064842983963e+01
1.000692138001657980e+02
1.002977809132111133e+02
1.140841631420098423e+02
1.371601895271724914e+02
1.293184362979414743e+02
1.835058409433582369e+02
1.435747490931275649e+02
2.282026817741541436e+02
1.288748454401373635e+02
1.425016794927061881e+02
1.240505456996244078e+02
1.275466092798180995e+02
1.876465168816312143e+02
1.237701546411617528e+02
1.183559261800936895e+02
1.706344301199265203e+02
9.155120339390099105e+01
1.100216631657856396e+02
1.142441490902012760e+02
6.362021388637389663e+01
6.885650131128407736e+01
7.259804730162460373e+01
7.866903396829691530e+01
9.668852117419709202e+01
9.125332558663630778e+01
9.496531734300150163e+01
1.420884579333990700e+02
1.412904330450429882e+02
2.146568538080833832e+02
1.221167002489203242e+02
1.965041628910906297e+02
1.089292071220709630e+02
1.223848678960059004e+02
9.578980458745816406e+01
1.008591885031868998e+02
1.524835989328068138e+02
9.257610802899850455e+01
8.789833828705884855e+01
1.278560685652547733e+02
6.085080880335619469e+01
6.987326629567579062e+01
7.142472987156641295e+01
9.022494769968685091e+01
8.459448172478198558e+01
8.689246333327574234e+01
9.759467637230487469e+01
1.500250496240240068e+02
2.671737884296570655e+02
1.217452494603259368e+02
1.896825252790178240e+02
1.045587880852235259e+02
1.701780945406242154e+02
8.502387604431547174e+01
9.620748526672176126e+01
7.965252811662601573e+01
8.591129908523518566e+01
1.327366627960024630e+02
6.506514348805487202e+01
6.200186692096477259e+01
8.240409400226229764e+01
7.682737269269406966e+01
8.082308515872860255e+01
8.797783242160122086e+01
1.428028142504929860e+02
9.880783160634425144e+01
2.220276107946307320e+02
9.659416599417467353e+01
1.548886830149700700e+02
7.857451293916491863e+01
1.287562359647973835e+02
6.783926833498148312e+01
7.840706567471249855e+01
4.414210050714775946e+01
6.195057721844907661e+01
5.589464529728307696e+01
6.041730755351633064e+01
6.645687565229727056e+01
7.481787918370547175e+01
1.224670700081444323e+02
8.002177250804246000e+01
1.646531245164219968e+02
6.923086929085982888e+01
1.153941720017820671e+02
5.412512383661848503e+01
8.977271016495161859e+01
4.486330122469751558e+01
3.724845929764106955e+01
4.212544554992004464e+01
4.707522367176401445e+01
5.370378946807966969e+01
1.160323616630907111e+02
5.828598470255298736e+01
7.150352691575479014e+01
1.469627254937129237e+02
6.742045936057047584e+01
1.132697828379124871e+02
5.512735019483827870e+01
6.191483676367757027e+01
6.733855461460414915e+01
7.526189033324142486e+01
1.611322172432589639e+02
7.458914222283740969e+01
6.206629120116044618e+01
1.344060653291730887e+02
3.892062901880419190e+01
4.547461701041457616e+01
5.360550850242806575e+01
1.191273748270049850e+02
5.832221510450172275e+01
7.582423251218595794e+01
5.181792021499479262e+01
3.993388474801500365e+01
4.415453197365038562e+01
9.410244696282951793e+01
4.809953097921598442e+01
6.170679660651695997e+01
3.673150540213659809e+01
7.047417863277493666e+01
3.806834265947383500e+01
4.749953629575136205e+01
6.070193148404879935e+01
3.551162321963155222e+01
4.196804436447291664e+01
3.218086425095383873e+01
3.524076518159374416e+01
4.605900167866339245e+01
1.032820700198137160e+02
9.583958728675693806e+01
9.651215417847423339e+01
1.056743769453889286e+02
1.433720009796876127e+02
9.442038323373391506e+01
1.429399935572014897e+02
1.060394349268632368e+02
1.393888130013335740e+02
1.001684335698429322e+02
1.795417938013966648e+02
1.774861696289432587e+02
1.375117159811306919e+02
9.745316490353208394e+01
1.786639923815698978e+02
1.950441315758404528e+02
1.384836452203387580e+02
1.005413091779750374e+02
1.715532539729152006e+02
1.802861604031184584e+02
1.290399745079263880e+02
8.710433856666789154e+01
1.994339762415369250e+02
2.151256477926368404e+02
1.605852996764421619e+02
1.672195059956252123e+02
1.229140413768611211e+02
1.031449540264376878e+02
1.987047499097917580e+02
2.063684837802188952e+02
1.571888593106467908e+02
1.628778499104984689e+02
1.307720680602149343e+02
9.368123105481176083e+01
1.895518821981105191e+02
1.953416914910603737e+02
1.620326632093650119e+02
1.554982264167418293e+02
1.360298819447653784e+02
8.075149167563340313e+01
2.201530721918931590e+02
2.263733767753198265e+02
2.288902355358639511e+02
1.900875717414897679e+02
1.850880969944022922e+02
1.622335730105141636e+02
1.895559469154515284e+02
1.133009574051137207e+02
8.104356061132544653e+01
2.228629960392053420e+02
2.181838494016512300e+02
2.196317802608905083e+02
1.905130043784045881e+02
2.034015048299656883e+02
1.555019895415663882e+02
1.676153729670400878e+02
1.012311426750888756e+02
7.633436716425805457e+01
2.206986364478562450e+02
2.290470936601331573e+02
2.147971462120221133e+02
1.822093230068121272e+02
2.131202520090611756e+02
1.380969194983082957e+02
1.324910055508947551e+02
1.055969789234127347e+02
6.296754894629123100e+01
2.504762446514092744e+02
2.561930661076032720e+02
2.438863075408174836e+02
2.099029663182556646e+02
2.323849864222390238e+02
2.640392859658605857e+02
1.802412137392241220e+02
1.807908139684764421e+02
1.287289924411077493e+02
1.339988889012048787e+02
1.010694118581259744e+02
5.936987967468355265e+01
2.386185174559047368e+02
2.562315690881544015e+02
2.682850994884206557e+02
2.036646034344375380e+02
2.237546718367153176e+02
2.343594979047735762e+02
1.630143545825219462e+02
1.580998947656331381e+02
1.210816685297907895e+02
1.353649425884445350e+02
7.947032263503071192e+01
6.028023463574717056e+01
2.641199846190280027e+02
2.787472589059145207e+02
2.843601057581808504e+02
2.647095940988353391e+02
2.295716711178542653e+02
2.456556470098554996e+02
2.796791363050339214e+02
2.005252871611519367e+02
1.975281217392680730e+02
1.836353077642230005e+02
1.469999849386906590e+02
1.602355131437030025e+02
1.136136525417612546e+02
1.188349696310369126e+02
8.333300490786307080e+01
5.342005990348086186e+01
2.578753014027660697e+02
2.709796301721376039e+02
2.945196881802407347e+02
3.316420026464123794e+02
2.254499426545042695e+02
2.398453660348864105e+02
2.352956888259639072e+02
1.829552205035646466e+02
1.850339673334641759e+02
1.870779276610281840e+02
1.373315796713339694e+02
1.510225867687532855e+02
1.121145393715845131e+02
9.973691691380440716e+01
8.477783292764863177e+01
5.287947673519327907e+01
2.538575521906286099e+02
2.658901427094767200e+02
2.859945554920219593e+02
2.970293598212736583e+02
2.207380689777255043e+02
2.221859399979816487e+02
2.100276048652965812e+02
1.639510580909096689e+02
1.787919905151302942e+02
1.938694055516434673e+02
1.380344504666884973e+02
1.272678385772172049e+02
1.084618014424328010e+02
1.224969758023854496e+02
7.960343208715904950e+01
4.706558948969933454e+01
2.778337233574500829e+02
2.875849261917398394e+02
3.033872787428083484e+02
3.421926337235767619e+02
2.447738513145008312e+02
2.618112450073189734e+02
2.529483817181804852e+02
2.329147731306057096e+02
1.968529985102345279e+02
2.016302276268766605e+02
2.141885110005763977e+02
1.645118446178244938e+02
1.620841824890090095e+02
1.645776443096338539e+02
1.366670416694069843e+02
1.365204071781613209e+02
1.099448345906662041e+02
1.200768719805891891e+02
6.842433669127261453e+01
5.136938719515980267e+01
2.581841472197628491e+02
2.729316990821409945e+02
2.857616321207726173e+02
2.780197820816393346e+02
2.215402549918175339e+02
2.246669051504443360e+02
2.227155719916236478e+02
2.232036924172620616e+02
1.772791462470589465e+02
1.787526895800309887e+02
1.913866250702270975e+02
1.497870922725073228e+02
1.458427872671929038e+02
1.263560072836937707e+02
1.220365356726851331e+02
1.377777417007224017e+02
9.176410126571074954e+01
9.405622815487251387e+01
6.003619337173147130e+01
3.998240948250053606e+01
2.478677784594901254e+02
2.655005218076422011e+02
2.631164031720025491e+02
2.466086412604522025e+02
2.088800279374832485e+02
2.021950251739620796e+02
2.159609835014102828e+02
2.321214214159535061e+02
1.750123777466587285e+02
1.763090582630899519e+02
1.598894191693619575e+02
1.410309235600478530e+02
1.465245676752021780e+02
1.615048599510305110e+02
1.174011425826176662e+02
1.266981042826278383e+02
7.997708971026949598e+01
8.148072052371176710e+01
5.639538183629893098e+01
6.337411061317556005e+01
2.420606481256176039e+02
2.347215362286114271e+02
2.364728205642218484e+02
2.491099030066534112e+02
1.952302711753944777e+02
1.983992129102980471e+02
1.934699290333234387e+02
1.944469258491594985e+02
1.664878732047389178e+02
1.670996592944644021e+02
1.626392649172130120e+02
1.357370175666693513e+02
1.519981817194389464e+02
1.616685060155244287e+02
1.072602963879724030e+02
1.077506168887923508e+02
7.062662384810649030e+01
7.426835554097725378e+01
7.201456740707666881e+01
2.461895701567494399e+01
1.032820700198137160e+02
1.107695970654066002e+02
1.024489982833781596e+02
1.105459240363664009e+02
1.209971554704267760e+02
9.963711075459843869e+01
1.096822024310212242e+02
1.293604469879473697e+02
1.331397652686899278e+02
1.159934153257501777e+02
1.083081393890982014e+02
1.308212306263974085e+02
1.514083333037319505e+02
1.521636239865612197e+02
1.031135322717478005e+02
1.071600682982666228e+02
1.303131316520005782e+02
1.603486794470228176e+02
1.771028562741684027e+02
1.367435473672161379e+02
1.124279954226413736e+02
1.062788710125157934e+02
1.293432208281701605e+02
1.645829106255591796e+02
1.928592238352201207e+02
1.628885091515783756e+02
1.460869318700542578e+02
1.047250849839588227e+02
1.056343952023967745e+02
1.284689085121071059e+02
1.668110381905239592e+02
2.034370042826150780e+02
1.836253543289978722e+02
1.764752664640479338e+02
1.333150245674661392e+02
9.380155855350014349e+01
1.051424774668090265e+02
1.277218860816899451e+02
1.680174058345730259e+02
2.108231014363000213e+02
2.006389317282092293e+02
2.064868804552749850e+02
1.706172336908309148e+02
1.320445172225443002e+02
1.024389864127269618e+02
1.044984871722368780e+02
1.262218197534276243e+02
1.665273183092283773e+02
2.112083197987987830e+02
2.064997340353106665e+02
2.202504971836215759e+02
1.908012055053842460e+02
1.539311609940591836e+02
1.222338449444542476e+02
9.019501823491061998e+01
1.040393909244465931e+02
1.251658331798461603e+02
1.654804499287654664e+02
2.115185147175601230e+02
2.110035869703068840e+02
2.315447578011582834e+02
2.088130415005934424e+02
1.753357863320811134e+02
1.437584602725011393e+02
1.129103522287952899e+02
1.013580248973483720e+02
1.037711468652595670e+02
1.246187311629720824e+02
1.652350217456563257e+02
2.128343742040069912e+02
2.160396668828453528e+02
2.431592224305456398e+02
2.274520729830150003e+02
1.989083925043368026e+02
1.694231784936611973e+02
1.403689291373286210e+02
1.342745854867244759e+02
9.545367767482839838e+01
1.035335890264267107e+02
1.241002219681465277e+02
1.648018760502256441e+02
2.133039519505129533e+02
2.191338506579208172e+02
2.511303285769555487e+02
2.413847588979630530e+02
2.178164510511534218e+02
1.912403066173112336e+02
1.646545081670197135e+02
1.660997804052670404e+02
1.197025146007564871e+02
7.214211684563760230e+01
1.033128252248000507e+02
1.235860148523951949e+02
1.641996968123594343e+02
2.130895392891258666e+02
2.206624192045388497e+02
2.559985402744915746e+02
2.508903781961961101e+02
2.316027776538150533e+02
2.078065001980448301e+02
1.836886000096596092e+02
1.923584246248518923e+02
1.419685571182446608e+02
8.869750278618153061e+01
7.040828164084666696e+01
1.031661161001087947e+02
1.232690999586250769e+02
1.639261573167637493e+02
2.133275125929420710e+02
2.224666246216857814e+02
2.608794051828311922e+02
2.600064470835981751e+02
2.449728370985997685e+02
2.244644382750723821e+02
2.033919838349580118e+02
2.202484153404519702e+02
1.666921667472071249e+02
1.072845819082161825e+02
8.902458222161114065e+01
7.221500527725072516e+01
1.030772876557256978e+02
1.231066761875242435e+02
1.639164009285363761e+02
2.139481931288640908e+02
2.245554160093158771e+02
2.659054335454172815e+02
2.689928575615379032e+02
2.582125154438728032e+02
2.414818982077352132e+02
2.241500241277774137e+02
2.504091601027747629e+02
1.945203461298358434e+02
1.280871150185768670e+02
1.071044318652327689e+02
8.616776303708914497e+01
5.417851334696394616e+01
1.029620238179188050e+02
1.228457203433987956e+02
1.636187767233288355e+02
2.138634588287136751e+02
2.253921607637533668e+02
2.686383285362317110e+02
2.746775029876906160e+02
2.673265989357263379e+02
2.539095761623976841e+02
2.402362549495585142e+02
2.755878225129696375e+02
2.198661803508802564e+02
1.492886748344524506e+02
1.287881483445564186e+02
1.091385833376390764e+02
7.387904544927243933e+01
4.747027797982971720e+01
1.028537383918009738e+02
1.225901741190686494e+02
1.632782011177664572e+02
2.135848331637227773e+02
2.257473001211160408e+02
2.703075502498217588e+02
2.785781368263829449e+02
2.739078954124736924e+02
2.631157733002290797e+02
2.524266307893726662e+02
2.953532677296858537e+02
2.401513376862257303e+02
1.663811645991555963e+02
1.456504014483101912e+02
1.255643446147400084e+02
8.528411918158093386e+01
5.258895507394764479e+01
6.424667369718197563e+01
1.027756682860370745e+02
1.224160381774105417e+02
1.630833977196342630e+02
2.135352360930669136e+02
2.263121430027558461e+02
2.721499476882386830e+02
2.824762437712113865e+02
2.803428769815206465e+02
2.722220417587089401e+02
2.647095940988353391e+02
3.156157398454679992e+02
2.617901715664784206e+02
1.855304033587694903e+02
1.659992617754181197e+02
1.472136065625054187e+02
1.035075219592289528e+02
8.219779387888540612e+01
4.882940905164790024e+01
1.027177254715854389e+02
1.222937849780775537e+02
1.629739997798048137e+02
2.136018216629205142e+02
2.269412498146004680e+02
2.739481593077483126e+02
2.861018383908853480e+02
2.862607904917940118e+02
2.806512611140562967e+02
2.762146650523980043e+02
3.348621719342418714e+02
2.828230884249556425e+02
2.046163311003905960e+02
1.868159426177774378e+02
1.698117691171181320e+02
1.229034183228713886e+02
1.017586049754277298e+02
6.837354718370804108e+01
4.861898641179985248e+01
8.306662398365534727e+01
1.026665219396176099e+02
1.221844917428815052e+02
1.628685662955797113e+02
2.136304924902908624e+02
2.274283861134331914e+02
2.753912304313442974e+02
2.890709936717606752e+02
2.911825812223765979e+02
2.877680412415832052e+02
2.861004252079986259e+02
3.517853093311001658e+02
3.018035540226429134e+02
2.223219196713060342e+02
2.066594602307255570e+02
1.919283648994757527e+02
1.424602070073422055e+02
1.234044188456921916e+02
9.053183592071407304e+01
6.577100764353635043e+01
4.587915019126703697e+01
1.026184939533625879e+02
1.220786260319796384e+02
1.627502792669024814e+02
2.135954667540145522e+02
2.277510170493717681e+02
2.764616939500073727e+02
2.913837901344048760e+02
2.951137754877271959e+02
2.935468131460788186e+02
2.942689507978128063e+02
3.661145163401543527e+02
3.182704361240196249e+02
2.380790843337751994e+02
2.247339285950028795e+02
2.125466205378343432e+02
1.611570906688150444e+02
1.455218551788588286e+02
1.138798739978543750e+02
8.674446687187166560e+01
6.395687407668742708e+01
5.565861661445516972e+01
1.025049931083555634e+02
1.217692425155953373e+02
1.621549601300393135e+02
2.125511207856986289e+02
2.265024608172863907e+02
2.748118229203426495e+02
2.898070190999019928e+02
2.937585471910207389e+02
2.922598560057410850e+02
2.931527287380229723e+02
3.660820398621603431e+02
3.192394735801737511e+02
2.396296560255848078e+02
2.260717891200457359e+02
2.136193700761715775e+02
1.615634370397530972e+02
1.399597631812171414e+02
1.114477471307370280e+02
8.206765790784514536e+01
5.761467662951358193e+01
4.567315198257236375e+01
3.562654776313133453e+01
1.153925403468957001e+02
1.024858721673416682e+02
1.217409061086660671e+02
1.621795397264062899e+02
2.127493507985910242e+02
2.270649126540035070e+02
2.761224205679388319e+02
2.922035434954759694e+02
2.975462089205643110e+02
2.976727070499176762e+02
3.006724627223524067e+02
3.790520022350059435e+02
3.341548060857434166e+02
2.540034178390291970e+02
2.427306122375690904e+02
2.326981153740114223e+02
1.788065594515852865e+02
1.586820191464806840e+02
1.305791528573716960e+02
9.790965629589797459e+01
7.008396007464502020e+01
5.557911974533345756e+01
4.244800297457578608e+01
5.150744705760215680e+01
1.299921195603759259e+02
1.024592618157681727e+02
1.216865501460827801e+02
1.621344032239350952e+02
2.127858246079814535e+02
2.273497685432993194e+02
2.769186506278190336e+02
2.938130902234894393e+02
3.002185250842964592e+02
3.015800682961373127e+02
3.062110538446953001e+02
3.889127160247468282e+02
3.457647476926647983e+02
2.654444623284310296e+02
2.561670413532251018e+02
2.482941033347229620e+02
1.930715253740133335e+02
1.737788593853273085e+02
1.464849621068158001e+02
1.110716014890391676e+02
8.068125159437960292e+01
6.429376168739376851e+01
4.948725883107801593e+01
6.232109613314429453e+01
1.268850123922077522e+01
9.573464218584899754e+01
1.350650013957611861e+02
1.827897713739074277e+02
2.016155912906530432e+02
2.507699243517766945e+02
2.718118650777329321e+02
2.824538601540892842e+02
2.870971263397238431e+02
2.942715005013403129e+02
3.783192454985575637e+02
3.399497562711691216e+02
2.635609396368428179e+02
2.561178018554679738e+02
2.496619333820859765e+02
1.949963482407384276e+02
1.440167642259387151e+02
1.483592052663175593e+02
1.124198743788383581e+02
8.160594535648000658e+01
6.491165133800575404e+01
4.986460134488961415e+01
6.267598048753661288e+01
1.273069273226525944e+01
1.040055948901333664e+02
1.480111732247243310e+02
1.716991010999458354e+02
2.198635481590079621e+02
2.452136798898331733e+02
2.604667256006123921e+02
2.687835023146206481e+02
2.787306115489876674e+02
3.636210910093947746e+02
3.309916366891085318e+02
2.597128907837995371e+02
2.545876512808257530e+02
2.499833948413413793e+02
1.963877660971274111e+02
1.456299340658676158e+02
1.771894635505775568e+02
1.137807832720866799e+02
8.256162195276745308e+01
6.555808932470259265e+01
5.026267459206200527e+01
6.305268373200016185e+01
1.277568040942193051e+01
1.054447685201825067e+02
1.343142266973181904e+02
1.810132406528975935e+02
2.109318083056845410e+02
2.313693619793822052e+02
2.440785020070395603e+02
2.572915988567681325e+02
3.420708847841322040e+02
3.166000016807006432e+02
2.522592027903349106e+02
2.501612256424481586e+02
2.480584813088762814e+02
1.964486614576903492e+02
1.465360970035810340e+02
1.781783075064230104e+02
1.516877768903243009e+02
8.345277849678285520e+01
6.617870634609036529e+01
5.065267998062482491e+01
6.342741371219051416e+01
1.282089880699746232e+01
9.460555533513390003e+01
1.394077511894734869e+02
1.740031984631577018e+02
1.996803745774820982e+02
2.168758297088212714e+02
2.332581215532991052e+02
3.172815092713876766e+02
2.995446822740913717e+02
2.430664971213004151e+02
2.443982876109429583e+02
2.452178801773359567e+02
1.961097146702177838e+02
1.473550552609267470e+02
1.791182978504453729e+02
1.532977623164865406e+02
1.163123083744803097e+02
6.688472114847635908e+01
5.109800214502299553e+01
6.385599216352417073e+01
1.287266302315347311e+01
1.082918828905829542e+02
1.436006441078778550e+02
1.726865749928885805e+02
1.928160122258906313e+02
2.108572452268934398e+02
2.936966131931317250e+02
2.831707977610514035e+02
2.343976773310356521e+02
2.430570802114743572e+02
1.964919120387951637e+02
1.488377793558925646e+02
1.806741138579123742e+02
1.555587516516364985e+02
1.181119307910116305e+02
8.578779669075291281e+01
2.391756945997948094e+02
5.167074380026014779e+01
6.440144408053330949e+01
1.293807705485819781e+01
1.033694334619781330e+02
1.370365954964073580e+02
1.613417892885495917e+02
1.812722907015259750e+02
2.611356582502123160e+02
2.591294818476525847e+02
2.202387044884733882e+02
2.292355661706666297e+02
1.944469258491594985e+02
1.489877788252159121e+02
1.810533161335858097e+02
1.571703060358470623e+02
1.196130748294616239e+02
8.700393146083297324e+01
6.868299162839466021e+01
5.223421540189544743e+01
6.494857692135079219e+01
1.300455932606026010e+01
1.079715718399657050e+02
1.346887428935721118e+02
1.539636647098648439e+02
2.298030906000613811e+02
2.352921068279038934e+02
2.060203668281513387e+02
2.191293147457302553e+02
2.309090713528080698e+02
1.926532617479978455e+02
1.495712862041119706e+02
1.818130729054774974e+02
1.593610633681707895e+02
1.215841981820188380e+02
8.857637016846403810e+01
6.980854046939967361e+01
5.294927678383126590e+01
6.563723733517548453e+01
1.308781314935577633e+01
1.043592691317716969e+02
1.216957276320947727e+02
1.916141767416528694e+02
2.049165996402273038e+02
1.867027439337390717e+02
2.043023835573940232e+02
2.206782505525166016e+02
1.882012880907739145e+02
1.487132668233161610e+02
1.812696768911772267e+02
1.609237845101767164e+02
1.233295134638849788e+02
9.012289210638162729e+01
7.096565974989213998e+01
5.370344758842814770e+01
6.637513576469213206e+01
1.317793964572668663e+01
8.953408740476167793e+01
1.501195402200789033e+02
1.701130487392962038e+02
1.632283453295276558e+02
1.850742097201975298e+02
2.061906757286796790e+02
1.808106570846825889e+02
1.461687336756281752e+02
1.791095884968137568e+02
1.616641460864495343e+02
1.247594003448612199e+02
9.161973259517671409e+01
7.215395106609936704e+01
5.450288891686509629e+01
6.717192371794720884e+01
1.327641769221913037e+01
1.116243231909321452e+02
1.349936414323320832e+02
1.382617884851289034e+02
1.632595216917314929e+02
1.885689594740286168e+02
1.710275673286229221e+02
1.422072651529464906e+02
1.754044266590427696e+02
1.616768337204586317e+02
1.259589068457150063e+02
9.315496698909056761e+01
7.344392050895501711e+01
5.539471237371343904e+01
6.807386317271033249e+01
1.338883303194545249e+01
9.747867812077505789e+01
1.112457692888326051e+02
1.387641251859730005e+02
1.676209901286516128e+02
1.585891878883440143e+02
1.366170492630248816e+02
1.698531121937243711e+02
1.607931614791862103e+02
1.268800141662518968e+02
9.476222341764726309e+01
7.488735483758043188e+01
5.642199932664647832e+01
6.912763384468603078e+01
1.352114840210807678e+01
9.338861179957343950e+01
1.198722004588005916e+02
1.504241771951660951e+02
1.488002531624574090e+02
1.332365278804395246e+02
1.655852118731105236e+02
1.616685060155244287e+02
1.292497402769019175e+02
9.758372257393884297e+01
7.721455441857962398e+01
5.800530073593590430e+01
7.070360299653995639e+01
1.371542988724329426e+01
9.551015628096038768e+01
1.242664885516844890e+02
1.312415074550683585e+02
1.242566236984322927e+02
1.551996709591495858e+02
1.581675394474515599e+02
1.292695853137261963e+02
9.943886060244108194e+01
7.919737014189280444e+01
5.951112432876838909e+01
7.229039789553175410e+01
1.391714758281398723e+01
8.439170928914033709e+01
1.016862679412785866e+02
1.060428699616429213e+02
1.352428888679293664e+02
1.467310575956759919e+02
1.245177934535698085e+02
9.888558137026556949e+01
8.004852426970838053e+01
6.056086280399743771e+01
7.360596450541197555e+01
1.409815518324666250e+01
7.493622031019958740e+01
8.910716324732473481e+01
1.133857001318378366e+02
1.328581500144462098e+02
1.178647473370540268e+02
9.763633340892097578e+01
8.083814778326321004e+01
6.178478628052693011e+01
7.522108424318228970e+01
1.432512450062469789e+01
7.342713242125948625e+01
8.969578317982926308e+01
1.162561568075373373e+02
1.086021329629473797e+02
9.523469983595508381e+01
8.141397925735125796e+01
6.321015587847505657e+01
7.724551376180313866e+01
1.461773361218161504e+01
6.011443914510681452e+01
9.175440012229634590e+01
9.222145012188065039e+01
8.827375852875093187e+01
7.970458077913062311e+01
6.385538674366725331e+01
7.901350471288621691e+01
1.491560356042603708e+01
6.156348795028695520e+01
6.819828649575696033e+01
7.510368943775704054e+01
7.426835554097725378e+01
6.302636538109506148e+01
8.017170716102766903e+01
1.520159902885399283e+01
5.987651078752880096e+01
6.961477756646729631e+01
7.253800045611622238e+01
6.455575369073982017e+01
8.403103069544243908e+01
1.587597217289528650e+01
5.042045709408800747e+01
6.214231093243288484e+01
6.236798465267548153e+01
8.673234433486838668e+01
1.663332888245454200e+01
4.867700783813167220e+01
5.630503752258554329e+01
8.771458465530858462e+01
1.758571502712652546e+01
4.511669378785910567e+01
8.340925393352155481e+01
1.875340476311095372e+01
2.084236299136977166e+01
7.204836893598276504e+01
2.461895701567494399e+01
