7.393373877504286895e+01
9.722862425542072629e+01
7.992529807915690299e+01
8.978259835467889616e+01
8.866846899128984205e+01
6.164184590780211437e+01
7.946685884922173670e+01
7.005261558516454556e+01
7.666189858222423936e+01
6.137101833349987601e+01
6.891431525307427819e+01
6.570337328572826152e+01
4.594350538892705771e+01
5.646551763427036974e+01
6.204956051190321631e+01
5.182285430916837043e+01
4.263064991365571643e+01
5.673537116064095187e+01
5.042331890450998344e+01
4.942055520598583485e+01
5.164736903895845899e+01
6.030133557695747015e+01
5.665557843137350602e+01
4.073887516086631422e+01
5.181485975858493020e+01
5.949742343874295614e+01
4.512941818226449442e+01
5.739481640286324904e+01
6.344258113503998686e+01
4.814422321807410299e+01
6.154031132589053499e+01
4.263538141928469116e+01
5.532867310493722357e+01
6.051782927746216956e+01
5.230341598699750705e+01
4.497876159553901942e+01
6.568201544358610988e+01
5.876438268691588007e+01
4.331908560539611130e+01
5.733399950225918218e+01
6.534529690209706132e+01
5.849379749539419038e+01
5.062513557120023222e+01
5.773687823510570638e+01
5.147420546833914301e+01
4.477483618500414053e+01
5.120162428525677001e+01
5.823394501889310959e+01
4.402976905942616526e+01
5.809426364047652669e+01
4.170841116840984597e+01
5.224550781196425220e+01
3.742296242998090605e+01
5.029395641763061775e+01
5.417307523271500713e+01
4.623542102514814900e+01
3.047178782982233969e+01
5.560718420041951049e+01
4.035602086552015066e+01
5.886131689640001952e+01
5.317584217927930723e+01
3.895039627188772613e+01
3.137667577189455415e+01
5.761958613367733761e+01
4.239785442206421351e+01
4.391753672582807866e+01
3.940555184491331886e+01
4.645581975941558994e+01
3.483100577565502931e+01
5.045547321529561202e+01
5.244482793864808912e+01
4.259411766975144076e+01
2.943582110776348060e+01
5.335142181916155835e+01
4.903236800713684573e+01
3.679291881870298653e+01
5.783315460834434418e+01
4.295763420297154767e+01
4.144842844522869996e+01
5.610661404000401120e+01
5.129187180122506362e+01
3.834469504020430008e+01
3.196710394537497635e+01
5.607794108481883910e+01
4.220218087685030639e+01
7.044762965380645880e+01
6.621917076915850942e+01
4.634663056626378363e+01
3.341259929855997513e+01
5.796387618583141688e+01
5.757389550647304333e+01
4.395654116666407418e+01
4.241088285063440821e+01
3.424148953585763167e+01
3.549417592490465978e+01
3.931868244160577319e+01
3.512047675575107775e+01
4.474194351499506439e+01
3.485190041041967390e+01
3.423052805922014130e+01
4.218049205093981158e+01
3.971343253820200658e+01
3.092636817690524254e+01
4.081955159401902478e+01
2.518166100752485903e+01
1.974557471190665225e+01
3.316919687298668151e+01
3.310451739942190841e+01
2.766760350820357317e+01
2.471646531427733606e+01
2.756695567000262415e+01
3.323592741529505190e+01
3.260155599604614451e+01
2.843112226738481496e+01
2.965750890931095540e+01
2.985366271840040042e+01
2.728498810339078062e+01
2.955835610514349909e+01
2.430361549227963636e+01
2.424550583763340583e+01
1.675859158285776118e+01
1.586690137916584398e+01
2.675203092569856267e+01
2.753345777804628014e+01
2.413474707986927115e+01
2.147279746171001591e+01
2.222040401846830449e+01
2.763559008492617508e+01
2.995990777941871031e+01
2.972073065019933580e+01
2.499628340430823314e+01
2.530474313592815250e+01
2.848305996308944543e+01
2.589653711308689665e+01
2.460001255001348852e+01
3.540881383201485733e+01
3.449933044100384194e+01
3.096583714306935775e+01
2.765516882086246753e+01
2.918697122899155261e+01
2.928238448706004249e+01
3.326858078742568381e+01
2.395649394227300277e+01
2.534763795729267599e+01
2.572329984189423513e+01
2.456493839218088127e+01
2.482820303741937806e+01
2.568232738533781045e+01
2.551367117697579445e+01
2.468534754865155278e+01
2.280044232853376940e+01
2.376756887519180950e+01
2.149027269809514706e+01
3.107329556573673202e+01
2.331332645819939131e+01
1.597736560398584693e+01
1.429632285163436478e+01
1.546907228891636166e+01
7.020214082642085351e+00
8.253671431024011795e+00
8.331885195650860609e+00
8.888036891569671027e+00
8.416886540477719336e+00
1.173802597511117973e+01
2.221838212066336737e+01
1.483278508173895460e+01
2.050305777656342698e+01
2.036872886863205778e+01
1.936283310129148916e+01
1.849615591350030286e+01
2.597006630585150688e+01
2.987776918085921452e+01
2.423313250679925090e+01
1.988289754488549121e+01
1.610894991393371711e+01
1.599634088791595410e+01
2.324143216133338541e+01
2.632501355909307605e+01
7.590034234939812663e+00
8.449065337438513623e+00
1.328867272703243785e+01
1.516965949287139992e+01
5.186705775098044313e+00
9.359933355457879856e+00
1.069398130779991973e+01
1.331526334045843818e+01
1.464931072027764003e+01
9.050397483622145245e+00
7.850311908410529327e+01
6.997177143077882988e+01
7.881531222493634914e+01
5.720826055434751822e+01
8.786269554606447230e+01
5.631247551248475958e+01
7.448542783056205963e+01
6.362541171587817246e+01
7.288478072576870659e+01
3.802096597703165060e+01
9.191963941210666178e+01
9.546331233616031398e+01
5.379396281010529890e+01
4.280368741908605301e+01
7.644876807004533248e+01
8.882752170903205524e+01
4.052379354517100296e+01
3.943432133179940280e+01
6.392009170878629476e+01
5.492474744854184365e+01
4.909515336947482211e+01
2.591278783207482306e+01
9.047127018206734306e+01
9.187052008389304092e+01
5.567833741525325308e+01
5.666885151753114513e+01
4.868216215729245988e+01
1.631918219197934761e+01
7.807018170945559632e+01
6.740181546074187224e+01
5.529293898720030853e+01
6.264408456887812093e+01
2.819231575213532182e+01
2.665948142641252616e+01
6.550511962308667080e+01
7.213666218465340307e+01
4.568368168658721373e+01
5.171611174262901045e+01
2.680582034247211354e+01
1.881180107924261691e+01
9.306020763793448225e+01
8.690675195747783732e+01
8.576836499185982632e+01
5.957626976694082543e+01
7.193953648383504174e+01
4.303413565202512103e+01
2.841340898364513023e+01
3.456900336256597228e+01
1.550146148157828740e+01
7.318341276250595229e+01
8.630210265042346407e+01
9.602681592396548638e+01
5.869326163395354001e+01
4.996443108077878037e+01
3.960184120136399599e+01
5.075569234268628804e+01
2.790936760219551260e+01
1.440629629198451944e+01
7.368406233653144000e+01
7.257267159034661574e+01
8.223136928370573173e+01
5.495578080194711390e+01
5.002785089124335371e+01
4.129275061110970313e+01
4.702365327875730117e+01
1.954549193235836668e+01
1.466529371998052333e+01
9.021614703453371931e+01
9.136393607453197774e+01
1.084393454904232641e+02
7.304435466618886608e+01
6.811450968679615414e+01
4.266000840709669717e+01
5.046766259426514267e+01
6.567782519904297089e+01
3.555451323716818024e+01
3.478753016086405125e+01
2.321798011866454559e+01
1.156769731636495457e+01
8.859010715347763210e+01
8.922177993016433106e+01
7.483458350142269921e+01
6.413901930470611035e+01
6.571012665891832683e+01
8.169400013460024468e+01
5.034798225590984799e+01
5.323560906425295514e+01
3.394659607034181903e+01
2.933051533465843619e+01
2.516631058983128355e+01
2.138014886075223941e+01
7.850311908410529327e+01
7.942870134103874591e+01
6.798904483646467156e+01
8.203283573928257510e+01
8.432040109978453302e+01
7.740542071825342418e+01
9.235324629704544463e+01
9.306922920988426995e+01
5.856277315262421723e+01
8.283499369257970102e+01
9.785713555012074494e+01
1.102665464604172030e+02
6.825767306873578377e+01
4.799762683006241559e+01
8.337388373316183277e+01
1.026166260929783078e+02
1.270417100006755931e+02
8.758448141737677872e+01
6.998414469796502146e+01
7.156680627716669107e+01
8.405864707329307350e+01
1.051541389531766839e+02
1.369958592077562685e+02
1.000404272611399676e+02
8.396584878022194687e+01
7.351742823504197588e+01
3.933057832008174870e+01
8.437796756716866753e+01
1.066262756808038290e+02
1.433567942618265931e+02
1.092113402669378672e+02
9.659961616636336146e+01
7.920410013647521907e+01
3.664490664146740784e+01
2.215653032420585689e+01
8.453036994752282851e+01
1.077942600424339332e+02
1.483450388574464114e+02
1.173278909460932340e+02
1.100939512289214264e+02
9.406647124720880981e+01
4.610474905587642525e+01
3.209967231176427305e+01
8.467503394717169840e+01
3.166762819041830923e+01
8.487334963570289403e+01
1.089615691132222253e+02
1.528746872647178634e+02
1.249421970299331264e+02
1.235172679362833605e+02
1.117418976502998333e+02
5.907620085545116240e+01
4.604465738294008048e+01
2.877670342155338545e+01
1.095062120996232125e+02
1.553281383419763131e+02
1.292388151304320445e+02
1.316676508234498613e+02
1.224766869156037501e+02
6.750307963920326415e+01
5.612680204528717809e+01
8.493248878214421893e+01
3.463539756522477120e+01
9.345909592636560959e+00
8.498277373705963100e+01
1.099342786086275936e+02
1.572220805318736154e+02
1.326007315724239675e+02
1.382436419276110655e+02
1.317347654065595179e+02
7.534970500168074636e+01
6.620950291992215853e+01
4.288028609121930401e+01
1.380196422010223145e+01
2.387810359779049918e+01
8.505082335582631003e+01
1.103646137552631643e+02
1.589554654367458397e+02
1.356508438774373815e+02
1.442123752610069971e+02
1.406646168373998762e+02
8.328210064334358265e+01
7.681499563118508433e+01
5.315995317886162752e+01
1.889794069376986485e+01
3.035469520888837991e+01
2.242788358962930673e+01
8.511851567565420851e+01
1.107509723696265667e+02
1.604477422317853552e+02
1.382690977415524856e+02
1.493629014358720326e+02
1.486845402292485687e+02
9.069685081237662416e+01
8.717190515848373877e+01
6.507649084210463286e+01
2.502695520261462292e+01
3.964871705134888202e+01
2.736274362883325750e+01
1.115368652603493693e+01
8.516851505622709340e+01
1.110450464856240842e+02
1.615971287064608930e+02
1.403010767871690234e+02
1.534247155559410203e+02
1.551552701452991982e+02
9.691005878141523056e+01
9.627369995469489083e+01
7.700762787077128735e+01
3.159588394066982886e+01
5.165569916853140597e+01
3.794275849986115645e+01
1.805848043678606629e+01
9.022145169611651028e+00
8.521685272442228154e+01
1.113097542121543455e+02
1.625985227987959831e+02
1.420603107415841180e+02
1.569339362637694251e+02
1.608593567052855349e+02
1.024996307157810804e+02
1.046807553573822673e+02
8.924517750615086698e+01
3.861383804317377866e+01
6.554704959037005096e+01
5.114717040863388320e+01
2.716293623070788854e+01
1.649125681824559919e+01
1.807025808827668456e+01
8.524957657892717577e+01
1.115022651226135650e+02
1.633480513296272250e+02
1.433851033994108661e+02
1.596128441290944693e+02
1.652267838932224606e+02
1.068792824938477253e+02
1.115010621163856399e+02
9.964636897563008233e+01
4.489148008266060685e+01
7.799279710703453361e+01
6.311602966076266341e+01
3.562326548939681459e+01
2.329940165298781096e+01
2.737503739671758396e+01
1.522815608627241524e+01
8.527031308429410217e+01
1.116400850284442612e+02
1.639082404669965740e+02
1.443867119656352145e+02
1.616723959687465140e+02
1.686019170191133014e+02
1.103453532830552177e+02
1.170747332062792339e+02
1.086484297703010355e+02
5.059504498590057864e+01
8.977061402573527005e+01
7.504730809287696047e+01
4.456376568703029051e+01
3.107157247633358566e+01
3.959002565658658312e+01
2.881516574366140304e+01
8.665100505939984998e+01
1.312260921360824568e+02
1.197865277210351564e+02
1.397937665765489328e+02
1.490198652059694666e+02
1.007643274237965159e+02
1.104425738490377711e+02
1.258642491727703572e+02
5.031937369260890591e+01
8.963218157785803442e+01
7.531303179463328945e+01
4.490634168923717340e+01
3.128579640353953906e+01
3.968572538688020757e+01
2.737956762406283673e+01
2.883596414122774831e+01
9.513734262880407755e+01
9.125921308518068997e+01
1.129410521548150683e+02
1.240120948541378141e+02
8.764845048246961312e+01
1.002222734136483666e+02
1.168813826607584332e+02
1.005748670333670276e+02
8.826062017111377145e+01
7.486603303084103800e+01
4.497216684443699819e+01
3.138585340795490453e+01
3.970929767874709171e+01
2.740419073516104120e+01
2.884931466884833640e+01
6.508520725763278847e+01
8.732184601444554062e+01
9.870901380643326206e+01
7.379719754341415694e+01
8.897243665055260919e+01
1.065170402938901475e+02
9.413470849640627591e+01
4.750198946216803364e+01
7.419811384473125315e+01
4.500581181908115980e+01
3.149139147957408724e+01
3.972885114889050584e+01
2.743134939523736548e+01
2.886459458471339090e+01
7.302487441726853490e+01
7.935238962608025304e+01
6.246288560262805589e+01
7.981993709952267579e+01
9.729024561107421221e+01
8.806973658267625638e+01
4.623866218789364524e+01
8.492894442953750911e+01
7.388538085257320631e+01
4.530502472142450898e+01
3.174991055472910872e+01
3.982507572361019044e+01
2.749074031156422748e+01
2.889262800072867776e+01
6.149584635690545298e+01
5.039331058565871047e+01
6.898288216585581267e+01
8.513802858828590558e+01
7.912140357190374118e+01
4.375334597494866529e+01
8.169400013460024468e+01
7.252000963595916971e+01
4.522351937854980264e+01
3.186758994197013450e+01
3.982871410526738032e+01
2.752465075677509532e+01
2.891343168200817360e+01
4.014461191098712334e+01
6.011221889278527897e+01
7.333377839776619567e+01
6.916653996710974184e+01
4.087082907339129179e+01
7.765143867012842804e+01
7.070055572487821394e+01
4.508040997675890793e+01
3.200972400973888909e+01
3.982879930860769235e+01
2.756747399528195430e+01
2.893986965831471281e+01
6.688939180919248884e+01
6.995767796286621376e+01
6.110496907502861319e+01
3.892677999342863870e+01
7.399525846688750619e+01
6.906202948370551553e+01
4.521644222945304392e+01
3.235049653199417463e+01
3.990412111214376978e+01
2.764942092276460173e+01
2.898301163945181003e+01
5.088823886321943490e+01
4.424625564724028237e+01
3.234255841603093984e+01
6.397483158433595918e+01
6.307843558024023878e+01
4.339035075177403655e+01
3.185663646031318663e+01
3.950332451623141594e+01
2.758921813521797972e+01
2.898307634373422204e+01
2.633287633748152956e+01
2.472940950204471378e+01
5.169957513701536556e+01
5.505710344738686501e+01
4.064339821501962291e+01
3.101997209299603142e+01
3.887147851080131744e+01
2.748121785724763910e+01
2.897557215632342320e+01
2.464549766172561718e+01
4.433353582008010818e+01
4.865292918123510901e+01
3.870883960988426509e+01
3.063590648373132908e+01
3.833423525352925054e+01
2.744583751593241061e+01
2.900383552459166481e+01
3.233449006779765966e+01
3.851556030993527457e+01
3.469684316780823963e+01
2.933051533465843619e+01
3.714735524416028767e+01
2.726018025385316079e+01
2.900329553640500890e+01
1.846217635887420627e+01
2.366362732950836545e+01
2.407264860249149052e+01
3.361839905685879870e+01
2.636543377559463863e+01
2.880740502055834540e+01
2.169066056193913639e+01
2.264586656187368874e+01
3.076436155041034581e+01
2.576133659206184845e+01
2.875684703812668275e+01
2.097014133952284709e+01
2.587210426650200290e+01
2.445881103595218065e+01
2.858991621361819924e+01
1.544084014352925571e+01
2.045373350673108703e+01
2.771476126237125825e+01
1.282596358842855011e+01
2.541551849198418367e+01
2.138014886075223941e+01
