8.258752751821579352e+01
9.907420561171133500e+01
8.856386989631437245e+01
1.625975752320671290e+02
1.342836048783119907e+02
9.511779843724002603e+01
1.561184007797060076e+02
1.630491738062072500e+02
7.618923379494304982e+01
7.022177575846987452e+01
1.239638563781516183e+02
9.968466470349865460e+01
7.227141225491831733e+01
1.243025013164133270e+02
1.189030341550615759e+02
1.528423623361172474e+02
6.631436428958818396e+01
1.111278836108563013e+02
1.182531988124044631e+02
1.828677710506654819e+02
6.746947114159209491e+01
1.097103477656334860e+02
8.426284012960373104e+01
6.291225573150399697e+01
1.092593228090739359e+02
9.975745167515782441e+01
1.150432847289919209e+02
1.616776542777157033e+02
9.930758446114809601e+01
1.155139648597261299e+02
1.639898366563966761e+02
1.344977487096693665e+02
1.039495066331747211e+02
1.009538952379084975e+02
1.339823105453461949e+02
1.556371898626166512e+02
9.869701460250568914e+01
7.246157558283044864e+01
5.695847803819491162e+01
1.009176077576852038e+02
9.335607138776789782e+01
1.063662024483191573e+02
1.082226279224215233e+02
1.768339168854544141e+02
8.899614550302051441e+01
9.194824880344285134e+01
1.523442990195287621e+02
7.187444639060032614e+01
8.547222940063905128e+01
1.259847965026247607e+02
1.081505666925045261e+02
4.185768556854787903e+01
3.538749705634197085e+01
6.376820466652797137e+01
5.960869345439615330e+01
6.818400351530556236e+01
7.375310649576896083e+01
9.710212129525605462e+01
1.029773821494090527e+02
9.887527005130624502e+01
1.972044709934070283e+02
1.358026564507770502e+02
1.058412235306536502e+02
1.389847305689700363e+02
1.471771432030973017e+02
9.552565913229041428e+01
1.002903345662576413e+02
1.679926713581328386e+02
5.436566151573308758e+01
1.013954378643180263e+02
9.656539877704751973e+01
1.111384333710395111e+02
1.228561690875079506e+02
1.130425564620270933e+02
2.284550108605591845e+02
1.609724398696837682e+02
2.084841624821873438e+02
1.497504382338003097e+02
1.480329922451192601e+02
9.915082894934840851e+01
1.971394600292693724e+02
1.368051758509213585e+02
1.169267679522637451e+02
1.538630119437346480e+02
1.659976603576709522e+02
1.122365339903633412e+02
9.582807566213357120e+01
1.036150518200129369e+02
1.135419995572409135e+02
1.039397523040600646e+02
2.175902315344742135e+02
1.557503066487158776e+02
1.580878871900995648e+02
9.056609128473047576e+01
1.449762311286649208e+02
1.539565934243505012e+02
1.084736967722550247e+02
1.736579315142585642e+02
1.276167533459044137e+02
1.330450725998406085e+02
7.337027731478410431e+01
1.494656379141014213e+02
1.069576144667901048e+02
4.679209258813169470e+01
5.142239188605395839e+01
5.907834894975777473e+01
5.590689844168966260e+01
1.188596557617886589e+02
1.034455327756007392e+02
7.379917166790528427e+01
8.626875070690437042e+01
1.406341285239392107e+02
1.295538221300363091e+02
8.804851951940474919e+01
1.436921556407427545e+02
1.467455073212919956e+02
1.051755788467971939e+02
1.590509863416010319e+02
1.134797540683829880e+02
1.205702003806962779e+02
7.262157927971254878e+01
8.757170253903595381e+01
8.520090720912833149e+01
1.819874703808245897e+02
1.559192945124868004e+02
9.151587083426221625e+01
1.528331232684441545e+02
1.490447297809432996e+02
1.360675319272870070e+02
1.289980301512243557e+02
7.828668545864336181e+01
1.310119305263185652e+02
1.395306753039160697e+02
1.030273819340301742e+02
7.583307417696374841e+01
7.508812336729376113e+01
1.579245073516078435e+02
1.301721640151270947e+02
7.777233291226407630e+01
1.260738544117507587e+02
1.224835304127443010e+02
9.862244185487956827e+01
1.462720344582074006e+02
1.319177327138452824e+02
1.295066957177939173e+02
7.805806279387039126e+01
1.349840333584766938e+02
8.033958332340020547e+01
1.638574450947564571e+02
1.277478789015027729e+02
7.822121057451327886e+01
1.295873446513956821e+02
1.481310565490413467e+02
1.124411768093822417e+02
9.179796383766236545e+01
1.324138318260256710e+02
1.113888265767783707e+02
1.149784981274276561e+02
1.306713021093434861e+02
9.262923040192649182e+01
5.893239375598503216e+01
1.009979465839697355e+02
1.187645398506369645e+02
8.446310266847933690e+01
7.520653901442599931e+01
9.324232068547492247e+01
5.487180365927737569e+01
3.657070628337264395e+01
6.481308442678796666e+01
7.865607455540144599e+01
5.824652813152054875e+01
7.504754579061044240e+01
8.203547673144232988e+01
5.559237458789574049e+01
9.874432569415748162e+01
1.229222898867544984e+02
9.560698098142285062e+01
1.246789734744748870e+02
1.117006397193911482e+02
1.214143265255790425e+02
9.372022380326862390e+01
1.157432973555570044e+02
5.441302707786765325e+01
4.360452383269687004e+01
5.185177191822700848e+01
5.458859434784211118e+01
6.100248512573871551e+01
7.764070289450548046e+01
6.694341791599596547e+01
7.888254790452467091e+01
8.869986735243163878e+01
5.891942593804499495e+01
8.206970605571630983e+01
9.240547285502780994e+01
1.034240386224336135e+02
8.597940883786307609e+01
1.228657589216398236e+02
5.369791249445004411e+01
1.292341757534400699e+02
1.636866046089306224e+02
8.731301931411761075e+01
9.749212258028640576e+01
1.283417545437686158e+02
1.433817632287147603e+02
8.621788148695034693e+01
7.563050119345001576e+01
1.213547853711967974e+02
8.877711930352930381e+01
1.106261551409712212e+02
8.953056630758028689e+01
1.614943165258522129e+02
1.400104602963420177e+02
1.238512057874499135e+02
1.516445748810996292e+02
1.254653013495949807e+02
1.006724831636060173e+02
1.394434384715812598e+02
1.327642829315133213e+02
1.246680973821822818e+02
1.200536999877105302e+02
9.880230307475146390e+01
6.902886789670124301e+01
1.314836898661180271e+02
1.480166321808484895e+02
1.166637860930283779e+02
1.289163709675699465e+02
8.360290302959411690e+01
1.117328353877371114e+02
1.606199944343175616e+02
1.532540537227467894e+02
1.858249427315312232e+02
1.466361110687195151e+02
1.503655168423143493e+02
1.164039377273487474e+02
1.287463056060458086e+02
1.137300478320007215e+02
9.720738758787894085e+01
1.549698774705327935e+02
1.748674947112693303e+02
1.642246827009758476e+02
1.281562636598747247e+02
1.455013972812095062e+02
1.267496789471826020e+02
9.659809660183090330e+01
1.506749153834816752e+02
5.546364543840279993e+01
1.546794541694445400e+02
1.650568998804729972e+02
1.773498410545878414e+02
1.478877003410940176e+02
1.276968960286653072e+02
1.409019743821239388e+02
1.836708729371329127e+02
9.459705944319371440e+01
8.423875944358069034e+01
1.682062758827711093e+02
1.936018892129022504e+02
1.943382237667102288e+02
1.702241552518195533e+02
1.579415987483062338e+02
1.694973225806778885e+02
1.648627633132034589e+02
1.703458318482123559e+02
1.420386511817604571e+02
1.646212824943371515e+02
7.156133359659007454e+01
7.536450889404918030e+01
1.963907881806565570e+02
1.806718599760442032e+02
1.995491581375995054e+02
1.788454616812801135e+02
1.799304081029457620e+02
1.330082054544305379e+02
1.464672284331325898e+02
2.050080509324542675e+02
1.167613941702505542e+02
8.427220999029509585e+01
8.996726635712002462e+01
4.335030988382099792e+01
6.694341791599596547e+01
6.228035419752705337e+01
7.702579867152068971e+01
6.113559730190166164e+01
8.655064793843065729e+01
9.439073181942504220e+01
5.729977094875354737e+01
7.881669935585379960e+01
8.865645823765012778e+01
5.025411965394053482e+01
5.596816730787439553e+01
7.797723662442854220e+01
9.677774316469746907e+01
6.320308935980060738e+01
8.156466288075321813e+01
7.923136057391977261e+01
1.067477062059501378e+02
8.062331931911590743e+01
1.265971453106102587e+02
5.567050123714650312e+01
1.150032280578252823e+02
7.773197358694022796e+01
1.075792992179516006e+02
8.625361092506960858e+01
1.446392662606268971e+02
1.198540371222522225e+02
5.489631700551557714e+01
5.487740325223516180e+01
5.442669321973632890e+01
7.702220108344367588e+01
1.088414875864708335e+02
9.158076974423758543e+01
1.639037265372846264e+02
1.385885375736692993e+02
6.949785876321436717e+01
5.402700576273831246e+01
7.623504872616307182e+01
1.089869076208197924e+02
9.459603988424987620e+01
1.770874155799000107e+02
1.544150403591997645e+02
8.441391893049345185e+01
1.173292011438011428e+02
7.557918542598200418e+01
1.088168112927133961e+02
9.642309568589308810e+01
1.861124477588866171e+02
1.663290692564589506e+02
9.688056173134236815e+01
1.428974329429138947e+02
1.135555266021138436e+02
1.047558115173901001e+02
5.352853314849093636e+01
7.524851250874004904e+01
1.090414822257681067e+02
9.825978445908472736e+01
1.945985388677902677e+02
1.787821882637711042e+02
1.102062494893549029e+02
1.730472100098821215e+02
1.475591475724512804e+02
1.509664401802824614e+02
1.207897440160492266e+02
5.310296039411407776e+01
7.403091657245438739e+01
1.068226265140493183e+02
9.634801525711250747e+01
1.908579704222562725e+02
1.732445105983272811e+02
1.082302427025087610e+02
1.698913550384917244e+02
1.393151196114906440e+02
1.018596122497908283e+02
7.323789072469624273e+01
1.054672177535646114e+02
9.535304675260270812e+01
1.894581280075871632e+02
1.715215383649727130e+02
1.090261355863738686e+02
1.734135747966363397e+02
1.462843138034997423e+02
1.458517742415358498e+02
1.103412924216885642e+02
6.448589860670021778e+01
7.306905528804202277e+01
1.054861766622394725e+02
9.601893223953968004e+01
1.927508385076329489e+02
1.766227171285933366e+02
1.151874146415542270e+02
1.887397344172372584e+02
1.649281103028750977e+02
1.723957154768948214e+02
1.401593032434090276e+02
9.046389559361267629e+01
1.311663139688980380e+02
5.258454981225018798e+01
7.271003212384842129e+01
1.049544824961175635e+02
9.579462030521220584e+01
1.930240769173495039e+02
1.772549035637404415e+02
1.172228794366270677e+02
1.948007921300124679e+02
1.728958251856421668e+02
1.847600936028649130e+02
1.560998314617774270e+02
1.056474791458970373e+02
1.616437356022730683e+02
5.246170257610451415e+01
7.238811709734599731e+01
1.044438270834946678e+02
9.549194412869299242e+01
1.928314570294368195e+02
1.771298752169733177e+02
1.182952805197436277e+02
1.984185633487886662e+02
1.778614139428339627e+02
1.928339086453605091e+02
1.674033896083798822e+02
1.169539034083738329e+02
1.849364131482129210e+02
1.454647273516473831e+02
5.808237743578744272e+01
5.241483810621695483e+01
7.230133159122451048e+01
1.044456554697106867e+02
9.580522968516388005e+01
1.943792667643287189e+02
1.795076600406896432e+02
1.213489580906702940e+02
2.064299568948112835e+02
1.881822082110155634e+02
2.085063492184877418e+02
1.867766890131086939e+02
1.354163626847745832e+02
2.232487256768822306e+02
1.770221566315495352e+02
7.190646970626455925e+01
7.482545507775630256e+01
5.235989482497888758e+01
7.217753367834322376e+01
1.043226701177865436e+02
9.589377290897165551e+01
1.951299668079025480e+02
1.807126840167472892e+02
1.232202004953890935e+02
2.116513336949284962e+02
2.196521695489195736e+02
2.014949198295031181e+02
1.502003175269748567e+02
2.552325227450881755e+02
2.038301059865462719e+02
8.428492962392417098e+01
8.811891715006161974e+01
7.907586832992767256e+01
1.017516141425414702e+02
9.309748518236102655e+01
1.852324433281655160e+02
1.693401764375549590e+02
1.176931861704512556e+02
2.039875102735451264e+02
1.893690292646959392e+02
1.994610199861041906e+02
1.501097041565133736e+02
2.566626123950288161e+02
2.050623061058851988e+02
8.494856502396623910e+01
8.882716201622044139e+01
8.481952098184727618e+01
8.192496973803467597e+01
1.620230153481154787e+02
1.484314639673235661e+02
1.068272397613327769e+02
1.888994664077562504e+02
1.781210113957911290e+02
2.050740194493911588e+02
1.481707675356549032e+02
2.559318321170774766e+02
2.051988234230640842e+02
8.534135191037458412e+01
8.937824032979280275e+01
6.868403364350812979e+01
1.365750936858903231e+02
1.243260877108028097e+02
9.386268188574057092e+01
1.703912287396974534e+02
1.639678116413265911e+02
1.924544558592472754e+02
1.864445150266033693e+02
2.540488227421661236e+02
2.048117365818170583e+02
8.566004873824361709e+01
8.993653515829703338e+01
6.901913838333835827e+01
1.115728812179334000e+02
9.918802436883204621e+01
8.014121386173347616e+01
1.502925534767035174e+02
1.481433533312695374e+02
1.778044174709718561e+02
1.772927886499424517e+02
1.412690581337512015e+02
2.042123491450382460e+02
8.603219597029755050e+01
9.062191320249597482e+01
6.943398434384640439e+01
6.136313733555919470e+01
5.857321016707768280e+01
1.185283837956505266e+02
1.231888304390285356e+02
1.543548576131588845e+02
1.609706182047707443e+02
1.330082054544305379e+02
2.433268141041389470e+02
8.562273075735861028e+01
9.083035975413891094e+01
6.967087553434043912e+01
5.581000729223576684e+01
1.103260481211936650e+02
1.135774229153650907e+02
1.425775622411105132e+02
1.532973707961122045e+02
1.301604074509525333e+02
2.429250193536912548e+02
2.013693763692022287e+02
9.238269271333162180e+01
7.054184615489900523e+01
2.872351977875221252e+01
1.115819943936086531e+02
1.051498653180677678e+02
1.288077180768101471e+02
1.429321298780947984e+02
1.252899344884908714e+02
2.397619768835364482e+02
2.004588963430682611e+02
8.767062492176503952e+01
9.396649887208789664e+01
7.148616143886529528e+01
2.892475960288745895e+01
6.698233096074758919e+01
9.250049930836075873e+01
1.141546525243765728e+02
1.082641151833336153e+02
2.196462012471570517e+02
1.903636348489878287e+02
8.603381465757965429e+01
9.396626852059091561e+01
7.184405235772833009e+01
2.903930016029176642e+01
7.953267413942539577e+01
1.018705991424057231e+02
1.006580501531564096e+02
2.111479568923837462e+02
1.854493017629102383e+02
8.647587448578228475e+01
9.601735637982230287e+01
7.323655097783381507e+01
8.909796611689637302e+01
1.945695297628952574e+02
1.743978416875568769e+02
8.548214406184152381e+01
9.768597636970878284e+01
7.470717429880998850e+01
2.971064423645376706e+01
8.498870365779544045e+01
1.811172271638311315e+02
1.610500015136150580e+02
8.427220999029509585e+01
1.002870984361376117e+02
7.700136901531374178e+01
3.026867604275324553e+01
8.346406951598642365e+01
1.324955253445650669e+02
7.792624420974586030e+01
1.003760020675981934e+02
7.898883984815759618e+01
3.088890163044379733e+01
1.490040074047384735e+02
6.199826300260183842e+01
9.325523756886197191e+01
7.896435187580048876e+01
3.138064084122061104e+01
8.400957379872529884e+01
5.812048618200717698e+01
9.508932163428627860e+01
8.483787232325458660e+01
3.334062476107887107e+01
1.045763536428256657e+02
9.400045793222484747e+01
3.682157919583551831e+01
7.422628209688163281e+01
3.767702367130237917e+01
4.335030988382099792e+01
