9.208398665955111539e+01
1.151221150543572378e+02
1.450232723495280425e+02
1.544175693668415761e+02
1.951848458109516571e+02
2.114598488323972560e+02
2.266611533087504995e+02
2.701678779679646709e+02
9.737161750882509637e+01
1.224292024996714474e+02
1.339502673386074321e+02
1.715707802579268844e+02
1.889225178390230724e+02
2.018698311219480388e+02
2.114518747801808161e+02
2.700950638914272872e+02
1.661459486612633327e+02
1.847524884295997367e+02
2.257969909807313513e+02
2.300571406974440265e+02
2.386810420574909131e+02
9.304466619196576005e+01
1.044020377042556760e+02
1.362421960957893816e+02
1.531235324111199247e+02
1.669362318478586076e+02
1.775995335683795417e+02
2.027891964374937857e+02
2.183671794850555159e+02
1.727421362009608856e+02
1.994568975772276929e+02
2.179123580540832279e+02
2.267544599983745286e+02
2.298482025930200621e+02
1.506673637959191296e+02
1.624772734722528185e+02
2.163388540322061999e+02
2.064076826709394368e+02
2.253770746156351663e+02
7.917669469807835014e+01
1.071600968202924804e+02
1.254253282256018878e+02
1.413677620388418177e+02
1.531159966142520545e+02
1.532342651347175888e+02
2.105118402992630990e+02
1.960289221837266780e+02
1.590257081412212870e+02
2.192720470521465757e+02
2.050605102370697068e+02
2.201283091722515906e+02
2.506814192077629286e+02
1.550243328718023292e+02
1.785234161458865003e+02
2.023532418338631373e+02
2.168561024186440136e+02
2.250754749881066914e+02
1.057136445796574264e+02
1.241446556585469096e+02
1.434402303326746733e+02
1.561147731623414074e+02
1.555196263307158233e+02
2.178656155296183954e+02
2.085499897918504644e+02
2.127853004713562086e+02
2.045990831231787013e+02
1.898868886239131939e+02
2.092516214313967566e+02
2.270931977897202501e+02
1.934515296152481483e+02
1.873511268445944893e+02
1.933346924913742271e+02
2.105778479822589588e+02
2.358753830270061371e+02
1.327414034860601362e+02
1.883417665448087917e+02
1.836193511571775048e+02
2.042518303121167946e+02
2.391032970290529533e+02
8.879353666545685542e+01
1.081318724399965561e+02
1.203778361047152003e+02
1.197182286357044205e+02
1.701875263405738110e+02
1.702814517577179174e+02
1.609664708360467387e+02
1.816643973224864226e+02
1.757062600995156174e+02
1.884066894766270934e+02
1.991409928981833559e+02
2.158050438256546784e+02
1.774178445576802119e+02
1.693262184744929186e+02
1.927332266259427342e+02
2.142590226250472085e+02
1.661422684074708798e+02
1.650123042480855418e+02
1.756785742943419280e+02
1.968347375126490988e+02
2.263955909261667330e+02
1.017232345667749200e+02
1.138759031684843706e+02
1.638298407781400954e+02
1.663410122418103469e+02
1.602361977117284368e+02
1.739511944999881052e+02
1.883006891602254598e+02
1.975935184797666011e+02
1.860378826603787559e+02
2.172775524791183273e+02
2.454064774462353284e+02
1.600788397520634874e+02
1.872545300709986975e+02
1.964249427981193890e+02
2.002079851428819381e+02
1.489225060432435725e+02
1.626656434517857406e+02
1.774316731759584798e+02
1.979771273336008903e+02
1.492187130331792275e+02
1.467018350550457058e+02
1.727156798329478704e+02
1.967028965841335264e+02
1.007679366738234989e+02
9.403409683219456383e+01
1.358885856098312104e+02
1.394304282463231175e+02
1.367832868352921309e+02
1.391295456634753975e+02
1.651058394011797361e+02
1.758105198042859740e+02
1.733259644059591835e+02
1.800068413401003227e+02
1.987802998084463582e+02
2.350151129175227140e+02
1.718462634236052224e+02
1.653360342407800090e+02
1.958028462694704501e+02
2.268737348962072815e+02
1.345074829570437771e+02
1.609865618898101616e+02
1.727916566723222331e+02
1.815872422468073069e+02
1.246890967741502294e+02
1.379078792589710076e+02
1.549518287395455047e+02
1.773860067750228211e+02
8.022251258038703270e+01
1.141128544476848106e+02
1.180267796422576794e+02
1.177743025901136775e+02
1.203439480672065685e+02
1.455344891430180212e+02
1.419115132809626516e+02
1.684493576245593260e+02
1.550151909499042233e+02
1.888203418002761396e+02
1.832623233778654992e+02
1.527475280546458691e+02
1.599944231263820313e+02
1.800557238312158574e+02
2.176781662308341936e+02
1.456894730232211828e+02
1.430237286709812565e+02
1.702646498576018814e+02
2.022038441005086611e+02
1.154443704766038081e+02
1.398263615695112492e+02
1.518108239885818591e+02
1.627779623835608618e+02
1.026270262380651843e+02
1.077477123487094843e+02
1.102208587688740238e+02
1.126432710740509577e+02
1.369970791883613401e+02
1.362468391099416749e+02
1.427858650000819409e+02
1.624078224002427646e+02
1.893752005761440671e+02
1.764157472074987822e+02
2.377348190767985159e+02
1.675162668594513207e+02
1.781220332108391347e+02
1.718734430997132847e+02
1.370049913688688719e+02
1.659174891479908069e+02
1.650932995604147209e+02
1.299788340936360669e+02
1.372619172965244729e+02
1.573893101248772837e+02
1.947904524538504631e+02
1.257747735467974906e+02
1.263850264446007969e+02
1.511212656642014736e+02
1.837798587915297048e+02
8.749193890873010560e+01
9.392666469308827004e+01
9.707943004941455456e+01
1.193601173165725129e+02
1.204594903171518467e+02
1.207510949293110514e+02
1.435820276192637550e+02
1.455146216141527020e+02
1.742879867731990657e+02
1.723381861254013359e+02
2.349031749616906666e+02
1.746319976531653992e+02
1.642986069113235033e+02
2.242238986049477489e+02
1.525280448729893408e+02
1.657356160052408427e+02
1.624570210822150216e+02
1.293974910377637002e+02
1.537251525528292291e+02
1.570965385374603613e+02
1.260375474702055101e+02
1.346042284164692262e+02
1.574171471815504617e+02
1.997681170115673126e+02
9.723665708087131065e+01
1.006794919387154010e+02
1.253858821453685408e+02
1.292261530994906877e+02
1.327739694445122609e+02
1.494171680006698466e+02
1.666257893220949313e+02
1.671199471258809695e+02
1.557764935787986929e+02
1.696440990698041560e+02
1.555536643700253308e+02
1.562408992882070891e+02
2.179620061841209804e+02
1.549009269279810894e+02
1.477001871445616814e+02
2.050520269518025884e+02
1.319472388492512209e+02
1.482470460549041036e+02
1.492907301866316914e+02
1.180928298052784839e+02
1.379745646735784135e+02
1.467365126729216627e+02
8.640947015768624340e+01
1.021448674514289792e+02
1.051532479138039662e+02
1.097004374424993500e+02
1.186903153066899108e+02
1.367647505288851448e+02
1.315380221754557226e+02
1.853873102188251210e+02
1.534898911212211203e+02
2.330430485779840240e+02
1.326208029275927345e+02
1.465920260612965080e+02
1.300603107590880256e+02
1.333964791323695920e+02
1.914270782884698008e+02
1.264811989475626461e+02
1.232496774974208620e+02
1.762116125560709747e+02
9.836107451981679617e+01
1.144960975509560228e+02
1.184957864421850786e+02
7.532865744703451583e+01
7.815846865888146056e+01
8.429494807215705521e+01
8.673913103374790978e+01
1.023745993407496684e+02
9.951918280069675404e+01
1.029639996057257889e+02
1.503097391842047728e+02
1.380534037975666877e+02
2.210835820430572767e+02
1.287277976602129286e+02
1.982513005231542422e+02
1.106473519028368457e+02
1.241514135585172909e+02
9.941120399909100058e+01
1.040125092296758851e+02
1.534823634554036005e+02
9.343137235827704501e+01
9.094465746579157894e+01
1.310311905909364043e+02
6.635589536609458605e+01
7.542361634442843865e+01
7.268447344853221637e+01
8.831871757495459008e+01
8.549416568754951129e+01
8.589913502128624145e+01
9.607979336689997751e+01
1.475661371682670335e+02
2.753498118483243502e+02
1.185605961006096010e+02
1.943188343926802588e+02
1.093771521529553894e+02
1.708505797206641148e+02
8.653883151063703849e+01
9.771388243135911011e+01
8.166675142107399665e+01
8.711054132711592501e+01
1.314473748245605691e+02
6.949389732823435395e+01
6.316719355398959124e+01
8.167880167749618181e+01
7.947870681002780202e+01
8.185819070746801174e+01
9.143567997071625086e+01
1.431020685307031215e+02
1.008273830608260369e+02
2.300398020005310400e+02
9.528252304798179750e+01
1.601964823879975768e+02
8.288258437093497832e+01
1.306808261517475671e+02
7.096482541086423623e+01
8.141066157399292536e+01
4.730463913539383469e+01
6.501498047976186001e+01
6.150226585277324887e+01
6.473781243923329498e+01
7.246894388407750398e+01
7.647563982672443217e+01
1.309591708386818993e+02
8.280036536744363218e+01
1.758865546920310692e+02
7.136203486873542090e+01
1.242214652491564379e+02
6.078877043307266348e+01
9.753766492614549577e+01
4.908581582965573631e+01
4.376547965056172274e+01
4.804633698880730464e+01
5.411136579074044306e+01
5.822040418853718080e+01
1.322286115798219441e+02
6.430038963355070791e+01
7.319407737934511715e+01
1.573483555606694893e+02
6.872743961877540642e+01
1.201656900685902087e+02
6.147017148719897506e+01
6.613020963892965653e+01
7.044567136984662170e+01
7.473407853316044225e+01
1.671891579327445641e+02
7.442092690151457646e+01
6.161501959260092320e+01
1.361615627885027209e+02
4.260664419446552387e+01
4.620226707075588735e+01
5.153720319430127716e+01
1.184238358936936493e+02
5.519344254518136239e+01
7.236247743244997821e+01
4.913612667747978691e+01
4.178173954029681170e+01
4.420470741458028385e+01
9.590794972156783160e+01
4.567327498578771383e+01
5.997949489986292804e+01
4.075009991130045961e+01
7.680123753121527841e+01
3.697802192893255580e+01
4.784403237782763085e+01
7.284891197741667668e+01
3.599943058628574022e+01
4.557489937013212966e+01
2.774234911527337744e+01
3.431342197876710287e+01
5.376442498022267813e+01
1.154419214032838283e+02
1.066039604484382295e+02
1.043814699820216703e+02
1.171117231706400048e+02
1.545289743567911671e+02
1.007334697179267522e+02
1.531144809489331351e+02
1.168383920806224125e+02
1.490170362813038025e+02
1.092889773710764416e+02
1.895366992015439109e+02
1.854242678833107618e+02
1.476212422823762722e+02
1.056570816450950190e+02
1.889188780568820221e+02
2.077595200943028431e+02
1.485379252309701030e+02
1.117756743233013168e+02
1.834251129420679547e+02
1.920190293618833550e+02
1.396737678288596953e+02
9.483413108801173053e+01
2.106442508801319775e+02
2.286111067523908105e+02
1.726894767637288908e+02
1.776911500062076641e+02
1.322138073071648137e+02
1.129576503173378512e+02
2.117163136780841626e+02
2.177158484290227420e+02
1.671777416983485409e+02
1.765719883143211746e+02
1.358727915972472715e+02
1.001926829861817509e+02
2.024649592065589445e+02
2.101899645538310040e+02
1.715933628682132621e+02
1.623632555752597568e+02
1.424227895221647202e+02
9.269015923613389418e+01
2.347054167564967884e+02
2.420237891498484828e+02
2.420619539112685175e+02
2.020086127102217119e+02
1.981170742076489830e+02
1.687553862275477456e+02
1.971539357496696425e+02
1.221808899612002364e+02
8.453206076615245479e+01
2.365747620195128036e+02
2.325130663920616314e+02
2.392810321779371634e+02
2.014488867459767221e+02
2.127392599333942371e+02
1.638123222453173184e+02
1.730733159379462052e+02
1.077991618081878329e+02
8.289745953136744561e+01
2.323669426044465069e+02
2.417921001838140000e+02
2.237654542391519215e+02
1.906034840591197792e+02
2.199384293530386572e+02
1.427846602481351681e+02
1.435339640253634172e+02
1.069036262362981233e+02
6.804630457118643960e+01
2.624035707069227783e+02
2.688414077762226952e+02
2.580572399901178073e+02
2.214093867431807610e+02
2.402130983685098613e+02
2.732372660122119328e+02
1.859960184415475055e+02
1.895710653364798191e+02
1.336279022657261919e+02
1.327809031555574109e+02
1.060629916170044993e+02
6.516083850939784838e+01
2.517747433822807750e+02
2.681137933487306668e+02
2.779870142115605063e+02
2.117634717193645884e+02
2.346326402704836198e+02
2.411334131028210663e+02
1.682811239309311304e+02
1.640708360542949720e+02
1.247275439292870374e+02
1.394564923779010996e+02
8.823139761539539450e+01
6.480276061032860468e+01
2.782189646613572904e+02
2.914284182659501994e+02
2.982911569637599314e+02
2.740920217517590913e+02
2.408413800109403837e+02
2.571470670536511989e+02
2.889562446891005152e+02
2.076782208658226523e+02
2.044584408576546082e+02
1.993620343586726449e+02
1.534229082297659659e+02
1.613505312186447327e+02
1.216565352339476220e+02
1.268753218610216038e+02
9.057648972976939206e+01
5.644373905894237708e+01
2.698660469897781695e+02
2.849489871828391756e+02
3.038043443583644034e+02
3.424827896064571746e+02
2.342860453354327319e+02
2.489266694805247084e+02
2.481346139269582238e+02
1.906301964404708826e+02
1.919577383501804491e+02
1.855872197414802542e+02
1.444599049549945278e+02
1.588860764565581576e+02
1.209489950523670245e+02
1.128765161207042667e+02
8.704756109362975280e+01
5.674242235048481575e+01
2.652906569611508303e+02
2.754557307724757607e+02
2.988822392043715581e+02
3.046564918053429665e+02
2.305877094254321094e+02
2.304784817678123829e+02
2.189884011624102413e+02
1.739330123181216265e+02
1.840661220389484924e+02
1.998069645933971969e+02
1.475882901200275796e+02
1.404949084958176400e+02
1.158818528810973447e+02
1.300956040794270052e+02
8.143494345923535604e+01
5.104380726436884430e+01
2.909653662302550856e+02
3.006779485788741226e+02
3.167388184476645847e+02
3.526387395364841950e+02
2.565504213316753521e+02
2.725611432307333644e+02
2.631665033612318894e+02
2.541896771588873776e+02
2.088264550291322905e+02
2.123221968017238055e+02
2.180536862375011822e+02
1.736846144661678295e+02
1.751511932852389464e+02
1.778165582152292359e+02
1.462500042852686306e+02
1.504069853510247299e+02
1.139307505792949655e+02
1.217150655326358901e+02
7.279749180364112249e+01
5.717620238729158899e+01
2.715895036931967184e+02
2.835066846250097115e+02
2.963725451242157192e+02
2.930086138603408017e+02
2.348002505780430624e+02
2.360392402714951459e+02
2.330449481788511434e+02
2.233078379712542585e+02
1.896302440945270575e+02
1.896019925370046337e+02
2.031596432410219677e+02
1.602886287163993302e+02
1.608546861337437690e+02
1.464950194968115227e+02
1.301266221339126901e+02
1.441602891681366430e+02
9.401962666951790482e+01
9.743538701950097902e+01
6.396049398583839718e+01
3.984146117875709336e+01
2.623056412651922074e+02
2.784063770402995601e+02
2.741589285235490934e+02
2.582547713517097350e+02
2.233134681512865143e+02
2.175442159198158549e+02
2.257161131620140964e+02
2.428812937222491257e+02
1.852683601521138428e+02
1.917959757895123687e+02
1.795898442286326997e+02
1.520966122274272720e+02
1.595135549179717316e+02
1.753424517612058082e+02
1.236773619336542964e+02
1.316203827010796772e+02
8.523525755727619924e+01
8.518701338689048441e+01
5.858232156786864664e+01
7.244167719835145647e+01
2.586754374560935617e+02
2.512316541484751440e+02
2.514044718297479619e+02
2.561414416343845346e+02
2.097644843054968362e+02
2.133067610288849494e+02
2.125757596742807323e+02
2.137558089653951470e+02
1.791190477118237823e+02
1.828957945310784510e+02
1.834980025540897657e+02
1.464360741588972985e+02
1.611683679898033006e+02
1.674318909685943026e+02
1.131731480581296836e+02
1.132941225864219348e+02
7.520168196324516430e+01
8.240702389998774891e+01
7.601234007484414690e+01
2.554426384815601736e+01
1.154419214032838283e+02
1.245045737809650319e+02
1.138852219286154082e+02
1.248005677303151373e+02
1.347001637927101001e+02
1.068632130600420140e+02
1.242462675944130126e+02
1.447819178628903956e+02
1.437765479707771874e+02
1.291466350126891030e+02
1.227657783041380100e+02
1.460955083764925178e+02
1.620602802888103326e+02
1.653356025275824663e+02
1.098900903265073623e+02
1.215611793814931332e+02
1.455092061745748140e+02
1.712089940044088507e+02
1.910271833094735712e+02
1.450144265114833502e+02
1.210781058967133532e+02
1.206366390922716931e+02
1.444361274349497535e+02
1.754724984128795882e+02
2.068647068426059832e+02
1.712915487241133121e+02
1.549537993924930674e+02
1.149682292409534057e+02
1.199257144701227276e+02
1.433644168567082602e+02
1.774609853366893049e+02
2.170115117914025973e+02
1.916230482600719540e+02
1.853268638280698895e+02
1.407138570633566985e+02
1.010423256759002584e+02
1.194360530063634229e+02
1.426430310547157205e+02
1.788872088273867860e+02
2.249471321790338436e+02
2.095909462479408205e+02
2.175509982489653282e+02
1.791035248006210168e+02
1.395097961784860559e+02
1.133336633109814642e+02
1.187808560879811353e+02
1.411051634722564074e+02
1.775079936329209147e+02
2.255682832439811136e+02
2.161569418510007949e+02
2.332107539506292255e+02
2.002966879584361948e+02
1.612265704359852805e+02
1.333688575732221295e+02
9.884597654193383676e+01
1.183249381862343341e+02
1.400592236912322051e+02
1.766264088713700744e+02
2.262433382411757066e+02
2.214914288555624466e+02
2.465837819211522230e+02
2.201048413063867599e+02
1.837301993259561641e+02
1.559315160932362687e+02
1.204630853338778138e+02
1.113050263424484427e+02
1.180352778623641967e+02
1.394450095456529652e+02
1.763164150766409364e+02
2.274474031059519064e+02
2.265679011365871247e+02
2.589187835281436492e+02
2.391472034207512820e+02
2.069946819756790433e+02
1.808211458879127633e+02
1.443479242566799883e+02
1.382618681148466919e+02
9.983386772332755754e+01
1.178209134070586401e+02
1.390026161714841635e+02
1.761320399539212076e+02
2.284738220308772441e+02
2.306784716649817142e+02
2.691669794741415558e+02
2.558158366807641073e+02
2.288806076299158576e+02
2.063710021664385295e+02
1.709694531115487734e+02
1.726427762394903311e+02
1.257232552850554583e+02
8.336336638785414266e+01
1.176013739625597907e+02
1.384921929874699345e+02
1.756092490946210205e+02
2.284456454181364506e+02
2.326724023744213810e+02
2.753327017357008799e+02
2.669451945418083483e+02
2.445067875335836618e+02
2.252875885721231839e+02
1.912346378759521031e+02
1.999590864402560726e+02
1.475795745025925498e+02
9.897219561323093728e+01
7.497095782995269531e+01
1.174447994318576889e+02
1.381452540839050869e+02
1.753184134762037161e+02
2.286695451487522917e+02
2.346012327506803956e+02
2.808742806039912807e+02
2.769399163828493329e+02
2.589471104805931532e+02
2.435827785143850974e+02
2.117206802991129564e+02
2.287628075138036081e+02
1.726140935335794495e+02
1.184704713912011442e+02
9.175158872202602822e+01
7.573773416638529454e+01
1.173352250603937961e+02
1.379191698856161565e+02
1.751986058558969148e+02
2.290786628981596493e+02
2.364761509391874483e+02
2.859100455119407229e+02
2.859438671593449612e+02
2.721904604257213123e+02
2.609340477155529925e+02
2.318135131694994584e+02
2.578855859170499798e+02
1.989834401011702880e+02
1.389665593150759832e+02
1.071659822317692488e+02
8.792217414063335923e+01
5.808530084165742124e+01
1.172078265741147192e+02
1.376199326150832860e+02
1.748522470806753688e+02
2.289003649879904572e+02
2.372729931374258285e+02
2.888709868308550881e+02
2.919621045269053070e+02
2.817488787298121338e+02
2.741803693316384170e+02
2.480899417853115949e+02
2.832698721250309291e+02
2.242841412926679254e+02
1.613733571239584990e+02
1.281214948288925655e+02
1.114529497765349930e+02
7.924658303995575181e+01
5.310744219793909338e+01
1.170974969162506909e+02
1.373569185651602709e+02
1.745273877207671660e+02
2.286577166873837541e+02
2.377660704811442827e+02
2.910113415218319801e+02
2.965296693202207621e+02
2.892174377786843706e+02
2.847206267039214822e+02
2.612758946326274554e+02
3.044123057201172173e+02
2.457498706984991941e+02
1.805450829523105654e+02
1.455257759755719746e+02
1.297462935037456191e+02
9.285373460783323196e+01
6.100373703283511873e+01
7.006143256482081938e+01
1.170157850520094485e+02
1.371707594634850977e+02
1.743291643850444075e+02
2.286042480768169298e+02
2.383869922997035644e+02
2.931452731331933705e+02
3.008460665294257979e+02
2.962145181387183470e+02
2.947494162838308966e+02
2.740920217517590913e+02
3.253771211684053242e+02
2.678601750625728641e+02
2.011976899879572898e+02
1.655332925466974814e+02
1.520755268428167994e+02
1.122937452785443071e+02
8.697306980600291126e+01
5.142675709593959965e+01
1.169568171209705838e+02
1.370449946550284324e+02
1.742293586822771374e+02
2.286949773934868801e+02
2.390995902622363189e+02
2.952518250688008834e+02
3.049144135225384957e+02
3.027333294508143808e+02
3.041680443559941978e+02
2.862917387758399173e+02
3.456071829171155514e+02
2.897225411596366484e+02
2.221748975198187281e+02
1.864887709017887119e+02
1.759762953463441875e+02
1.336997987544173441e+02
1.070739422558373093e+02
6.882375501365497428e+01
5.023896725082115466e+01
1.169001133185234096e+02
1.369184381802486428e+02
1.741014729210613154e+02
2.286804914181234665e+02
2.395656885719850209e+02
2.968031000311237904e+02
3.080563018667683082e+02
3.079108806735771964e+02
3.117950298760006831e+02
2.963819913433611077e+02
3.628207770258559890e+02
3.088678391320133869e+02
2.411045547356143572e+02
2.059447996771114902e+02
1.988244033980425343e+02
1.549141870119470354e+02
1.301084441730182562e+02
9.071357557941612981e+01
6.694101943910739294e+01
4.996156852742828391e+01
1.168549997966752727e+02
1.368209323734481870e+02
1.740151355467349674e+02
2.287132962370575342e+02
2.400243700897852648e+02
2.982221871658105670e+02
3.108679406020009424e+02
3.125226384721148065e+02
3.186244360859760718e+02
3.055024714099305925e+02
3.785686988782554181e+02
3.267084874901868830e+02
2.591229920136449323e+02
2.249112578429933365e+02
2.215911214464970840e+02
1.765946305704159442e+02
1.555474708696756636e+02
1.154834941622749938e+02
8.900024759007386876e+01
6.816443828711481956e+01
6.501067724953463767e+01
1.350574185359434978e+02
1.167327948184054804e+02
1.364818395618977434e+02
1.733854834312873834e+02
2.275879776667600254e+02
2.387259372862692146e+02
2.965843140373005440e+02
3.093568648349433374e+02
3.113176601127630647e+02
3.174662080677433664e+02
3.045710649161356400e+02
3.788471407378218032e+02
3.279788617480411972e+02
2.610475099096576628e+02
2.264418096565958081e+02
2.234282007724568757e+02
1.777636359746855419e+02
1.513981312483291504e+02
1.141191637153799405e+02
8.460850146871597133e+01
5.975920069233440302e+01
4.949062509252251374e+01
3.280018582984931896e+01
1.167135553969086033e+02
1.364533069358326998e+02
1.734157085646648966e+02
2.278017471501099465e+02
2.393308299117198601e+02
2.980583297594737360e+02
3.119917163460810343e+02
3.154387949280529142e+02
3.234733455155840147e+02
3.125289666460136004e+02
3.924941738146836769e+02
3.435447924154237285e+02
2.769563812768425350e+02
2.434147864312763545e+02
2.439782245153829194e+02
1.974120805560507961e+02
1.734446630938663816e+02
1.353394092966031508e+02
1.027671250229165167e+02
7.429208432477670954e+01
6.264235792802855229e+01
4.281325663311385199e+01
5.970569570457489306e+01
1.166883146982758319e+02
1.364027956335820591e+02
1.733864385898739329e+02
2.278721899726685081e+02
2.396864001501368193e+02
2.990506462875656553e+02
3.138849035808729582e+02
3.185047916335563514e+02
3.280115313693780195e+02
3.186303081023050368e+02
4.032239293273513567e+02
3.560245306035431554e+02
2.899590994421147911e+02
2.574534418325353045e+02
2.612387803961551072e+02
2.141111323172108030e+02
1.919945717757481134e+02
1.536340954291596859e+02
1.183235365057464037e+02
8.670285119399953544e+01
7.357066228352051951e+01
5.111517125915379012e+01
7.149802413487803676e+01
1.749184322890483401e+01
1.069318991498691673e+02
1.445892726239300430e+02
1.955304212234491388e+02
2.124521124477884086e+02
2.713537507974245386e+02
2.908266159276718099e+02
3.001724070016838368e+02
3.125636336846378072e+02
3.063968751521838954e+02
3.923542300856566953e+02
3.499810615791654982e+02
2.877158475707356047e+02
2.570802313509749979e+02
2.623782551041604165e+02
2.159480256798444771e+02
1.714110375092610923e+02
1.555723489934574388e+02
1.197503309432956655e+02
8.766122150481507447e+01
7.423676955010984102e+01
5.149121660044180260e+01
7.187171535459511063e+01
1.753561473481427058e+01
1.131939869203381051e+02
1.594446917377966315e+02
1.818776500693950027e+02
2.396147100598365398e+02
2.638438208105764033e+02
2.782849847277441881e+02
2.937771156306292255e+02
2.911329829503162614e+02
3.780634072146128801e+02
3.413717700395243355e+02
2.838161880756786672e+02
2.555872560818150987e+02
2.627406155861667685e+02
2.174116218689999869e+02
1.732862209916710015e+02
1.957899106813233630e+02
1.212552261640727380e+02
8.868822818556124332e+01
7.495616592743915874e+01
5.189993780659013112e+01
7.227922080373309655e+01
1.758343515712459038e+01
1.153736943692523624e+02
1.436841344576179154e+02
1.994540181514793460e+02
2.287963733595894382e+02
2.490399504431294986e+02
2.682384238356181640e+02
2.699388133365267777e+02
3.569584456463487641e+02
3.274422471421742671e+02
2.762060029370035181e+02
2.513729017431304840e+02
2.609096671855302816e+02
2.175174218033536420e+02
1.743969377066164839e+02
1.970363721461260980e+02
1.592631979768746362e+02
8.966533532424088548e+01
7.565762536878847300e+01
5.230656777390115764e+01
7.268975419648535308e+01
1.763196327212972747e+01
1.226234691693855865e+02
1.008533709453343192e+02
1.539892287266708593e+02
1.887503340802685443e+02
2.151424685663519369e+02
2.382838617856865824e+02
2.446639596929878735e+02
3.309562365010582425e+02
3.095712924538805737e+02
2.658150563205266508e+02
2.451169163899797923e+02
2.574822445907596489e+02
2.167068723149753566e+02
1.750726835396937702e+02
1.979630346298739880e+02
1.608925710670625620e+02
1.240189427927367518e+02
7.640990075374729429e+01
5.274795920898948509e+01
7.313825930225279137e+01
1.768517019880424357e+01
1.219164841579356420e+02
1.569800670544917693e+02
1.874609258470592295e+02
2.125829196998238899e+02
2.217254532854189506e+02
3.068950292670646149e+02
2.929274322554113041e+02
2.563488356422659535e+02
2.549424200447028568e+02
2.167701904802649437e+02
1.765785090494395320e+02
1.996427512751484983e+02
1.632632832980257831e+02
1.259550752478777298e+02
9.208781620298957193e+01
5.332470758691262347e+01
7.371741915915137611e+01
1.775336861201893868e+01
1.117766759710712279e+02
1.485282816254229488e+02
1.771295636623736982e+02
1.900642148344763314e+02
2.721813924823113666e+02
2.673773373456675131e+02
2.401603602800137196e+02
2.288335671465944188e+02
2.137558089653951470e+02
1.762100124096620846e+02
1.997803212694991259e+02
1.647808468171068341e+02
1.274696172191199821e+02
9.329704521303335696e+01
7.832079184154970619e+01
5.387281710734772844e+01
7.428022742228445452e+01
1.782052263535158687e+01
1.174970959868651192e+02
1.470946219217910595e+02
1.609005486496414221e+02
2.388538436659014224e+02
2.421195065208474375e+02
2.239258538227043687e+02
2.178326410523976051e+02
2.405277827315977106e+02
2.108886338129019578e+02
1.762363353236524119e+02
2.002883742211505194e+02
1.668789890586182310e+02
1.294776787616732179e+02
9.487277086469909193e+01
7.949701324759094234e+01
5.457215910913649992e+01
7.499216360734476439e+01
1.790503559550340640e+01
1.163712087002845124e+02
1.282119991980623297e+02
1.996670654634733637e+02
2.108764246371863464e+02
2.025534675110135083e+02
2.023311761102550577e+02
2.290210259437703542e+02
2.050654539709254323e+02
1.744723369324171074e+02
1.992752668048447049e+02
1.682529130529888732e+02
1.312045682713343240e+02
9.638917341966501340e+01
8.068384203202032268e+01
5.530077280734005285e+01
7.574619733190674253e+01
1.799538423442759694e+01
9.644946267380913696e+01
1.579830615100430009e+02
1.757802539137333611e+02
1.771030710552784626e+02
1.826879169030955552e+02
2.131885198687511718e+02
1.959884694070242404e+02
1.706147361282523605e+02
1.963812731678065688e+02
1.686853458408808990e+02
1.325469820815516471e+02
9.781426883611649714e+01
8.187533713713490613e+01
5.606288468737904651e+01
7.655057132479359439e+01
1.809282941097776032e+01
1.214060911744092834e+02
1.427436903758752464e+02
1.520324356329227840e+02
1.620024347939888969e+02
1.954534897801253805e+02
1.851805008121411333e+02
1.656354071152959762e+02
1.922392319257133408e+02
1.686916749930741730e+02
1.338588430090972565e+02
9.939107677917287731e+01
8.323908164024562950e+01
5.695219800757254802e+01
7.749557327615056579e+01
1.820763000129560893e+01
1.062060049680700473e+02
1.239295314268217396e+02
1.379108763061183538e+02
1.734334251893832857e+02
1.706520170120280966e+02
1.579848072489176616e+02
1.854038186223872344e+02
1.672478431729193744e+02
1.345572753953195502e+02
1.008378079667643163e+02
8.463315932631736871e+01
5.791367728639129808e+01
7.854213922614259502e+01
1.833621436359416990e+01
1.063188776576664765e+02
1.200033225786305451e+02
1.558338803240435197e+02
1.589722280676408559e+02
1.525833467036216575e+02
1.797223005453284372e+02
1.674318909685943026e+02
1.366806121996069407e+02
1.034579451920028248e+02
8.691146678453714003e+01
5.940087295553779967e+01
8.011061621473379546e+01
1.852547691324336299e+01
9.787914458877517632e+01
1.301792812758665150e+02
1.395801349237966065e+02
1.408923938955722122e+02
1.674147190940278733e+02
1.630510854446582130e+02
1.362962195077057572e+02
1.050168220672626092e+02
8.875995504146568749e+01
6.079153965818837690e+01
8.166864520618145207e+01
1.871899446850300919e+01
9.411509248859611887e+01
1.104811935749986986e+02
1.209371203700053456e+02
1.463769686232897982e+02
1.517638168364833575e+02
1.316992913023080973e+02
1.045295031683900646e+02
8.964060214280185335e+01
6.186636478060153621e+01
8.305702457774137315e+01
1.890214302945273772e+01
8.157610571882511863e+01
9.962633788239395471e+01
1.211379184711535828e+02
1.361873322813099776e+02
1.239994252294788311e+02
1.025889022987886676e+02
8.995661116105222277e+01
6.288671904346704622e+01
8.455152427573811735e+01
1.910830174484518906e+01
7.997416248263033367e+01
9.441119103217656061e+01
1.182512048470295838e+02
1.139505768492978888e+02
9.962768497695593339e+01
9.007590440065017390e+01
6.415572298560263675e+01
8.650669431329247061e+01
1.938260678014954763e+01
6.382145296453995797e+01
9.423194677967995858e+01
9.765045953362775322e+01
9.265226424407489958e+01
8.806366469421757870e+01
6.484056178676766535e+01
8.833488874139963798e+01
1.967306147297882646e+01
6.516450551923533396e+01
7.410270877710381399e+01
7.992234019991677485e+01
8.240702389998774891e+01
6.429993664053182556e+01
8.970818553029221221e+01
1.996512348888718336e+01
6.605998706058745995e+01
7.418230955771339552e+01
7.942023830456285793e+01
6.560416964812181106e+01
9.340155626182550463e+01
2.058346070910895165e+01
5.443670113854249593e+01
6.666040223917872254e+01
6.279368921170530626e+01
9.532744135647844530e+01
2.120097973443160910e+01
5.157599364262527075e+01
5.660574182415851396e+01
9.540482756593146974e+01
2.194166128377345260e+01
4.754270171553447710e+01
9.075907211852474177e+01
2.279888981732056408e+01
2.444446444252282546e+01
8.179829476169271629e+01
2.554426384815601736e+01
