7.602519643536139426e+01
7.868886261559839568e+01
4.550088854173006325e+01
8.883373980054103924e+01
9.156280128269081331e+01
7.814650524287016253e+01
9.830444777442286863e+01
9.983089525010132093e+01
5.010607893313607519e+01
2.962431271168032509e+01
5.532746455750688597e+01
5.374705426930255214e+01
4.611065311069975792e+01
4.909591669464808916e+01
6.579588253010703625e+01
6.214916378422853427e+01
4.935903112402734649e+01
6.213825223057648373e+01
6.455860044529920572e+01
8.994680761847492079e+01
3.708028329001065515e+01
6.616303398285081983e+01
5.951672212669114259e+01
5.121282369432497461e+01
5.492330824138204548e+01
8.018325521148967994e+01
7.189450625360962022e+01
7.436729380249376220e+01
8.415831580592076477e+01
7.574908443319986873e+01
7.835579983861262576e+01
9.788664393591452040e+01
5.976016452154873093e+01
8.084511336041791196e+01
7.796111052841129663e+01
1.128538136113411099e+02
7.863069146208276550e+01
6.533952055828297034e+01
5.716028298752554093e+01
6.252176377234962956e+01
9.174580041949954534e+01
7.512747981225400906e+01
8.381290673552337012e+01
1.209330044918355327e+02
5.401974243004128340e+01
6.124328094503895414e+01
8.967990012045314074e+01
6.107965559212900075e+01
5.773760773195061802e+01
6.207780960968187145e+01
8.125466379586315213e+01
2.988968744774854613e+01
2.672576172560533081e+01
2.973688197377833475e+01
4.356490929619636887e+01
3.653406841219069889e+01
4.770076518575707780e+01
3.551270167178715553e+01
6.504449053724194130e+01
5.351105200738859935e+01
8.866243060226042871e+01
9.399203507695101223e+01
8.129249000971836381e+01
6.045007520284835323e+01
1.104109101381894931e+02
5.944617980882222952e+01
6.701756441965687827e+01
9.496144558092690602e+01
4.928411696272225839e+01
5.727607099300133342e+01
8.334501798072885492e+01
7.252627269266514531e+01
9.552591208061572559e+01
6.427551635385030693e+01
1.069022341588560039e+02
1.162876083286016922e+02
7.870100662289131321e+01
1.406609017967531088e+02
8.147220482316741652e+01
6.199057377436680838e+01
1.008495168735078380e+02
1.080638521358532103e+02
1.036912208912883528e+02
7.767296611809813101e+01
1.425506927307182821e+02
7.089218943026304487e+01
9.310491712383287677e+01
8.316856372854007873e+01
1.083536548355513673e+02
7.318462296067876593e+01
9.453315270125779080e+01
1.691158106637300591e+02
1.003701280742096316e+02
1.429059304623574178e+02
6.847929613139271510e+01
1.235038437411373451e+02
1.115049848714411240e+02
7.714533192018305385e+01
1.396902247647785202e+02
8.420505891177688795e+01
5.753932451170575746e+01
9.579528918089970091e+01
1.074520167658294127e+02
5.461324369346674956e+01
5.291759728302029941e+01
6.996792608447866257e+01
4.860598249211398070e+01
6.372982707430929139e+01
1.067395638441315384e+02
9.748657392087226015e+01
8.443972548962432256e+01
6.134924923606951808e+01
8.254839233644752028e+01
1.309263326003608654e+02
6.420529066799043960e+01
1.111015640710334793e+02
1.026776706892621576e+02
5.910008810044910632e+01
1.058122781403524755e+02
6.522977557833603157e+01
4.346836439627832505e+01
5.863091872393109583e+01
4.231127950864613041e+01
5.645638373129986576e+01
9.420726681445302120e+01
1.104707467847572957e+02
5.499326417366245323e+01
7.474670364240860465e+01
6.677916427453602921e+01
9.125843550172166374e+01
1.349774610645392841e+02
6.697345964129139873e+01
1.190006305046757547e+02
1.089518677409944019e+02
7.954924329443410613e+01
5.994267966759418442e+01
8.116217616365656795e+01
1.331572737965857982e+02
1.543609250904523265e+02
7.301618838619560847e+01
1.014430899759201026e+02
1.021237968891980756e+02
7.081389160605435507e+01
5.864606287146227714e+01
8.194579136734455460e+01
1.259617163112116884e+02
6.457542510478373288e+01
4.384267720021469472e+01
6.043016930145294907e+01
9.655182952695933807e+01
1.097466763436508188e+02
5.258333629707393442e+01
6.167051451822731423e+01
9.452683365848743335e+01
1.094120021510120040e+02
7.606404394208485087e+01
6.267456678325864772e+01
8.873201502999509671e+01
7.774054160577857431e+01
1.239645219235447087e+02
1.394757352861660706e+02
6.843624082731838598e+01
8.133055399659338036e+01
1.251623731797595696e+02
9.749203065221490760e+01
6.239511717259613732e+01
7.746640849934883022e+01
8.395088678571752894e+01
4.264293963605748417e+01
5.158201808408221467e+01
8.231641060708714974e+01
8.397731759952964126e+01
9.308790659233770270e+01
8.165495042509613199e+01
4.591846822510879633e+01
5.852134035992108352e+01
9.923812513427034787e+01
1.002668097465479207e+02
5.746381813068457944e+01
8.039935861033187336e+01
1.491774594186055083e+02
1.490337912131947462e+02
7.566007464950260442e+01
1.552357113196904947e+02
1.463563729013461341e+02
6.363834715090082028e+01
5.235036397257382390e+01
3.899181745238428221e+01
4.361692653638390027e+01
4.037015858849567707e+01
4.589910426356561857e+01
4.190872802995621527e+01
5.469900335296498639e+01
7.444090069140270316e+01
4.109400295140935810e+01
5.087136278368028286e+01
6.884553805359476542e+01
3.212454668883992781e+01
4.069885106056933921e+01
4.954076312220710321e+01
7.060286309639431579e+01
3.555797718078803626e+01
5.991469228336647035e+01
4.060060117901179666e+01
4.940174399594825161e+01
7.396833330466787970e+01
4.109124512337749024e+01
7.765103949530838179e+01
8.157053507750234189e+01
4.050301205787041425e+01
4.912646752224459590e+01
7.560152949933137734e+01
4.488277673904566001e+01
9.223998287517710537e+01
1.002476596229808763e+02
5.918321821051089415e+01
4.026037240655042382e+01
4.812738169749084705e+01
7.416950788760910029e+01
4.514612585552572455e+01
9.580458355693698991e+01
1.058152226577873876e+02
6.743262550902710473e+01
5.118793732012242970e+01
4.016909320714559328e+01
4.777304134206856645e+01
7.411324812143899976e+01
4.625561682249971085e+01
1.016202618955512236e+02
1.160604042468600596e+02
7.941280660574513206e+01
6.544101765673961779e+01
8.318236574585644405e+01
4.003696825746789045e+01
4.722697261388965018e+01
7.315882390992310036e+01
4.612884805687676248e+01
1.026340694123458519e+02
1.183058582756366945e+02
8.405954478527893059e+01
7.128961335111149822e+01
8.997757982717440939e+01
5.619901062156028360e+01
4.001356686761666737e+01
4.714860492439182593e+01
7.342080565160209460e+01
4.702265350034598157e+01
1.070883284688065800e+02
1.273112304107622919e+02
9.559056603750745751e+01
8.643450652598487238e+01
1.165399154624069240e+02
7.966887783668330769e+01
9.342515534504342156e+01
3.996480564906837429e+01
4.695863506214793404e+01
7.322323697266072884e+01
4.730085337487557240e+01
1.090918461921073117e+02
1.319860565493319200e+02
1.028571697155462488e+02
9.700435491330644311e+01
1.358702276373303732e+02
9.705724104145761544e+01
1.233900377927517127e+02
7.663896381668799052e+01
3.984934656313546952e+01
4.649036744324870796e+01
7.211740479542342541e+01
4.655086714141365434e+01
1.071165451751898559e+02
1.292367236170417470e+02
1.022111114924502573e+02
9.770913475295125750e+01
1.368863688072790126e+02
9.734268396223367859e+01
1.228622718220707952e+02
7.504698450245585661e+01
7.748651031618015850e+01
3.973130086570534303e+01
4.601427358451559968e+01
7.093080856363302189e+01
4.563420961555610234e+01
1.043404690279249962e+02
1.248167231484257371e+02
9.933366087590249549e+01
9.531976031989222520e+01
1.321295184364517468e+02
9.247276724521553604e+01
1.132264046694803170e+02
6.676145569634282140e+01
6.942587925432664520e+01
8.008677927796024676e+01
3.971487625383987563e+01
4.595266104002826069e+01
7.090857253179778752e+01
4.582026711347251080e+01
1.054266453999026965e+02
1.273059766896731730e+02
1.033103042658694761e+02
1.015498952761352882e+02
1.442476637041024219e+02
1.039905443862125054e+02
1.314481875464348946e+02
8.103024845490219263e+01
9.151487989915744947e+01
1.240719932603944784e+02
1.050514935649304959e+02
3.969567485342027879e+01
4.587886976203793665e+01
7.081910262451475546e+01
4.589672829100406659e+01
1.060307593039113101e+02
1.288321359534214992e+02
1.060811168784446608e+02
1.061874719479405371e+02
1.536358001336953976e+02
1.133183105770662138e+02
1.466195908879844296e+02
9.336622798926798339e+01
1.113661815579321228e+02
1.654722285370160364e+02
1.622304261533220711e+02
6.145739240676505233e+01
3.966297145397825119e+01
4.574955486479519351e+01
7.054301116160871743e+01
4.575193669633513593e+01
1.057504961666569301e+02
1.286205683313605448e+02
1.067726718475018828e+02
1.079207750864260476e+02
1.572268398431398282e+02
1.169273034889546210e+02
1.516298130685629246e+02
9.683955042031612948e+01
1.165647705032893242e+02
1.754039437828570271e+02
1.688987013478306380e+02
5.720200383681117984e+01
4.172679622468140082e+01
3.962960353819524073e+01
4.561921713066176665e+01
7.025014209267253307e+01
4.556950975927858849e+01
1.053010545912050446e+02
1.280718793047132351e+02
1.069661194899726553e+02
1.089311105631040419e+02
1.595827741226858336e+02
1.195852453248818961e+02
1.556227923350147364e+02
9.998885930987201220e+01
1.218521785254357894e+02
1.869389174524608563e+02
1.828099325310357415e+02
6.186837209719764274e+01
4.711219212428246550e+01
2.930564673855450408e+01
6.576225480075616758e+01
7.438603313190870381e+01
4.554524451895612458e+01
1.002948627611800418e+02
1.191343049064422104e+02
1.013005086914121051e+02
1.048189073848875381e+02
1.549009803923354127e+02
1.173455280668439542e+02
1.534125767352892353e+02
9.904485134318372275e+01
1.212333324516415445e+02
1.866581754817417789e+02
1.830071298256717682e+02
6.201902033623819932e+01
4.723440875375527526e+01
2.937591213078036390e+01
5.832069710351764513e+01
3.777119641581908382e+01
8.326129196589917569e+01
9.950961052616642633e+01
8.809814123654443563e+01
9.426886401268066606e+01
1.426972950677553627e+02
1.106500670739546450e+02
1.469505510478019517e+02
9.616680084734414891e+01
1.190012432384164072e+02
1.847416423519622128e+02
1.821874864615897991e+02
6.196217505072842613e+01
4.726943490683852644e+01
2.941732485530848962e+01
3.731484878768983293e+01
7.493898372370551897e+01
8.448424630009209579e+01
7.720695187547808302e+01
8.512455327136115102e+01
1.314059666366549948e+02
1.043053647270692892e+02
1.405354088179006169e+02
9.322972881321275906e+01
1.166975147169312379e+02
1.827955215388939223e+02
1.814365596384441233e+02
6.194957707513187017e+01
4.733856899865399015e+01
2.947765944436806507e+01
7.737835446182995724e+01
7.520575516604282029e+01
6.975234844174016757e+01
7.858590951895713772e+01
1.225180728007649549e+02
9.934022027542327749e+01
1.351638158561048897e+02
9.069493352696621002e+01
1.147159565074177010e+02
1.812486780018599291e+02
1.810711163082752080e+02
6.206334532892319089e+01
4.748488565369022751e+01
2.957524733867270328e+01
4.534573984216445552e+01
4.901573897660694712e+01
6.065716574215425538e+01
1.002666145342370214e+02
8.590648224133579447e+01
1.213777796988370596e+02
8.415038365738358550e+01
1.092778587856906540e+02
1.761517151330156423e+02
1.785094286766386062e+02
6.173682102921519288e+01
4.745153273660889681e+01
2.961496055426414387e+01
4.919246112179782671e+01
5.903820057436277580e+01
9.415685250126560391e+01
8.225992755571697046e+01
1.161732481913573594e+02
8.131564332006016116e+01
1.067993157563166307e+02
1.740645210197246797e+02
1.780742469148145517e+02
6.195506967108210006e+01
4.770209306424693807e+01
2.977626213796533605e+01
6.682111909821564666e+01
9.365757103112278514e+01
8.258101684538671350e+01
1.141350075201121257e+02
7.980565941811343578e+01
1.052681355719597605e+02
1.728292353169771900e+02
1.783672032145440767e+02
6.243303080100001523e+01
4.811655691985077965e+01
3.001877525961167592e+01
6.809929876814680938e+01
6.866023543354160097e+01
9.897528887840404366e+01
7.214791980666342397e+01
9.835607413524812159e+01
1.659513727479132683e+02
1.752600378294456789e+02
6.230139415470539177e+01
4.832393376941150365e+01
3.021253196778729944e+01
5.223022083703468610e+01
8.033308177689573881e+01
6.230752976818875055e+01
8.890064806651216145e+01
1.557153275612905361e+02
1.700380112498974370e+02
6.188345545080159127e+01
4.850034654908819931e+01
3.043705409333025003e+01
6.123824345055540164e+01
8.649010280258998762e+01
1.512057475982197730e+02
1.682484275517588799e+02
6.250194544133631069e+01
4.928586609919384642e+01
3.095238588716449257e+01
7.982519617206352791e+01
5.003371023236285708e+01
7.507228740359192898e+01
1.355668137179731616e+02
1.584997220832671303e+02
6.169345748457894274e+01
4.967270138664203216e+01
3.142723114802912576e+01
1.307275781150263185e+02
1.537381282989949796e+02
6.253754022619778397e+01
5.117876986944250461e+01
3.250069156248817137e+01
7.677024785388189798e+01
1.268566619385243683e+02
5.855201078032548878e+01
5.120978992723843248e+01
9.745160774839261819e+01
3.339644255562406983e+01
9.947947131758098749e+01
5.433372650589335962e+01
5.218653299183187499e+01
3.540663670960684328e+01
5.613196964812301815e+01
5.925578519023241597e+01
4.196879993345675075e+01
6.745150347253940026e+01
5.624913159980881971e+01
5.872106312742258893e+01
4.361692653638390027e+01
5.595306987097757911e+01
6.669149465116589681e+01
3.401364766838548803e+01
5.509691426178437723e+01
6.700664138235828204e+01
5.663773677839455445e+01
6.190310285440192217e+01
8.488651236143195433e+01
5.296252569218081163e+01
8.085891182945547939e+01
9.464457771855913393e+01
7.327457111085519159e+01
5.788181108043831102e+01
8.811819639836666340e+01
1.033504448429378044e+02
5.782798978109445898e+01
7.395563487471143560e+01
7.814481180769038815e+01
7.462660851246127436e+01
7.270660868750934469e+01
5.289281786179238765e+01
1.004260984062030104e+02
1.075708786411656064e+02
8.773381148658532425e+01
7.707795147111833955e+01
8.725494195345689263e+01
8.510158509119249004e+01
1.063405198362739554e+02
9.093075916002283066e+01
8.738877140829023915e+01
1.100279452248923349e+02
9.308293069571625722e+01
6.228033449950672917e+01
9.510971686266856295e+01
1.050870956491898198e+02
9.971441472451982690e+01
8.362197349679607328e+01
7.839931915056756395e+01
7.581091105788514994e+01
1.063424965759419649e+02
1.072995473184951436e+02
9.390181577336366558e+01
9.697814184229603995e+01
1.011753439796155050e+02
8.227039655486206016e+01
1.046931949068229954e+02
6.502811794497483788e+01
8.528062433328238967e+01
1.081100404676841009e+02
1.081170225465551340e+02
1.343992607504202397e+02
9.385636119976470582e+01
1.000567839434729933e+02
8.663253844639166346e+01
7.039444092603386594e+01
9.764728910833463260e+01
9.777617006971048852e+01
1.077457985384129699e+02
1.238786957963117317e+02
1.024602142368427309e+02
9.657228400673419344e+01
9.991698191561503961e+01
1.037921535096199364e+02
9.170609833648983056e+01
1.438304422170990335e+02
5.831776615933191010e+01
1.185494560562996043e+02
1.304909333026171225e+02
1.341679411801599429e+02
1.117750652319921585e+02
1.073374186916385895e+02
1.345913608281545919e+02
1.187684350681803238e+02
9.233860389953925107e+01
1.326090060918949121e+02
1.508442726538330305e+02
9.297036896624172186e+01
5.793364634954166803e+01
1.174258212141364055e+02
1.239421940041845573e+02
1.288005212095078491e+02
1.167339849649399781e+02
1.053064881286064605e+02
8.415038365738358550e+01
1.275651095072145011e+02
1.321530825589048561e+02
1.165960540197178119e+02
1.584997220832671303e+02
5.326199033969817975e+01
5.872106312742258893e+01
