7.523247631944344960e+01
6.927015789017760028e+01
4.780456722577670803e+01
8.671581225117738256e+01
5.838603452729839915e+01
9.751606318138263418e+01
9.988610035583650415e+01
4.484914844987240201e+01
3.147568907723778864e+01
5.457060701349114140e+01
6.176337161145413290e+01
3.431565301535181334e+01
5.299489575972726385e+01
6.295633172310713377e+01
6.220274619702816921e+01
3.642090863821047009e+01
6.160265093046732687e+01
6.401759863437028741e+01
9.304781188905947431e+01
3.831995813220058977e+01
6.472972806646039601e+01
6.750644646416373007e+01
3.762252378604435421e+01
5.891772200244472657e+01
7.239045720220512692e+01
7.048918161885714539e+01
7.895334162653722387e+01
7.211438541664585955e+01
6.976588045092059076e+01
7.758105943406206961e+01
9.255924627648373360e+01
6.048312670777391986e+01
7.210865618234417695e+01
7.166851380579132069e+01
1.021848887459260169e+02
8.095280631862831910e+01
7.208992175748063858e+01
3.913724202603665958e+01
6.137688176354599534e+01
7.500668643926466927e+01
7.006288186986718358e+01
6.905158883435925077e+01
1.078132428668463092e+02
5.466019916058178296e+01
5.492421166357518558e+01
8.748863506372418897e+01
5.389489655064081575e+01
5.344693432683610013e+01
6.090123568405570609e+01
7.547512250943525203e+01
3.807298556407195633e+01
3.374694622805370159e+01
4.183683032783336131e+01
3.953889193958873705e+01
4.359957660843110006e+01
3.989241177565802587e+01
6.477349231349812442e+01
5.221348767357108045e+01
8.866284484079463368e+01
8.742296006594467883e+01
6.726401115004860287e+01
6.149382199654737491e+01
9.973362314690633923e+01
5.906863379944254433e+01
5.908800512046750697e+01
9.220356139011428809e+01
5.850558916304002821e+01
7.335857432675562961e+01
7.021792583219361461e+01
7.815532319173838971e+01
6.109983203595891865e+01
1.041345682081081918e+02
1.056278194749665715e+02
1.265978559130648335e+02
6.590438264876162577e+01
1.086615830845296244e+02
1.008463298595618198e+02
8.079943526164834111e+01
1.222281929331975334e+02
8.130175151130367794e+01
5.295499152409661292e+01
9.119883468217075517e+01
9.696066528702895937e+01
4.669960911796208336e+01
4.722824991492399249e+01
5.537432858237796296e+01
7.687281049989756809e+01
6.314980210829714480e+01
8.191734901448700157e+01
1.202264875524551258e+02
6.410459665513255345e+01
1.020301195510076298e+02
9.762854541023351373e+01
6.239367874042643081e+01
9.273362134838282600e+01
6.269379963314491988e+01
4.589304740164321572e+01
5.255769745392946390e+01
4.470627705161489018e+01
6.640076100859799624e+01
9.284435785653316486e+01
1.101857874226669622e+02
6.000976844546273270e+01
6.784766723716349190e+01
6.544008358369413259e+01
8.602489360455838607e+01
1.121513149883154341e+02
6.099157194704401519e+01
9.958519985197872870e+01
9.634198409949536313e+01
5.761856783334931720e+01
5.107789894033491152e+01
7.533624197715883497e+01
1.034341583375992002e+02
1.225900794867382899e+02
6.587013393540821937e+01
8.732152112437017877e+01
1.027714563256126894e+02
6.711457086072250888e+01
6.065806495481490401e+01
8.061593805759345344e+01
1.125836029575679333e+02
6.340401329372807027e+01
4.663407371608381879e+01
6.814549217727245889e+01
9.086047237300672919e+01
1.068702540049472560e+02
5.837191843525789636e+01
6.380083681396941842e+01
1.045120988386645422e+02
1.008216340394747021e+02
6.725219831088828926e+01
6.000055589295845948e+01
8.052421862428826671e+01
7.277568631196965043e+01
9.345966453349089420e+01
1.089669611537308214e+02
6.093013906006028435e+01
6.777586492571705890e+01
1.053231782253966884e+02
8.771117842934661724e+01
5.384148651590658119e+01
5.845066850341204656e+01
6.810105692918287446e+01
3.991277435907462490e+01
4.588279896326910290e+01
7.199947969426922612e+01
8.144198139205707321e+01
8.793938383774556655e+01
7.628202189335851813e+01
4.953279744382684413e+01
6.060906708393873288e+01
9.703921537648339779e+01
1.101915108434294694e+02
5.415699935858799563e+01
7.294163541512679672e+01
1.198283859077144626e+02
1.365561435115456561e+02
7.167624580572621085e+01
1.181518745888044464e+02
1.323812486522288623e+02
5.670119032303230711e+01
5.919999825856734788e+01
4.835484437308986827e+01
4.556213641502566247e+01
4.591885842314364652e+01
5.127122438197243781e+01
4.798678628823379455e+01
7.493644155410379426e+01
4.758705232800939910e+01
6.690167498902852117e+01
3.682368655172964367e+01
4.714436524667719652e+01
6.430115921750524421e+01
3.490379718332237502e+01
4.974888838382527467e+01
4.737722572373553476e+01
7.060096365394835516e+01
4.363189910962102402e+01
7.388841800416334138e+01
8.612786221146478738e+01
4.731269767692057826e+01
7.191706475186718706e+01
4.693274538936876894e+01
8.490274350300309436e+01
1.041448813691100241e+02
4.717793665947778692e+01
7.164301085045958928e+01
4.795123617573776187e+01
8.952905726068131287e+01
1.123564354584598277e+02
5.141955435774211480e+01
5.263511934281955007e+01
4.710618563976649398e+01
7.173580367637869415e+01
4.903499950274756713e+01
9.435360104910277812e+01
1.225877674405163162e+02
5.821368705677645039e+01
6.508333827997850562e+01
6.443199747036831582e+01
7.153654528685588332e+01
4.951120479608128022e+01
9.704858369702961340e+01
1.292185972508663383e+02
6.361877284066102334e+01
7.584174459901696252e+01
7.717700250528281458e+01
5.952487667920747327e+01
7.192741959859654344e+01
5.050085761022628361e+01
1.012229244752620332e+02
1.392120609865804965e+02
7.195093156242268151e+01
9.211380105760224524e+01
1.002583308920543175e+02
8.401101677832237158e+01
8.176497548645323832e+01
7.165303116936266292e+01
5.057310710372668439e+01
1.022186044746832749e+02
1.425602038789873518e+02
7.573160394143985741e+01
1.011797868873564283e+02
1.138756070295961820e+02
9.835043857559021774e+01
9.893936552446152177e+01
7.088365173234745953e+01
4.996381623791727122e+01
1.007809515981557240e+02
1.405425629598988166e+02
7.554163761265678545e+01
1.032807124471722204e+02
1.177871505265856626e+02
1.025830596481880264e+02
1.039720653107836910e+02
6.591473728329891912e+01
7.593272782440935487e+01
7.004674312844552730e+01
4.919722961736059119e+01
9.864622632138379288e+01
1.367062511636913484e+02
7.372644153109207821e+01
1.019878420912190222e+02
1.164793980858857054e+02
1.008995752517203357e+02
1.010747819884189624e+02
6.387939783677941108e+01
7.525233663471102830e+01
7.380481663364342637e+01
7.006947243030563754e+01
4.938821586133215646e+01
9.955081883590662528e+01
1.391364125243660226e+02
7.630455426956281428e+01
1.082162323793756116e+02
1.174110822246447441e+02
7.806458665408452191e+01
9.943277195151934222e+01
1.120441674822808551e+02
9.445558169288017325e+01
7.007327748856819483e+01
4.952228494888564114e+01
1.002071224414720660e+02
1.409442588226437749e+02
7.831981032839546231e+01
1.133019066380841195e+02
1.324385575568141746e+02
9.154799445265383895e+01
1.227953681722960653e+02
1.491167832674097440e+02
1.387798870493787433e+02
6.983046744788951798e+01
4.934245578158587620e+01
9.978590588734617484e+01
1.403656220006357671e+02
7.845589092794790531e+01
1.147604236676152709e+02
1.388435899095816239e+02
1.283959294665247626e+02
1.387710543885490893e+02
9.769439223904767289e+01
1.338397014920576282e+02
1.669733365607846736e+02
1.584533758327239639e+02
6.594110779253647081e+01
6.954889657903596856e+01
4.909911820972360630e+01
9.912425896841116923e+01
1.392105655730453293e+02
7.806658866690682430e+01
1.150587005202013700e+02
1.424019499642046753e+02
1.016744060556585367e+02
1.415131553719922977e+02
1.802803411764636508e+02
1.745446726373566548e+02
7.242508706657608286e+01
5.783443764355764216e+01
6.958240293994840897e+01
6.941498900172382491e+01
4.860689205546022862e+01
9.535174977764002335e+01
1.308465002734203892e+02
7.419746415486581270e+01
1.110673479570195923e+02
1.363804010567532714e+02
1.279432312279536887e+02
1.403145065792418222e+02
1.008202319341264825e+02
1.408791305281212942e+02
1.800565783081862037e+02
1.747336861573587328e+02
7.255212063954598989e+01
5.792753231403784753e+01
5.316025301526168079e+01
4.024174804121487625e+01
7.990364632303554515e+01
1.101122220212081686e+02
6.465681133531481350e+01
1.000722075615823172e+02
1.258474077741785067e+02
1.204403622859406653e+02
1.343051361533677550e+02
9.794163404100751791e+01
1.383220915756963336e+02
1.782240508133513686e+02
1.739433636909496954e+02
7.244802150424909826e+01
5.792852185649160646e+01
3.897216416419815488e+01
9.410524111897177590e+01
5.667437493523672032e+01
9.050749396941385783e+01
1.161919888675546986e+02
1.132385111654626826e+02
1.283098361305739274e+02
1.764037670129421826e+02
1.732480587003429378e+02
7.239102832905160767e+01
5.796028921413478230e+01
8.343547748155620525e+01
5.015295888866631913e+01
8.208039576498644863e+01
1.069622278080093167e+02
1.058912968694723844e+02
1.218558614723919220e+02
9.181920538469370285e+01
7.809087504085670162e+01
1.743078582907830594e+02
1.724780041787735740e+02
7.234449694553605070e+01
5.800995506849132255e+01
5.354466940568459421e+01
6.434079166812728090e+01
8.860789328850604818e+01
9.169892191267351222e+01
1.095208833583669019e+02
8.535394322527565691e+01
1.265773068981544043e+02
1.700785153945465993e+02
7.192868990020070896e+01
5.792127477284611814e+01
3.555640236097314499e+01
8.310188799334858345e+01
8.584458384458081071e+01
1.032062705666593558e+02
8.189447940185641528e+01
1.230359671750687056e+02
1.668828526789698401e+02
1.692672325175342678e+02
7.196661585204995504e+01
5.805041149526267219e+01
6.980355602983654251e+01
7.092253518503014220e+01
8.808988293612202369e+01
8.722116704007487442e+01
1.023267892142891355e+02
8.138406440713607992e+01
1.221247477018443703e+02
1.664845585917692006e+02
1.701162472772170133e+02
7.250551439687188804e+01
5.842733556487276303e+01
7.000336533809596062e+01
6.099640604779310138e+01
6.655682832349936007e+01
8.341514009938052254e+01
7.073591321910117813e+01
1.110175423706400579e+02
1.571589643270594649e+02
1.654343703650966120e+02
7.177110251076634029e+01
5.832485529353582621e+01
7.002149475348345220e+01
5.308001193902448733e+01
6.915667569645162871e+01
6.215109012106132269e+01
1.009489554982546196e+02
1.479829248526118306e+02
1.609813223516872824e+02
7.124388773669164721e+01
5.838779887313812367e+01
7.012799527612872907e+01
5.714371648204798504e+01
9.297052968475358625e+01
1.390768611058201714e+02
1.565981836428146607e+02
7.094567858089305901e+01
5.866275484050410682e+01
6.167827000878371990e+01
5.037435742079861001e+01
8.209376691379112856e+01
1.252800007229883619e+02
1.483115321117014389e+02
6.992050925232888403e+01
5.882325264452145319e+01
1.120057206672645407e+02
1.384614267447190059e+02
6.879774903316676671e+01
5.924909778749699996e+01
7.096669929865838355e+01
7.616760047511428411e+01
7.854752984141288152e+01
1.113599797074228661e+02
6.301069860219271845e+01
5.822158669209238013e+01
7.098532317862323282e+01
9.011437924880961248e+01
5.850973139407565071e+01
5.854061508939336278e+01
7.178075714794829310e+01
5.602296790031378748e+01
6.214899194123026405e+01
7.455193250189454091e+01
6.690811864337219106e+01
8.004877355539696282e+01
7.223915464551284060e+01
4.556213641502566247e+01
5.926727747730510742e+01
6.444444529054928239e+01
3.724249155096737951e+01
5.129508164057147468e+01
6.218150659449731421e+01
5.615046237730814482e+01
6.810776954542359363e+01
8.535620959030663357e+01
4.116402258976447825e+01
8.260393622113531364e+01
8.906116412985693387e+01
6.883398313906691612e+01
6.057531676897342265e+01
8.158639927010163717e+01
1.107870986358500147e+02
5.074405280747768643e+01
6.115182863450979056e+01
7.766654088724136784e+01
5.618964448165075964e+01
6.839305486428108338e+01
5.479897148290045550e+01
9.811374887776685227e+01
1.020353395093070077e+02
7.681175939903674532e+01
8.140266551723800603e+01
8.496803288118506714e+01
7.014169123108526094e+01
9.907899159205915396e+01
8.119481508963916383e+01
8.413564307892346505e+01
9.362689086917356462e+01
8.115016257630830410e+01
5.450716149719823989e+01
8.822599314654890179e+01
9.933190435643579974e+01
9.006029715852477580e+01
8.668398772894740034e+01
6.822212011234040574e+01
7.413370353813945712e+01
1.045578275386036040e+02
9.586383217577815685e+01
1.005959481904280324e+02
9.295158220546579741e+01
9.724121164937830031e+01
7.982492774500614985e+01
9.299065900004409002e+01
6.516088711767835662e+01
7.228363987223320919e+01
9.999432320711201783e+01
1.080768325071251468e+02
1.185796663158593276e+02
8.839706573300821901e+01
9.655706545215174685e+01
8.286216334626114133e+01
6.735316103255698295e+01
9.456040901094964113e+01
8.773083834325706221e+01
1.051183498831088059e+02
1.172984101700659920e+02
1.115914158104628484e+02
9.720540362957187597e+01
9.236878276386165965e+01
1.011363537292073147e+02
1.011779972028358969e+02
1.227781248651131563e+02
5.651487059365311438e+01
1.117592334139204553e+02
1.273707939663668469e+02
1.308781700169072053e+02
1.111441184904834358e+02
1.057615671830840256e+02
1.215510239599925484e+02
1.172994075433124550e+02
1.007661182893126863e+02
1.270086683654706121e+02
1.386567538482255770e+02
8.795171285108538939e+01
6.070714430271520712e+01
1.192896389715466512e+02
1.193458329921076597e+02
1.273728693829269076e+02
1.177818200553466994e+02
1.075401408127302716e+02
8.535394322527565691e+01
1.253992664121442431e+02
1.340874241131143094e+02
1.128162099532517573e+02
1.483115321117014389e+02
5.852537439212768078e+01
7.223915464551284060e+01
