6.189441979082076983e+01
8.974790818282771454e+01
1.173462041096261999e+02
7.739300306505633387e+01
8.400406938769013721e+01
1.419630778663454862e+02
1.393348412973091399e+02
5.276237588899782338e+01
7.570659285080265022e+01
9.206747406871254213e+01
6.106110605599344865e+01
6.774253771043856887e+01
1.258815637152641358e+02
1.021272176898328041e+02
1.210581141355789327e+02
6.562743706298215329e+01
1.117564981473049812e+02
1.111572085461645543e+02
1.282987882089669824e+02
8.266088980890677362e+01
8.695337790278085777e+01
5.691707120322556079e+01
6.441962445769819112e+01
1.192435923817550076e+02
9.389643400158075792e+01
1.100726116857552199e+02
1.250685753878080533e+02
8.180627836033592359e+01
9.758114535035053905e+01
1.128638434820038867e+02
1.347270388127900276e+02
9.673966458631439025e+01
8.005428855008187838e+01
9.847528853550227268e+01
1.224669321760256935e+02
5.449802255837963116e+01
3.723968928551281010e+01
4.461063187324887025e+01
8.388453016981713972e+01
6.690064659321394913e+01
7.333510112793857161e+01
8.543519179129738461e+01
9.797965748380855189e+01
8.576147585032775567e+01
1.004289770956715557e+02
1.157568527844818220e+02
7.390472484265633568e+01
8.964831238399324320e+01
1.054099338087069526e+02
1.292154815511713650e+02
4.039750189346097642e+01
5.165773125937179344e+01
9.748289775162184867e+01
7.790039248064188371e+01
8.721660089385656534e+01
1.091498095755655697e+02
1.001225048121828252e+02
1.255859576426286566e+02
1.134633291054041848e+02
1.526945170709932711e+02
1.385196124067577728e+02
1.356489218246387338e+02
1.213611533391259911e+02
1.495092021123678308e+02
1.201046770190155115e+02
1.388036685393242351e+02
1.597542393929865057e+02
9.977470147897408026e+01
1.697530792718238786e+02
1.257148852432912918e+02
1.388808589308722787e+02
1.709774173410591231e+02
1.464707689096900367e+02
2.004163519596660024e+02
1.869307895429877817e+02
1.142225830218795437e+02
1.394690480427827310e+02
1.777756286141436419e+02
1.023177042018217264e+02
1.417792548244696889e+02
1.341317875155110357e+02
1.199645992401598562e+02
1.108055472429473127e+02
1.438731722712252576e+02
9.807057889953014751e+01
6.676569522012756863e+01
7.414203476750941491e+01
9.083218705174031982e+01
7.791018371572017998e+01
9.002726259523839758e+01
1.112312980888972618e+02
1.437709471322550030e+02
8.787973109672509509e+01
1.347473777008268314e+02
1.452183537245612968e+02
9.248984455050998577e+01
9.539134687934428314e+01
1.209503427148295316e+02
1.605158617054695753e+02
6.509662525541776290e+01
9.212628293216148734e+01
9.023936982395436246e+01
4.290726357416482273e+01
5.183004302584221534e+01
6.561155915577940334e+01
5.777302242148351752e+01
6.871806311012394985e+01
1.037829277951344835e+02
6.714586955659854084e+01
1.286559947790161971e+02
1.066286059296608784e+02
2.125726755957834655e+02
9.146843645017381164e+01
1.420475781641090691e+02
1.382414891062212803e+02
8.900718193727998084e+01
9.320823313585174219e+01
1.176817906653761270e+02
1.556079504977057013e+02
8.295241738286934208e+01
1.021117345316797156e+02
8.898008352472199078e+01
1.071753926671658519e+02
1.615920205869885251e+02
9.821408588650908200e+01
1.548253048483454961e+02
1.762028558288294846e+02
1.011084169020110153e+02
2.043334429844431668e+02
7.899222835246790453e+01
1.239817043251096891e+02
1.363266416168633839e+02
8.998377169978662948e+01
8.727455299538742395e+01
7.119800197859115087e+01
8.396161899276025053e+01
1.218985186147355080e+02
7.390009912052521202e+01
8.888028127563633518e+01
1.789707199277015093e+02
2.278684150159114949e+02
1.583719418119464990e+02
9.175742908194213499e+01
1.867651019346948260e+02
7.003539190286139160e+01
1.105914968593722989e+02
6.624643954296487891e+01
7.881846598718404096e+01
1.111263026693659839e+02
6.782846593821876979e+01
8.267170305384686912e+01
1.463711924255594568e+02
1.478628126442818598e+02
2.192417564905404106e+02
1.600523387494389169e+02
9.111391461703728112e+01
1.822736414535411882e+02
9.600415489984548856e+01
1.282539035452346639e+02
7.793453662133508431e+01
9.593334078485294469e+01
1.701347963687125571e+02
2.274689231090737849e+02
2.053521077474479455e+02
1.563663005745930832e+02
1.141763866660355973e+02
6.811174120370475293e+01
8.423962903174979999e+01
1.485025623725402681e+02
1.948230456086973277e+02
7.666106020461468518e+01
1.830232642530691294e+02
5.333411335873582004e+01
7.215260999165390388e+01
1.325914130918354772e+02
1.762851694616036582e+02
7.140703692597544716e+01
8.764529557277759864e+01
1.648972462345670920e+02
2.186142494759142494e+02
9.141699362970938125e+01
8.276139546689219628e+01
1.032019933176947575e+02
4.452788748229340854e+01
8.143577343004999136e+01
3.866594922919751554e+01
7.196076081915980183e+01
7.751563932662240575e+01
5.687481796761382924e+01
6.953135712733801199e+01
8.034597261121267309e+01
9.737984275939363954e+01
1.257515719876174103e+02
6.925791543299300201e+01
1.035278396284638802e+02
6.873912534831657695e+01
1.262877996477456293e+02
1.731229043571192960e+02
6.863171348277660400e+01
1.040425012157725178e+02
1.141097859324519419e+02
1.002962446417877658e+02
9.266417079338815199e+01
7.354387252948201592e+01
1.068444152516092203e+02
8.829705882089079694e+01
1.194184707570458954e+02
7.880330862312065676e+01
1.476868317627043723e+02
1.128949628387073005e+02
1.118280357428197220e+02
1.480617873019708668e+02
9.780921234691338384e+01
9.945058439467669587e+01
1.319425096472069470e+02
1.454532554345413473e+02
1.238280957043158139e+02
1.162067332915202655e+02
1.046904927521133573e+02
9.017910944228621872e+01
1.309804399987210388e+02
1.551710968073956280e+02
1.237347929694196864e+02
1.199818282356507950e+02
1.035139990424537757e+02
8.262306778912919469e+01
1.514432376183460747e+02
1.640694585641785750e+02
2.130568368403677368e+02
1.471876550827185781e+02
1.339359150034962624e+02
1.266110710213827559e+02
1.438636922648190364e+02
1.011902316651492555e+02
1.187621311060879066e+02
1.660252101520931092e+02
1.786030081019734155e+02
1.640248083483173502e+02
1.433018046899937019e+02
1.523263885905820416e+02
1.298304594361436273e+02
1.263956283655912358e+02
1.351939924128342909e+02
7.288846249518233833e+01
1.694026595646804481e+02
1.659119333630580115e+02
1.574797849183967742e+02
1.494887934281953505e+02
1.584628267447151018e+02
1.424114856492423371e+02
1.303212293886354587e+02
1.191306818169515367e+02
8.068826820018657031e+01
1.686598474653096957e+02
1.872379830412382660e+02
1.680349390151054649e+02
1.432809245211203972e+02
1.498892872589697731e+02
1.685611199229850001e+02
1.466914380345712914e+02
1.312384098596721174e+02
1.153379923624621171e+02
1.605018910819742928e+02
7.440464408127326124e+01
9.297039530024137832e+01
1.790508585161952055e+02
1.746425405841922043e+02
1.837778944710915425e+02
1.618692280128923358e+02
1.562523521229257710e+02
1.476861076561910409e+02
1.326948119600046141e+02
1.625927767706774887e+02
1.141785731225771627e+02
9.156572509485508249e+01
1.069962355398066904e+02
1.371178991368173854e+02
7.196076081915980183e+01
8.157787470959378595e+01
8.383147963040711659e+01
8.499872076095894613e+01
5.850716115054890309e+01
8.434584177841578878e+01
6.385773639339200258e+01
5.937930813944842612e+01
8.856818309192716754e+01
7.719145475089777619e+01
8.842710720195609042e+01
1.254953353944082579e+02
9.057660165212489289e+01
8.534971426119540183e+01
1.114621922499353843e+02
1.684546108388879020e+02
9.353497199049036226e+01
8.555768074970194448e+01
1.161283600628907067e+02
1.675186690581115272e+02
8.560059532100065383e+01
5.295889439483259054e+01
8.721290575626385078e+01
1.237696071668150495e+02
1.842744247653139098e+02
1.002794576764733563e+02
7.106432172318038454e+01
9.737007245231396269e+01
8.802803584118829860e+01
1.284789144775334080e+02
1.956151784273905889e+02
1.121006669710665733e+02
8.692704189221679201e+01
1.239069938653298806e+02
8.792003107823971675e+01
1.301727763107213320e+02
1.997150956750800788e+02
1.182986336916690533e+02
9.741418220555944174e+01
1.426352497112750939e+02
8.821314903706307575e+01
1.323801735634285706e+02
2.058987772502785560e+02
1.263598651701953486e+02
1.103069743250190982e+02
1.706739216067533391e+02
1.184482755559889995e+02
1.008617197708177287e+02
1.077108183186818309e+02
8.822128564203934786e+01
1.334907929257958301e+02
2.091397424676800370e+02
1.315417767728094702e+02
1.197926736860559487e+02
1.930634689956614807e+02
1.372931330510770351e+02
1.207786216142668820e+02
1.301351213144449730e+02
1.095343742783518337e+02
1.325729938183986860e+02
2.067308538304220065e+02
1.312976692247043218e+02
1.224554623294411186e+02
2.009963879327052041e+02
1.430605044951541345e+02
1.262324962520355740e+02
1.318637665572122728e+02
1.006034799005682743e+02
7.254313319304795016e+01
1.336074462093129682e+02
2.096944003306077491e+02
1.354633264197588574e+02
1.299583213320299819e+02
2.202301647280215207e+02
1.618804294107705175e+02
1.491535692161385214e+02
1.631432373448666624e+02
1.308322383197620411e+02
1.096948479247127324e+02
1.185980607860120131e+02
8.772705424428980336e+01
1.341504196371048465e+02
2.112772648103073436e+02
1.381273258173872591e+02
1.353244876807614503e+02
2.348383930814414953e+02
1.904990055657104051e+02
1.584073016499351922e+02
1.449845306147769293e+02
1.786830370868484010e+02
8.725303058195295591e+01
1.333340495042135956e+02
2.090751531765221785e+02
1.371168937844461482e+02
1.357730854869278403e+02
2.378609012824230149e+02
1.800923354689522000e+02
1.731987950569779855e+02
1.966645563810836848e+02
1.625562449877641598e+02
1.524409525753328865e+02
1.917518315147058843e+02
9.130754634783735924e+01
8.653684242971618801e+01
1.318347063638808834e+02
2.049806382923957528e+02
1.341703130816649150e+02
1.334298832220825375e+02
2.339853247556805798e+02
1.894688385524927128e+02
1.524091472718504860e+02
1.422135573014763565e+02
1.753685113436535516e+02
7.995182453029322289e+01
6.480194683048833326e+01
8.661831193418714747e+01
1.322691948595513907e+02
2.061478678807085885e+02
1.358316713256285766e+02
1.366154999460119086e+02
2.428173070413978678e+02
2.079653051406905035e+02
1.709543269146946614e+02
1.651822483602027773e+02
2.120821163260106346e+02
1.018069357429990447e+02
8.991484629945793472e+01
1.201701574085055597e+02
1.682054436090099614e+02
1.160505540114843654e+02
1.791335505235800554e+02
1.215205791185153856e+02
1.262688613711341503e+02
2.292252870662503312e+02
1.780103575196133647e+02
1.692243281729915338e+02
1.646253656554746954e+02
2.121100016346384223e+02
1.020157681214412690e+02
9.017241601120878158e+01
1.204287498844928024e+02
1.682967852827530351e+02
1.461486969884197435e+02
1.033741271889163755e+02
1.122670523102908504e+02
2.096573288769037333e+02
1.664476582281070591e+02
1.690432721429243088e+02
1.630301355770379530e+02
2.113128417089758102e+02
1.020034307158448428e+02
9.033344966183558711e+01
1.206338479435035964e+02
1.683665848067606134e+02
8.592259412326031054e+01
9.813885668903340331e+01
1.886437596073903080e+02
1.533434606287634381e+02
1.597175128958897119e+02
1.909833484694454171e+02
1.616285878531951141e+02
2.101569931383498329e+02
1.019325957161702547e+02
9.050028452453076966e+01
1.208630511190521446e+02
7.823614478907661862e+01
1.583402682189509392e+02
1.339726883368676340e+02
1.450193595720639337e+02
1.784592053652224024e+02
1.543104956118160374e+02
7.583792047800717739e+01
1.566725924984863809e+02
2.072708529487556746e+02
1.013799290945791967e+02
9.044622804418416706e+01
1.209646391821522258e+02
1.684723269849316694e+02
1.360027977650090065e+02
1.181696895339611899e+02
1.326559877623095360e+02
1.675340026669774716e+02
1.476861076561910409e+02
1.530837032775951343e+02
2.051341815739201877e+02
1.011729141330483799e+02
9.066342058631499867e+01
1.212962196859768795e+02
1.685846001838702648e+02
1.208944018316215221e+02
1.343526814798500197e+02
1.682275411885098322e+02
1.475130103619114550e+02
1.544383831410427206e+02
2.076373687343838128e+02
1.026085948666598284e+02
9.191636526860797574e+01
1.224014331856828903e+02
1.689749779704893626e+02
1.166623624457068900e+02
9.520619825287015203e+01
1.130824708627754518e+02
1.480530845792058017e+02
1.345869096211633860e+02
1.463980381695352548e+02
2.019198250716140421e+02
1.015779233858666117e+02
1.227177919242249260e+02
6.101313617992833116e+01
8.435583364757411573e+01
1.197629717070656881e+02
1.157381804495178557e+02
1.334749229227087142e+02
1.917102567136362836e+02
9.928544941788615574e+01
9.140779883920062332e+01
1.227937048456232247e+02
1.690963774787748832e+02
1.069158099684645578e+02
1.275408312500812826e+02
1.874140890489036622e+02
9.919942538133199150e+01
9.244421487488112632e+01
1.240995473301835972e+02
1.695464128422562169e+02
9.581425138805903430e+01
9.076599751872232957e+01
1.139648856805052191e+02
1.743162778448572112e+02
9.631121015654649398e+01
9.224658237711781794e+01
1.247940735079433523e+02
1.697735552510137893e+02
7.500739982926664595e+01
9.856971782817923611e+01
1.562378923494257776e+02
9.156572509485508249e+01
9.146628957435881091e+01
1.254679416845323061e+02
1.699871655615495456e+02
9.693815069802393225e+01
1.445592100156899278e+02
8.815226222229347286e+01
9.202451308548538123e+01
1.275923406394824156e+02
1.706447928806932168e+02
1.255777674156011443e+02
8.043338913541617785e+01
9.046586200433628733e+01
1.292002679158909189e+02
1.710792405737348076e+02
6.401288740324245907e+01
8.435309215377057512e+01
1.296544992720359062e+02
1.712384684206744510e+02
8.623414608485579436e+01
1.384846343729578280e+02
1.739689449455999011e+02
1.106100853456063788e+02
1.650500556548853126e+02
1.371178991368173854e+02
