8.132202950096099414e+01
7.283615719297034730e+01
9.240988297380235394e+01
1.021556799957974846e+02
4.722634407313092453e+01
6.983731846172884161e+01
5.894115020540530026e+01
6.273815173522390154e+01
5.588233972668110994e+01
7.099283149668661963e+01
7.818668105465674500e+01
3.666248205578545338e+01
4.996163993448457319e+01
5.470344957010615161e+01
5.517931111740686134e+01
3.536261464338985405e+01
5.359046828121822870e+01
4.599117898941867111e+01
5.613794446746851463e+01
5.328135498621249155e+01
6.733872344358044870e+01
7.289185479657513156e+01
3.462040141636298074e+01
4.787743221243015057e+01
6.037005192343065829e+01
3.962843846053311836e+01
6.178983308800415131e+01
5.867308497718832427e+01
3.869988002068402722e+01
6.035016340649193012e+01
4.926710330509491342e+01
4.552588314815923098e+01
5.106918472794922792e+01
5.071582305870404639e+01
4.610899102949316131e+01
6.456332498857069879e+01
6.624325216751280720e+01
4.418315552149362446e+01
5.599003747011742149e+01
3.970125954460448980e+01
4.413003478507046395e+01
5.194801530164917125e+01
3.764526724148281289e+01
4.180850401578171471e+01
4.953441403411252253e+01
5.091876454413446851e+01
3.406544203376513025e+01
5.240653504621482028e+01
4.274989261724567768e+01
2.704693514354376305e+01
3.796632330309175529e+01
4.802274288366413657e+01
3.438650985284420614e+01
2.846673872808437977e+01
5.246127332512958219e+01
3.743141082091079141e+01
5.874629556056794399e+01
5.496961861165321039e+01
4.480135495977106785e+01
3.217760137630747153e+01
5.897086096466915706e+01
4.205210002150055715e+01
3.894083076432607271e+01
4.137174059715941610e+01
4.907756311854694076e+01
4.486597515131162339e+01
5.685807893571017502e+01
4.154113750275638495e+01
3.405479088960920109e+01
5.982030911541392015e+01
5.614763768097071051e+01
4.535517557289472279e+01
6.450558860031146935e+01
4.170022120989656145e+01
4.946336912065565627e+01
5.868641146999694058e+01
5.495634530815932806e+01
4.410541458751081478e+01
3.490197927929352772e+01
6.287507300663830279e+01
4.484924939178170433e+01
3.538576848278412967e+01
6.135191129542141653e+01
6.683245972783308275e+01
4.328732383164686581e+01
5.140069413859912828e+01
3.378658979972012588e+01
4.113286572949425590e+01
3.396256459742404843e+01
3.577367504358262806e+01
4.824973390470132983e+01
3.176735303605418537e+01
3.839997768322999150e+01
3.987367795488963651e+01
3.824757048628958955e+01
3.105860350633507849e+01
1.659352971627037476e+01
2.761065168480072174e+01
2.956852237476904577e+01
1.943534649494874955e+01
1.983288989167029470e+01
2.237890948529078727e+01
3.734970574825321421e+01
3.716257379045278242e+01
2.794642223526810199e+01
3.407779672677727945e+01
2.675161698365112528e+01
2.772928368987620473e+01
3.397312942739947772e+01
2.154724540361780072e+01
2.590895328064355851e+01
2.070473524663406550e+01
3.402011803015165015e+01
3.648785764771493945e+01
2.396280802822851896e+01
3.324320616840602582e+01
