7.452880425694776534e+01
4.751978514547329269e+01
9.206109925709534991e+01
1.013027231930766021e+02
1.023546255773107703e+02
4.723443876551944243e+01
3.078602093533110207e+01
5.711722564960124515e+01
6.181027396628412873e+01
3.318258572178704924e+01
5.253175046728014763e+01
6.365586198602706247e+01
6.347521468283528634e+01
6.501427579018057656e+01
6.682156137842569876e+01
9.564643742838474338e+01
3.971933149766442739e+01
7.230806195023224348e+01
7.241596383088484856e+01
3.848787608906532398e+01
6.211506662157983527e+01
8.037020474927120972e+01
7.540694623993358903e+01
8.343022202491123096e+01
7.903767173811871771e+01
7.362124296237192311e+01
8.076662729085069259e+01
9.789439486132692991e+01
6.379396253018705920e+01
7.760916712330798362e+01
7.818457511792490777e+01
1.078751740400107195e+02
9.279815758617476718e+01
7.941887123960644601e+01
3.992597796114714725e+01
6.475249673067681044e+01
8.295401460486488077e+01
7.174171997066390816e+01
7.641849579528198433e+01
1.140707558971284357e+02
5.442716058943476298e+01
5.916604003069902973e+01
9.021510599718047274e+01
5.724573361873604682e+01
5.489975242857340731e+01
6.198801344984102712e+01
7.815093992696594682e+01
4.039686708165660889e+01
3.301991033427639621e+01
4.256180032111839040e+01
3.732409816799881952e+01
4.515925868834778356e+01
3.872517076973888095e+01
6.298097292914535217e+01
5.432390333945593852e+01
9.072103034229895968e+01
8.981351996748338706e+01
7.391992016209457006e+01
6.333393019708280747e+01
1.029028456864305667e+02
5.888915176019371955e+01
6.325292200936943487e+01
9.401092794387687945e+01
6.176329263348365828e+01
7.967776904848706465e+01
7.120015025102155448e+01
8.671082743034786233e+01
6.406590700542668060e+01
1.075849069696925540e+02
1.093660089842814642e+02
1.316271525018254067e+02
6.566785119610331378e+01
1.113415264015607704e+02
1.038804265816842900e+02
8.245391023185874246e+01
1.261956813837385170e+02
8.398448928124537360e+01
5.475104713603811035e+01
9.305990093824344456e+01
9.865579867808355630e+01
6.357074409654688907e+01
8.600640930739612600e+01
1.242914432139755831e+02
6.346583786103018809e+01
1.042034120263048464e+02
1.000789135650271504e+02
4.407501345758440436e+01
5.553012521627614717e+01
4.486471359647399737e+01
6.663315098131847947e+01
9.458254031339284040e+01
1.137239923483243871e+02
5.935997926237594413e+01
6.806819941515816197e+01
6.755485989089078203e+01
9.228593249721387792e+01
1.216196143737102631e+02
1.076188146632321008e+02
1.039291498476334681e+02
6.714960094863384654e+01
5.592281920404562356e+01
8.263249989074110147e+01
1.150623988404150282e+02
1.373092036772537767e+02
7.118728304181171040e+01
9.806700804461623022e+01
1.140754945227561734e+02
6.619647101356186170e+01
6.143884706775735793e+01
8.500277538100763763e+01
1.184427253335334171e+02
6.382909056443433826e+01
4.488524023200580615e+01
6.679544212760036714e+01
9.110272082772446822e+01
1.076706176203542356e+02
5.665964172040578006e+01
6.046580383460091213e+01
1.074418083348152635e+02
6.920663619091553187e+01
6.290901612271515120e+01
8.732092468164691468e+01
7.946207467578143735e+01
1.058487377079657676e+02
1.236989352349035443e+02
6.647700526923689779e+01
7.224592871497726776e+01
1.261252864933425712e+02
1.007110422152128137e+02
5.623422300803826346e+01
6.470040450733598902e+01
7.482853137174376457e+01
4.193107233060364791e+01
4.708912956488239132e+01
8.280924902343092242e+01
8.554393275575732503e+01
9.819052539150602854e+01
7.996080448089225001e+01
4.962326379912479979e+01
5.960031015979780022e+01
1.069716449386967554e+02
1.107665454403879153e+02
5.516467749649631003e+01
7.337374164591392400e+01
1.347341860101667805e+02
1.392911299902833662e+02
7.694869505450897407e+01
1.414218096296785916e+02
1.427599888667634502e+02
6.657913665550383087e+01
6.249064199048892476e+01
4.753357774115720247e+01
4.317293228948553008e+01
4.114084095491594439e+01
5.303368130102212064e+01
4.262329594076377504e+01
8.342965454817787929e+01
4.174330764486866485e+01
7.091817662162517877e+01
3.772877241300447793e+01
7.334956425800908164e+01
4.227489037259732640e+01
7.752829790698883983e+01
8.767377337180231223e+01
7.457617795612826228e+01
4.536535146422647813e+01
8.881619654709665213e+01
1.056738939355604430e+02
7.383305598185550878e+01
4.592566517093524681e+01
9.247835641819982300e+01
1.124717626599378946e+02
5.410025794870912108e+01
5.209939639100537079e+01
7.395586950393430925e+01
4.703380852267192580e+01
9.779434027642469118e+01
1.235630782551453564e+02
6.159187741361270696e+01
6.691519861985271689e+01
7.324495099819630184e+01
4.071907378979692282e+01
7.344997859575587995e+01
4.719796440010163963e+01
9.963824111882306056e+01
1.284416772636809014e+02
6.564236471007951934e+01
7.669358233892498333e+01
8.464629886970556072e+01
5.805237327027558081e+01
7.378006860412347123e+01
4.808507422266502118e+01
1.037688001122228769e+02
1.381188447894153342e+02
7.386457185282056059e+01
9.332778755009249494e+01
1.100478362234149188e+02
8.306130145362462258e+01
9.029828740886578942e+01
7.345910708354020358e+01
4.813334524081476928e+01
1.047538158934655144e+02
1.413941134367372854e+02
7.748229727038223302e+01
1.027399021830016750e+02
1.250274696628651157e+02
9.776267165142094484e+01
1.110013446267652881e+02
6.683950266439981647e+01
7.261366208039206072e+01
4.751701514594159192e+01
1.031895546753227535e+02
1.392222519435933634e+02
7.689834208370122326e+01
1.047958971981088894e+02
1.287605089973214660e+02
1.015262134699844268e+02
1.157336119358359383e+02
7.095379867801311491e+01
7.864492116615372197e+01
7.166853344675281789e+01
4.671813612567896001e+01
1.008019510027900338e+02
1.350433972744081075e+02
7.453186979871075835e+01
1.031243091993601979e+02
1.264332668613580921e+02
9.911370857185431760e+01
1.111136312936432518e+02
6.734769146585335875e+01
7.609642737377394894e+01
7.573516831255392390e+01
7.167732877239565425e+01
4.689442872851800104e+01
1.017282966553368624e+02
1.374672119917937039e+02
7.706087783912222733e+01
1.095207572456722858e+02
1.292770516301941939e+02
8.238991707007195942e+01
1.009835242145718865e+02
1.157625412994661787e+02
1.034838296217018723e+02
7.168399770895970846e+01
4.703363267102830036e+01
1.024583125149318761e+02
1.393941654442724882e+02
7.912773787735220310e+01
1.149193320205323374e+02
1.465428748949055375e+02
9.717935126970424164e+01
1.258853625260912139e+02
1.559493362280444444e+02
1.551134280727821420e+02
7.134452603670756332e+01
4.677663208139912143e+01
1.017468946429780203e+02
1.382643252529222480e+02
7.873535300523255387e+01
1.156649561311221674e+02
1.497958972111333935e+02
1.255406204223590834e+02
1.513106430584019506e+02
1.016969734801266441e+02
1.339944190390653489e+02
1.688821553934760118e+02
1.681698310260497635e+02
6.875587070850986038e+01
4.029173961257379233e+01
7.102856881008209200e+01
4.652651504161499929e+01
1.010257159950391639e+02
1.370528063478166416e+02
7.819977747362227660e+01
1.159074996023232558e+02
1.551118103379110948e+02
1.056526356589831011e+02
1.415313976655810677e+02
1.818276364863301922e+02
1.838523310548858092e+02
7.478210396540002591e+01
5.686851093456014894e+01
7.508689229543104204e+01
7.274604762516793244e+01
4.690712706939441290e+01
9.830113890002897392e+01
1.296094565260698630e+02
7.420928826754631302e+01
1.119666934050390381e+02
1.468640134023314090e+02
1.250867361141015408e+02
1.527712021243425795e+02
1.047051447358268490e+02
1.408886991223527616e+02
1.815809367033822070e+02
1.839873857609849779e+02
7.489283815510574982e+01
5.695667642006552711e+01
5.586553761472242741e+01
3.903522181185983442e+01
8.270057386980735714e+01
1.092606700392192778e+02
6.439477486178876120e+01
1.007136518333578721e+02
1.352134145993853451e+02
1.176323749865064912e+02
1.016137250512859254e+02
1.382730766934314772e+02
1.796734374255527769e+02
1.830788043848526172e+02
7.476305383938142768e+01
5.695205688483827089e+01
3.948788545329191635e+01
7.764226713598196739e+01
9.541814777098950628e+01
5.674524087882674905e+01
9.174296386044093765e+01
1.253076234936669664e+02
1.110403033264134081e+02
1.398493538606207949e+02
9.873047510104335345e+01
1.358521382736926455e+02
1.779867387963880390e+02
1.823944013359443375e+02
7.471110036741708882e+01
5.699156254496239171e+01
7.520256559889236314e+01
8.765559732313269592e+01
8.766426915903954864e+01
5.049083370154833972e+01
8.393502580621978382e+01
1.158160898317371874e+02
1.043528904766299803e+02
1.331705154082357296e+02
9.553723641524331356e+01
1.816428040435212097e+02
7.467124126874693957e+01
5.705073484711345344e+01
5.651912192978315375e+01
6.524816833155857410e+01
9.517098747912443457e+01
9.001601131874198813e+01
1.192980991513888682e+02
8.858583240728064823e+01
1.267670080193989861e+02
7.420284165975725443e+01
5.695228289556511214e+01
3.583400857296322783e+01
8.957691685055584685e+01
8.488801718046947542e+01
1.127375265899515284e+02
8.508847249947939417e+01
1.234620111225226111e+02
1.686313532804798569e+02
1.781260908234875444e+02
7.422917904253698396e+01
5.708566164647707097e+01
7.534929389014433809e+01
6.516341654189375276e+01
6.675518200869186103e+01
9.134394181839705595e+01
7.339087639342010050e+01
1.117051172869570195e+02
1.590535794329706789e+02
1.738719596929329327e+02
7.392708267566794689e+01
5.734474946718697907e+01
7.559626250563526639e+01
5.196327918962867187e+01
7.479523625994490033e+01
6.398270022678068614e+01
1.015338102995640952e+02
1.498552223136612156e+02
1.690240252086793475e+02
7.331366537259653171e+01
5.739944928360922916e+01
7.571933472933061182e+01
6.983979793354451715e+01
6.033800626958657176e+01
9.564600161816223078e+01
1.428995701343317819e+02
1.654031970695815232e+02
7.319580630077902583e+01
5.777856308042660061e+01
7.602069526177071168e+01
5.038479611230550859e+01
8.300550887928696397e+01
1.280781732933382955e+02
1.557826392531317197e+02
7.184756157362696172e+01
5.786254041563229578e+01
8.075243708991428093e+01
1.188053059207587978e+02
1.477508307604330184e+02
7.117741690296085721e+01
5.854670879472149636e+01
7.681978369586508393e+01
8.500345047326919712e+01
1.196624660059774499e+02
6.531795019309340944e+01
5.766611108924553264e+01
7.692753692313360148e+01
9.561643215218214209e+01
6.007665648404591963e+01
5.792475835556293617e+01
7.784479007291831465e+01
5.727110479908839125e+01
6.179584129035155371e+01
8.112592345876022648e+01
6.936468645059350990e+01
8.872766839129518246e+01
8.131918177124246938e+01
4.317293228948553008e+01
6.131962198645128836e+01
7.063403707877627369e+01
3.813960647054276620e+01
5.745934970263805752e+01
7.048427671211968004e+01
8.882356545703552797e+01
4.303972224300901672e+01
8.315683099500967046e+01
9.240987901318591469e+01
7.148554372662776757e+01
8.404565665088858850e+01
1.116674570555221919e+02
5.208077927381492600e+01
6.755645809866985019e+01
7.883288299517326436e+01
5.757090543366033586e+01
7.264365151750214977e+01
5.353788624740794688e+01
9.955321083687151429e+01
1.025450778360923607e+02
8.092636155548630938e+01
8.306408476568535093e+01
7.839435777614528433e+01
1.023436078055577809e+02
8.237543657896188165e+01
8.688709046795895574e+01
1.021194436802029770e+02
8.643044679339861602e+01
5.736797025163524921e+01
9.078445071416753365e+01
1.050809177997309263e+02
9.621473622356376154e+01
8.606943136528205684e+01
7.377298840973769245e+01
7.790597957117225292e+01
1.061045126531011817e+02
9.975115828786351813e+01
1.017365078432398207e+02
9.784009990488461028e+01
1.010309216253716329e+02
6.763193729503721841e+01
7.664023664040099959e+01
1.041488769301752058e+02
1.109224349583806912e+02
1.283308415778113556e+02
9.340856600890869288e+01
1.009871309742913468e+02
8.732501337938428776e+01
7.062903171120112233e+01
9.699190910216873363e+01
9.480418687013832368e+01
1.107883704637682740e+02
1.247400374326232111e+02
1.103613539257161023e+02
1.013269696933935506e+02
1.000719087665396216e+02
1.047204731781055642e+02
1.033195890553559622e+02
1.336331658192154919e+02
6.080356024012900207e+01
1.158387268079326873e+02
1.326873816381779250e+02
1.347697981097994102e+02
1.156677310146389743e+02
1.101524215486248011e+02
1.328993051133079177e+02
1.322174657650416805e+02
1.422981732731580564e+02
9.355968084497931159e+01
6.207209291871335211e+01
1.228522979119116201e+02
1.248809994236958829e+02
1.318472263160813043e+02
1.202138933516441739e+02
1.119608736754458675e+02
8.858583240728064823e+01
1.290002798268165236e+02
1.353785849277550994e+02
1.167113233832858583e+02
1.557826392531317197e+02
5.900140123198053743e+01
8.131918177124246938e+01
